5.928077697753906250e+00 -inf 5.928077697753906250e+00 6.923308849334716797e+00 5.624945163726806641e+00 6.900891780853271484e+00
5.940989494323730469e+00 -inf 5.940989494323730469e+00 6.921081066131591797e+00 5.732543468475341797e+00 6.891993522644042969e+00
5.960896015167236328e+00 -inf 5.960896015167236328e+00 6.917810916900634766e+00 5.764117717742919922e+00 6.886203765869140625e+00
5.981483459472656250e+00 -inf 5.981483459472656250e+00 6.913605690002441406e+00 5.763431072235107422e+00 6.881731033325195312e+00
6.005715370178222656e+00 -inf 6.005715370178222656e+00 6.908888816833496094e+00 5.761999130249023438e+00 6.876762866973876953e+00
6.030418872833251953e+00 -inf 6.030418872833251953e+00 6.903061866760253906e+00 5.752630710601806641e+00 6.871206760406494141e+00
6.052749156951904297e+00 -inf 6.052749156951904297e+00 6.898836135864257812e+00 5.718652725219726562e+00 6.869163513183593750e+00
6.073077678680419922e+00 -inf 6.073077678680419922e+00 6.896516799926757812e+00 5.656804084777832031e+00 6.870760440826416016e+00
6.092007637023925781e+00 -inf 6.092007637023925781e+00 6.896544456481933594e+00 5.596711158752441406e+00 6.874205112457275391e+00
6.110640048980712891e+00 -inf 6.110640048980712891e+00 6.897528648376464844e+00 5.548428058624267578e+00 6.877641201019287109e+00
6.129513740539550781e+00 -inf 6.129513740539550781e+00 6.899517059326171875e+00 5.508985519409179688e+00 6.881476879119873047e+00
6.147844791412353516e+00 1.401830434799194336e+00 6.147836685180664062e+00 6.902523517608642578e+00 5.519384860992431641e+00 6.884167194366455078e+00
6.165273666381835938e+00 1.423593044281005859e+00 6.165266036987304688e+00 6.907849311828613281e+00 5.564070224761962891e+00 6.887710571289062500e+00
6.181681632995605469e+00 1.731135964393615723e+00 6.181666374206542969e+00 6.914023399353027344e+00 5.645895957946777344e+00 6.889944076538085938e+00
6.199006080627441406e+00 1.717442989349365234e+00 6.198991298675537109e+00 6.917050361633300781e+00 5.749105930328369141e+00 6.886499881744384766e+00
6.214614868164062500e+00 1.430194258689880371e+00 6.214607715606689453e+00 6.917382717132568359e+00 5.865696430206298828e+00 6.877006053924560547e+00
6.229109764099121094e+00 2.807645320892333984e+00 6.228944778442382812e+00 6.916113853454589844e+00 5.977910518646240234e+00 6.862913608551025391e+00
6.243630409240722656e+00 3.082942962646484375e+00 6.243331432342529297e+00 6.914016723632812500e+00 6.058899879455566406e+00 6.848718643188476562e+00
6.256936073303222656e+00 3.179690599441528320e+00 6.256571292877197266e+00 6.912130832672119141e+00 6.135537147521972656e+00 6.832637310028076172e+00
6.268168449401855469e+00 3.419795274734497070e+00 6.267551422119140625e+00 6.910572052001953125e+00 6.217764854431152344e+00 6.812107086181640625e+00
6.281862258911132812e+00 3.574582099914550781e+00 6.281010627746582031e+00 6.908063888549804688e+00 6.268421173095703125e+00 6.794963836669921875e+00
6.298735618591308594e+00 3.665689468383789062e+00 6.297723770141601562e+00 6.904065132141113281e+00 6.307122707366943359e+00 6.777406692504882812e+00
6.321008682250976562e+00 3.438663721084594727e+00 6.320438861846923828e+00 6.898838996887207031e+00 6.342340946197509766e+00 6.757585525512695312e+00
6.350775241851806641e+00 3.422689914703369141e+00 6.350262641906738281e+00 6.890333652496337891e+00 6.364035129547119141e+00 6.736888885498046875e+00
6.377290248870849609e+00 3.306217670440673828e+00 6.376922607421875000e+00 6.882212162017822266e+00 6.372085571289062500e+00 6.721728324890136719e+00
6.402034759521484375e+00 3.245539665222167969e+00 6.401731967926025391e+00 6.873917579650878906e+00 6.365321159362792969e+00 6.712749004364013672e+00
6.431530475616455078e+00 3.090222358703613281e+00 6.431332588195800781e+00 6.863276958465576172e+00 6.340490818023681641e+00 6.708335876464843750e+00
6.471192836761474609e+00 3.139869213104248047e+00 6.470991134643554688e+00 6.847508907318115234e+00 6.306509971618652344e+00 6.700147151947021484e+00
6.507756233215332031e+00 2.235181570053100586e+00 6.507734298706054688e+00 6.831244945526123047e+00 6.266450881958007812e+00 6.693138122558593750e+00
6.533955097198486328e+00 2.943094730377197266e+00 6.533843517303466797e+00 6.818741798400878906e+00 6.222777366638183594e+00 6.691751480102539062e+00
6.553657054901123047e+00 3.512610197067260742e+00 6.553262233734130859e+00 6.808172225952148438e+00 6.203054428100585938e+00 6.684247970581054688e+00
6.569849014282226562e+00 3.591164588928222656e+00 6.569393157958984375e+00 6.799151420593261719e+00 6.189540863037109375e+00 6.676700592041015625e+00
6.584455490112304688e+00 3.936859846115112305e+00 6.583477497100830078e+00 6.790554046630859375e+00 6.168037414550781250e+00 6.672225952148437500e+00
6.596033096313476562e+00 3.924530029296875000e+00 6.595107078552246094e+00 6.783523559570312500e+00 6.147108554840087891e+00 6.669457912445068359e+00
6.606802940368652344e+00 3.911745071411132812e+00 6.605926036834716797e+00 6.775997638702392578e+00 6.121221542358398438e+00 6.667298316955566406e+00
6.617139816284179688e+00 3.810745477676391602e+00 6.616460800170898438e+00 6.767462730407714844e+00 6.072641372680664062e+00 6.669508934020996094e+00
6.627636909484863281e+00 3.520580530166625977e+00 6.627296924591064453e+00 6.758082866668701172e+00 5.999361515045166016e+00 6.674909591674804688e+00
6.637872695922851562e+00 2.704877853393554688e+00 6.637822151184082031e+00 6.748517990112304688e+00 5.908684253692626953e+00 6.680687904357910156e+00
6.647031784057617188e+00 3.196898221969604492e+00 6.646877765655517578e+00 6.739385128021240234e+00 5.830952644348144531e+00 6.682151317596435547e+00
6.657277107238769531e+00 3.043204307556152344e+00 6.657171726226806641e+00 6.728838443756103516e+00 5.779542446136474609e+00 6.677062988281250000e+00
6.665497779846191406e+00 3.153904199600219727e+00 6.665362834930419922e+00 6.720453739166259766e+00 5.722838878631591797e+00 6.674430370330810547e+00
6.674275875091552734e+00 3.194295406341552734e+00 6.674132823944091797e+00 6.710976600646972656e+00 5.699286460876464844e+00 6.666499137878417969e+00
6.682772159576416016e+00 3.159265518188476562e+00 6.682641983032226562e+00 6.700859546661376953e+00 5.689092159271240234e+00 6.656390190124511719e+00
6.691039085388183594e+00 3.099058866500854492e+00 6.690927982330322266e+00 6.690179347991943359e+00 5.712724685668945312e+00 6.641842365264892578e+00
6.696152210235595703e+00 2.913801670074462891e+00 6.696081161499023438e+00 6.680009841918945312e+00 5.757980346679687500e+00 6.624657154083251953e+00
6.699534893035888672e+00 2.951958179473876953e+00 6.699457645416259766e+00 6.668965339660644531e+00 5.809946060180664062e+00 6.604295730590820312e+00
6.704280376434326172e+00 2.961555719375610352e+00 6.704202175140380859e+00 6.656457901000976562e+00 5.853298664093017578e+00 6.582110404968261719e+00
6.710913181304931641e+00 3.406050920486450195e+00 6.710698127746582031e+00 6.642368316650390625e+00 5.892425060272216797e+00 6.557318687438964844e+00
6.720698356628417969e+00 3.498391866683959961e+00 6.720438003540039062e+00 6.623853206634521484e+00 5.918460845947265625e+00 6.528534412384033203e+00
6.731834888458251953e+00 3.528628110885620117e+00 6.731562137603759766e+00 6.602345943450927734e+00 5.929432392120361328e+00 6.498669624328613281e+00
6.745429039001464844e+00 3.441095113754272461e+00 6.745213508605957031e+00 6.575020790100097656e+00 5.943458557128906250e+00 6.459486961364746094e+00
6.760484695434570312e+00 3.496629238128662109e+00 6.760247230529785156e+00 6.544209480285644531e+00 5.959559440612792969e+00 6.413308620452880859e+00
6.775522232055664062e+00 4.347406387329101562e+00 6.773899555206298828e+00 6.508966922760009766e+00 5.973153114318847656e+00 6.359491825103759766e+00
6.788340568542480469e+00 4.706487655639648438e+00 6.784729480743408203e+00 6.473558425903320312e+00 5.981486797332763672e+00 6.304753780364990234e+00
6.798619270324707031e+00 4.941670894622802734e+00 6.792539596557617188e+00 6.440958499908447266e+00 5.983967304229736328e+00 6.254440784454345703e+00
6.806056499481201172e+00 5.053940773010253906e+00 6.798301696777343750e+00 6.412353992462158203e+00 5.983174324035644531e+00 6.210148811340332031e+00
6.812652111053466797e+00 5.143867492675781250e+00 6.803239822387695312e+00 6.386111259460449219e+00 5.982423305511474609e+00 6.168052673339843750e+00
6.819234371185302734e+00 5.272571086883544922e+00 6.806721210479736328e+00 6.359918594360351562e+00 5.980306625366210938e+00 6.125407218933105469e+00
6.825417995452880859e+00 5.369054317474365234e+00 6.809961318969726562e+00 6.334434986114501953e+00 5.973548412322998047e+00 6.086001396179199219e+00
6.830816745758056641e+00 5.419547080993652344e+00 6.813634872436523438e+00 6.306841850280761719e+00 5.955880641937255859e+00 6.050589561462402344e+00
6.834782600402832031e+00 5.461746215820312500e+00 6.815984725952148438e+00 6.285168170928955078e+00 5.941040515899658203e+00 6.023343086242675781e+00
6.837337493896484375e+00 5.495502948760986328e+00 6.817105293273925781e+00 6.263893604278564453e+00 5.919248104095458984e+00 6.002495765686035156e+00
6.839808464050292969e+00 5.514584541320800781e+00 6.818768978118896484e+00 6.242842197418212891e+00 5.887371063232421875e+00 5.990182876586914062e+00
6.842398643493652344e+00 5.508453369140625000e+00 6.821786880493164062e+00 6.219017505645751953e+00 5.844331264495849609e+00 5.980944156646728516e+00
6.844376087188720703e+00 5.456838130950927734e+00 6.826207637786865234e+00 6.194921970367431641e+00 5.796934127807617188e+00 5.973104953765869141e+00
6.845676898956298828e+00 5.388543605804443359e+00 6.830248832702636719e+00 6.172402858734130859e+00 5.743317127227783203e+00 5.970142364501953125e+00
6.846958637237548828e+00 5.321611881256103516e+00 6.833806037902832031e+00 6.147435188293457031e+00 5.689182758331298828e+00 5.961593151092529297e+00
6.847961425781250000e+00 5.279208660125732422e+00 6.836077213287353516e+00 6.119263648986816406e+00 5.635967731475830078e+00 5.946226596832275391e+00
6.847822666168212891e+00 5.260674476623535156e+00 6.836438655853271484e+00 6.090505123138427734e+00 5.578428745269775391e+00 5.930890083312988281e+00
6.848170757293701172e+00 5.243891716003417969e+00 6.837233543395996094e+00 6.064135074615478516e+00 5.516150951385498047e+00 5.919562816619873047e+00
6.848267078399658203e+00 5.175118446350097656e+00 6.838948726654052734e+00 6.046476364135742188e+00 5.487055778503417969e+00 5.906340599060058594e+00
6.847374439239501953e+00 5.101149559020996094e+00 6.839512825012207031e+00 6.032907009124755859e+00 5.477893829345703125e+00 5.891080856323242188e+00
6.847469806671142578e+00 5.066766262054443359e+00 6.840214252471923828e+00 6.013268470764160156e+00 5.460958957672119141e+00 5.870393753051757812e+00
6.847259521484375000e+00 5.085281372070312500e+00 6.839681625366210938e+00 5.986566066741943359e+00 5.421996116638183594e+00 5.848375320434570312e+00
6.846645832061767578e+00 5.111439704895019531e+00 6.838581562042236328e+00 5.962511062622070312e+00 5.356004714965820312e+00 5.839044570922851562e+00
6.846277236938476562e+00 5.128727436065673828e+00 6.837875366210937500e+00 5.937704563140869141e+00 5.279112339019775391e+00 5.830084323883056641e+00
6.845643997192382812e+00 5.146117210388183594e+00 6.836880683898925781e+00 5.911344528198242188e+00 5.192292213439941406e+00 5.819313049316406250e+00
6.845415115356445312e+00 5.134321212768554688e+00 6.836884975433349609e+00 5.882419586181640625e+00 5.093389511108398438e+00 5.805381774902343750e+00
6.845016479492187500e+00 5.100560188293457031e+00 6.837121963500976562e+00 5.846836090087890625e+00 5.003954887390136719e+00 5.779518604278564453e+00
6.844379901885986328e+00 5.087714672088623047e+00 6.836707115173339844e+00 5.809393405914306641e+00 4.936514377593994141e+00 5.746909141540527344e+00
6.843481063842773438e+00 5.093776226043701172e+00 6.835681915283203125e+00 5.772843837738037109e+00 4.909956932067871094e+00 5.708792209625244141e+00
6.841729164123535156e+00 5.144923686981201172e+00 6.832910537719726562e+00 5.740825176239013672e+00 4.891777992248535156e+00 5.674532890319824219e+00
6.839563369750976562e+00 5.212009906768798828e+00 6.829202651977539062e+00 5.715480804443359375e+00 4.891534805297851562e+00 5.644906520843505859e+00
6.836461067199707031e+00 5.300127983093261719e+00 6.823642253875732422e+00 5.698749065399169922e+00 4.923504352569580078e+00 5.618983745574951172e+00
6.832561492919921875e+00 5.383736133575439453e+00 6.816828727722167969e+00 5.687930583953857422e+00 4.949739933013916016e+00 5.600296497344970703e+00
6.827716350555419922e+00 5.456964015960693359e+00 6.808817386627197266e+00 5.683763027191162109e+00 5.003268718719482422e+00 5.582108497619628906e+00
6.822399139404296875e+00 5.529947280883789062e+00 6.799665927886962891e+00 5.685956954956054688e+00 5.086309432983398438e+00 5.560211181640625000e+00
6.817337512969970703e+00 5.586189270019531250e+00 6.791052341461181641e+00 5.685229778289794922e+00 5.165106773376464844e+00 5.529141426086425781e+00
6.811975479125976562e+00 5.636032581329345703e+00 6.782000064849853516e+00 5.684059143066406250e+00 5.202032089233398438e+00 5.510400295257568359e+00
6.805525779724121094e+00 5.692386627197265625e+00 6.770696640014648438e+00 5.684355258941650391e+00 5.239379882812500000e+00 5.491252422332763672e+00
6.798355102539062500e+00 5.739197254180908203e+00 6.758698463439941406e+00 5.696494102478027344e+00 5.284438610076904297e+00 5.483806610107421875e+00
6.790022373199462891e+00 5.759094238281250000e+00 6.747570037841796875e+00 5.722906589508056641e+00 5.372115612030029297e+00 5.466517448425292969e+00
6.778172016143798828e+00 5.740211486816406250e+00 6.736433982849121094e+00 5.781015396118164062e+00 5.499000072479248047e+00 5.460099220275878906e+00
6.766682624816894531e+00 5.736964225769042969e+00 6.724104404449462891e+00 5.830582618713378906e+00 5.585585594177246094e+00 5.465204715728759766e+00
6.753985404968261719e+00 5.710434913635253906e+00 6.712808609008789062e+00 5.876469612121582031e+00 5.657232761383056641e+00 5.474582672119140625e+00
6.741615295410156250e+00 5.665891170501708984e+00 6.703511238098144531e+00 5.914524555206298828e+00 5.703927993774414062e+00 5.499140262603759766e+00
6.732652187347412109e+00 5.643068313598632812e+00 6.695797443389892578e+00 5.939821720123291016e+00 5.727300167083740234e+00 5.527503967285156250e+00
6.723344326019287109e+00 5.627813816070556641e+00 6.687011718750000000e+00 5.962990283966064453e+00 5.746361255645751953e+00 5.557101726531982422e+00
6.713150978088378906e+00 5.603279113769531250e+00 6.678049087524414062e+00 5.986205101013183594e+00 5.768078327178955078e+00 5.582622051239013672e+00
6.703294277191162109e+00 5.569761276245117188e+00 6.670125484466552734e+00 6.007973194122314453e+00 5.778421401977539062e+00 5.621336936950683594e+00
6.693855762481689453e+00 5.561426162719726562e+00 6.660598278045654297e+00 6.026678085327148438e+00 5.788346290588378906e+00 5.652346134185791016e+00
6.685786247253417969e+00 5.553328514099121094e+00 6.652531623840332031e+00 6.039327144622802734e+00 5.787219047546386719e+00 5.683156013488769531e+00
6.680262565612792969e+00 5.547251701354980469e+00 6.647051811218261719e+00 6.044559001922607422e+00 5.780905246734619141e+00 5.702630519866943359e+00
6.675430774688720703e+00 5.499941349029541016e+00 6.645424842834472656e+00 6.053290367126464844e+00 5.775319099426269531e+00 5.727908134460449219e+00
6.671624183654785156e+00 5.447448730468750000e+00 6.644899845123291016e+00 6.056325435638427734e+00 5.757445812225341797e+00 5.753134727478027344e+00
6.667456626892089844e+00 5.363082408905029297e+00 6.645357131958007812e+00 6.061081409454345703e+00 5.737850189208984375e+00 5.781173229217529297e+00
6.662470340728759766e+00 5.263660430908203125e+00 6.644777774810791016e+00 6.057387828826904297e+00 5.686440467834472656e+00 5.816564559936523438e+00
6.656067371368408203e+00 5.068240642547607422e+00 6.644701004028320312e+00 6.073894500732421875e+00 5.662444114685058594e+00 5.860824108123779297e+00
6.649370670318603516e+00 4.874835014343261719e+00 6.642010211944580078e+00 6.089883804321289062e+00 5.614063739776611328e+00 5.913140773773193359e+00
6.644146919250488281e+00 4.743551254272460938e+00 6.638651371002197266e+00 6.103079795837402344e+00 5.543907642364501953e+00 5.962849617004394531e+00
6.638409137725830078e+00 4.665230274200439453e+00 6.633764266967773438e+00 6.116610527038574219e+00 5.507446765899658203e+00 5.994014263153076172e+00
6.631832122802734375e+00 4.515883922576904297e+00 6.628493785858154297e+00 6.131851673126220703e+00 5.505813598632812500e+00 6.014620304107666016e+00
6.626659393310546875e+00 4.456852436065673828e+00 6.623712062835693359e+00 6.142354488372802734e+00 5.487959861755371094e+00 6.033547878265380859e+00
6.620588302612304688e+00 4.473422050476074219e+00 6.617483139038085938e+00 6.151818752288818359e+00 5.454886436462402344e+00 6.054397583007812500e+00
6.614811897277832031e+00 4.522864818572998047e+00 6.611283302307128906e+00 6.161375522613525391e+00 5.443216323852539062e+00 6.069133281707763672e+00
6.609876632690429688e+00 4.579443931579589844e+00 6.605809211730957031e+00 6.170546531677246094e+00 5.423540592193603516e+00 6.084858894348144531e+00
6.606646537780761719e+00 4.657853126525878906e+00 6.601733207702636719e+00 6.176804542541503906e+00 5.397560596466064453e+00 6.097841262817382812e+00
6.604992866516113281e+00 4.742313861846923828e+00 6.598993778228759766e+00 6.179170131683349609e+00 5.391232013702392578e+00 6.101920127868652344e+00
6.603188514709472656e+00 4.798018455505371094e+00 6.596333503723144531e+00 6.180477619171142578e+00 5.391359329223632812e+00 6.103456974029541016e+00
6.601524353027343750e+00 4.823853015899658203e+00 6.594216823577880859e+00 6.180370330810546875e+00 5.415884971618652344e+00 6.098403453826904297e+00
6.600255966186523438e+00 4.846214294433593750e+00 6.592536926269531250e+00 6.178228855133056641e+00 5.435774803161621094e+00 6.091541767120361328e+00
6.598982334136962891e+00 4.842818260192871094e+00 6.591299533843994141e+00 6.176712036132812500e+00 5.452815055847167969e+00 6.085816383361816406e+00
6.598452091217041016e+00 4.837275981903076172e+00 6.590859413146972656e+00 6.174190521240234375e+00 5.444052696228027344e+00 6.084735393524169922e+00
6.597759723663330078e+00 4.828542232513427734e+00 6.590306758880615234e+00 6.171270847320556641e+00 5.454604148864746094e+00 6.078675270080566406e+00
6.598104476928710938e+00 4.798489093780517578e+00 6.591159820556640625e+00 6.164060592651367188e+00 5.446110725402832031e+00 6.071768283843994141e+00
6.599729061126708984e+00 4.801336765289306641e+00 6.592764854431152344e+00 6.153888702392578125e+00 5.456272602081298828e+00 6.056639671325683594e+00
6.600179672241210938e+00 4.776877880096435547e+00 6.593607425689697266e+00 6.145310401916503906e+00 5.474017143249511719e+00 6.041196823120117188e+00
6.600229263305664062e+00 4.752078533172607422e+00 6.594024181365966797e+00 6.136380195617675781e+00 5.492475509643554688e+00 6.024538993835449219e+00
6.600811958312988281e+00 4.743145942687988281e+00 6.594742298126220703e+00 6.127535343170166016e+00 5.509073734283447266e+00 6.007929325103759766e+00
6.600829601287841797e+00 4.763462066650390625e+00 6.594468116760253906e+00 6.120829582214355469e+00 5.517906188964843750e+00 5.996177673339843750e+00
6.601704597473144531e+00 4.743557453155517578e+00 6.595642089843750000e+00 6.109923362731933594e+00 5.502049446105957031e+00 5.986904621124267578e+00
6.602727890014648438e+00 4.695840835571289062e+00 6.597311973571777344e+00 6.098699092864990234e+00 5.504153728485107422e+00 5.971225738525390625e+00
6.603288173675537109e+00 4.641291618347167969e+00 6.598521709442138672e+00 6.089804649353027344e+00 5.501219272613525391e+00 5.960279941558837891e+00
6.603815555572509766e+00 4.620164394378662109e+00 6.599282741546630859e+00 6.081237316131591797e+00 5.498938083648681641e+00 5.949507713317871094e+00
6.604259490966796875e+00 4.627174377441406250e+00 6.599656581878662109e+00 6.072380065917968750e+00 5.490393638610839844e+00 5.940538406372070312e+00
6.603584766387939453e+00 4.579514980316162109e+00 6.599456310272216797e+00 6.065835952758789062e+00 5.481884479522705078e+00 5.934689044952392578e+00
6.602131843566894531e+00 4.561891078948974609e+00 6.598155021667480469e+00 6.057825565338134766e+00 5.471980094909667969e+00 5.927344799041748047e+00
6.600890159606933594e+00 4.512497425079345703e+00 6.597332477569580078e+00 6.050044536590576172e+00 5.453606605529785156e+00 5.923214912414550781e+00
6.599439620971679688e+00 4.416580200195312500e+00 6.596579551696777344e+00 6.040996551513671875e+00 5.423395633697509766e+00 5.921117305755615234e+00
6.597239494323730469e+00 4.366883754730224609e+00 6.594677925109863281e+00 6.032310485839843750e+00 5.410127162933349609e+00 5.913877487182617188e+00
6.595356941223144531e+00 4.307857036590576172e+00 6.593110084533691406e+00 6.022402286529541016e+00 5.400083065032958984e+00 5.904012203216552734e+00
6.592994689941406250e+00 4.319588661193847656e+00 6.590673923492431641e+00 6.013409614562988281e+00 5.383350849151611328e+00 5.897416591644287109e+00
6.589110851287841797e+00 4.379075527191162109e+00 6.586424827575683594e+00 6.006651401519775391e+00 5.362258911132812500e+00 5.894953727722167969e+00
6.583853721618652344e+00 4.390403270721435547e+00 6.581063270568847656e+00 5.998534202575683594e+00 5.348726749420166016e+00 5.888411521911621094e+00
6.576895236968994141e+00 4.416438102722167969e+00 6.573883533477783203e+00 5.990629196166992188e+00 5.341484069824218750e+00 5.880314826965332031e+00
6.570220947265625000e+00 4.390567302703857422e+00 6.567339897155761719e+00 5.982960224151611328e+00 5.339981555938720703e+00 5.870847225189208984e+00
6.562310218811035156e+00 4.441803932189941406e+00 6.559007644653320312e+00 5.976913452148437500e+00 5.351435184478759766e+00 5.859508991241455078e+00
6.555072784423828125e+00 4.446616649627685547e+00 6.551676273345947266e+00 5.969349861145019531e+00 5.341491699218750000e+00 5.852680683135986328e+00
6.548777103424072266e+00 4.451508045196533203e+00 6.545291900634765625e+00 5.961719512939453125e+00 5.316039562225341797e+00 5.850398063659667969e+00
6.542166233062744141e+00 4.414417743682861328e+00 6.538918495178222656e+00 5.956154823303222656e+00 5.291425228118896484e+00 5.850245475769042969e+00
6.536363124847412109e+00 4.422532558441162109e+00 6.533009052276611328e+00 5.950719356536865234e+00 5.274150848388671875e+00 5.848023414611816406e+00
6.529810905456542969e+00 4.482379436492919922e+00 6.525899887084960938e+00 5.945551872253417969e+00 5.246834278106689453e+00 5.848578929901123047e+00
6.523544788360595703e+00 4.553648948669433594e+00 6.518864154815673828e+00 5.939700126647949219e+00 5.219555377960205078e+00 5.847926139831542969e+00
6.518193721771240234e+00 4.619157791137695312e+00 6.512679100036621094e+00 5.932254791259765625e+00 5.191195011138916016e+00 5.845259189605712891e+00
6.513953208923339844e+00 4.679532527923583984e+00 6.507546901702880859e+00 5.921136379241943359e+00 5.142894744873046875e+00 5.841972827911376953e+00
6.511250019073486328e+00 4.700190544128417969e+00 6.504487991333007812e+00 5.905975341796875000e+00 5.082272052764892578e+00 5.835358619689941406e+00
6.507430076599121094e+00 4.693098545074462891e+00 6.500719070434570312e+00 5.887757778167724609e+00 5.034981727600097656e+00 5.822077751159667969e+00
6.503568649291992188e+00 4.710448265075683594e+00 6.496518135070800781e+00 5.869473934173583984e+00 4.988714694976806641e+00 5.808196544647216797e+00
6.498738765716552734e+00 4.747735023498535156e+00 6.490963935852050781e+00 5.851675987243652344e+00 4.947394847869873047e+00 5.793854236602783203e+00
6.491979122161865234e+00 4.768814086914062500e+00 6.483685016632080078e+00 5.832949161529541016e+00 4.918079853057861328e+00 5.776613712310791016e+00
6.485394954681396484e+00 4.769987106323242188e+00 6.476949214935302734e+00 5.814152717590332031e+00 4.880700111389160156e+00 5.760330677032470703e+00
6.481414318084716797e+00 4.799386978149414062e+00 6.472287654876708984e+00 5.784287929534912109e+00 4.816623210906982422e+00 5.734784603118896484e+00
6.475689888000488281e+00 4.818348884582519531e+00 6.466024398803710938e+00 5.762481212615966797e+00 4.772229671478271484e+00 5.715627193450927734e+00
6.468548774719238281e+00 4.815427780151367188e+00 6.458786010742187500e+00 5.738366127014160156e+00 4.715527057647705078e+00 5.695074081420898438e+00
6.461126327514648438e+00 4.766426563262939453e+00 6.452264308929443359e+00 5.715401172637939453e+00 4.655398368835449219e+00 5.675827026367187500e+00
6.452322006225585938e+00 4.731728076934814453e+00 6.443977355957031250e+00 5.695631027221679688e+00 4.598603725433349609e+00 5.659429073333740234e+00
6.447683811187744141e+00 4.738025665283203125e+00 6.439125537872314453e+00 5.657614707946777344e+00 4.533894538879394531e+00 5.623657226562500000e+00
6.444553375244140625e+00 4.741568565368652344e+00 6.435861110687255859e+00 5.599660873413085938e+00 4.548860073089599609e+00 5.559197902679443359e+00
6.437939643859863281e+00 4.794410228729248047e+00 6.427957534790039062e+00 5.540842056274414062e+00 4.518084526062011719e+00 5.497540950775146484e+00
6.425132751464843750e+00 4.851080894470214844e+00 6.413394927978515625e+00 5.494225502014160156e+00 4.478013992309570312e+00 5.450232028961181641e+00
6.410744190216064453e+00 4.868928909301757812e+00 6.398088455200195312e+00 5.466428279876708984e+00 4.356801986694335938e+00 5.431304454803466797e+00
6.394824028015136719e+00 4.881263732910156250e+00 6.381304264068603516e+00 5.426250457763671875e+00 4.266712188720703125e+00 5.395080566406250000e+00
6.381489753723144531e+00 4.898650646209716797e+00 6.366961956024169922e+00 5.368708610534667969e+00 4.228074550628662109e+00 5.336098670959472656e+00
6.368920803070068359e+00 4.888942718505859375e+00 6.354296207427978516e+00 5.272619247436523438e+00 4.207882404327392578e+00 5.233493328094482422e+00
6.357490539550781250e+00 4.921006202697753906e+00 6.341294765472412109e+00 5.185779094696044922e+00 4.154093265533447266e+00 5.143403053283691406e+00
6.346747875213623047e+00 4.948044300079345703e+00 6.329051494598388672e+00 5.112644195556640625e+00 4.138077259063720703e+00 5.063966274261474609e+00
6.335041999816894531e+00 4.970753192901611328e+00 6.315854072570800781e+00 5.024134159088134766e+00 4.018844127655029297e+00 4.978960514068603516e+00
6.322327613830566406e+00 5.008193492889404297e+00 6.300730705261230469e+00 4.910026073455810547e+00 3.781492710113525391e+00 4.876458168029785156e+00
6.308815002441406250e+00 5.027400016784667969e+00 6.285481452941894531e+00 4.851711273193359375e+00 3.765774488449096680e+00 4.814531326293945312e+00
6.296347618103027344e+00 5.048538208007812500e+00 6.271080493927001953e+00 4.793830871582031250e+00 3.583863019943237305e+00 4.766188621520996094e+00
6.282835006713867188e+00 5.062786102294921875e+00 6.255846977233886719e+00 4.732346057891845703e+00 3.186356544494628906e+00 4.719813346862792969e+00
6.269990444183349609e+00 5.053192138671875000e+00 6.242794036865234375e+00 4.646797657012939453e+00 3.105817794799804688e+00 4.634117126464843750e+00
6.254122734069824219e+00 5.062522888183593750e+00 6.225246429443359375e+00 4.560942649841308594e+00 2.242312908172607422e+00 4.558852672576904297e+00
6.230427265167236328e+00 5.055208683013916016e+00 6.200402259826660156e+00 4.517466545104980469e+00 -inf 4.517466545104980469e+00
6.209720611572265625e+00 5.067276000976562500e+00 6.177250862121582031e+00 4.489599227905273438e+00 -inf 4.489599227905273438e+00
6.186765670776367188e+00 5.079121112823486328e+00 6.151474475860595703e+00 4.436548233032226562e+00 -inf 4.436548233032226562e+00
6.158820629119873047e+00 5.135684967041015625e+00 6.115559577941894531e+00 4.408080101013183594e+00 -inf 4.408080101013183594e+00
6.135717868804931641e+00 5.161842823028564453e+00 6.086957454681396484e+00 4.379508972167968750e+00 -inf 4.379508972167968750e+00
6.109726905822753906e+00 5.166295528411865234e+00 6.057203769683837891e+00 4.349569320678710938e+00 -inf 4.349569320678710938e+00
6.089196681976318359e+00 5.169974803924560547e+00 6.033461570739746094e+00 4.317036628723144531e+00 -inf 4.317036628723144531e+00
6.071959972381591797e+00 5.156926155090332031e+00 6.015647411346435547e+00 4.283343791961669922e+00 -inf 4.283343791961669922e+00
6.054028987884521484e+00 5.165210247039794922e+00 5.993959426879882812e+00 4.249696731567382812e+00 -inf 4.249696731567382812e+00
6.031082630157470703e+00 5.166640281677246094e+00 5.967277526855468750e+00 4.215932846069335938e+00 -inf 4.215932846069335938e+00
6.013372898101806641e+00 5.172754287719726562e+00 5.945674896240234375e+00 4.181522846221923828e+00 -inf 4.181522846221923828e+00
5.999210357666015625e+00 5.174396038055419922e+00 5.928788661956787109e+00 4.145621776580810547e+00 -inf 4.145621776580810547e+00
5.980108261108398438e+00 5.182405471801757812e+00 5.904734134674072266e+00 4.105394363403320312e+00 -inf 4.105394363403320312e+00
5.963714599609375000e+00 5.180981636047363281e+00 5.885443210601806641e+00 4.061978816986083984e+00 -inf 4.061978816986083984e+00
5.945634365081787109e+00 5.176438331604003906e+00 5.864640235900878906e+00 4.012639999389648438e+00 -inf 4.012639999389648438e+00
5.929377555847167969e+00 5.175799369812011719e+00 5.845110416412353516e+00 3.952833175659179688e+00 -inf 3.952833175659179688e+00
5.912898540496826172e+00 5.160335540771484375e+00 5.828413486480712891e+00 3.946766853332519531e+00 -inf 3.946766853332519531e+00
5.903562545776367188e+00 5.144118309020996094e+00 5.820540904998779297e+00 3.946768760681152344e+00 -inf 3.946768760681152344e+00
5.896036148071289062e+00 5.120331764221191406e+00 5.816363811492919922e+00 3.946770191192626953e+00 -inf 3.946770191192626953e+00
5.887722015380859375e+00 5.097719192504882812e+00 5.810873031616210938e+00 3.946771144866943359e+00 -inf 3.946771144866943359e+00
5.879655361175537109e+00 5.109444141387939453e+00 5.798868656158447266e+00 3.946773052215576172e+00 -inf 3.946773052215576172e+00
5.871088981628417969e+00 5.117435455322265625e+00 5.786838054656982422e+00 3.946774244308471680e+00 -inf 3.946774244308471680e+00
5.868614673614501953e+00 5.114186286926269531e+00 5.784530162811279297e+00 3.946775197982788086e+00 -inf 3.946775197982788086e+00
5.874226570129394531e+00 5.152130126953125000e+00 5.782910823822021484e+00 3.946776628494262695e+00 -inf 3.946776628494262695e+00
5.877092361450195312e+00 5.168796062469482422e+00 5.782483100891113281e+00 3.946777105331420898e+00 -inf 3.946777105331420898e+00
5.874017715454101562e+00 5.172745704650878906e+00 5.777681350708007812e+00 3.946777820587158203e+00 -inf 3.946777820587158203e+00
5.869291305541992188e+00 5.167575359344482422e+00 5.773065090179443359e+00 3.946778535842895508e+00 -inf 3.946778535842895508e+00
5.865645408630371094e+00 5.183750152587890625e+00 5.764359951019287109e+00 3.946779727935791016e+00 -inf 3.946779727935791016e+00
5.858213901519775391e+00 5.206388950347900391e+00 5.748672485351562500e+00 3.946781158447265625e+00 -inf 3.946781158447265625e+00
5.856595993041992188e+00 5.236113548278808594e+00 5.737628459930419922e+00 3.945769071578979492e+00 -inf 3.945769071578979492e+00
5.852837085723876953e+00 5.234258651733398438e+00 5.733267307281494141e+00 3.946782350540161133e+00 -inf 3.946782350540161133e+00
5.848340034484863281e+00 5.195408344268798828e+00 5.739116668701171875e+00 3.946782350540161133e+00 -inf 3.946782350540161133e+00
5.845183849334716797e+00 5.148103237152099609e+00 5.747799396514892578e+00 3.946783065795898438e+00 -inf 3.946783065795898438e+00
5.841701030731201172e+00 5.088265895843505859e+00 5.757402896881103516e+00 3.946783304214477539e+00 -inf 3.946783304214477539e+00
5.838309764862060547e+00 5.049085617065429688e+00 5.761309146881103516e+00 3.946783542633056641e+00 -inf 3.946783542633056641e+00
5.841495037078857422e+00 5.050900936126708984e+00 5.764760017395019531e+00 3.946783781051635742e+00 -inf 3.946783781051635742e+00
5.841151237487792969e+00 5.031372070312500000e+00 5.768027782440185547e+00 3.946784257888793945e+00 -inf 3.946784257888793945e+00
5.840399742126464844e+00 5.011813163757324219e+00 5.770639419555664062e+00 3.946784973144531250e+00 -inf 3.946784973144531250e+00
5.838288307189941406e+00 4.984209537506103516e+00 5.772820949554443359e+00 3.946786642074584961e+00 -inf 3.946786642074584961e+00
5.836703300476074219e+00 4.936379909515380859e+00 5.778315067291259766e+00 3.946787595748901367e+00 -inf 3.946787595748901367e+00
