5.935238361358642578e+00 -inf 5.935238361358642578e+00 6.923308849334716797e+00 5.240874767303466797e+00 6.914191246032714844e+00
5.947514533996582031e+00 -inf 5.947514533996582031e+00 6.921143054962158203e+00 5.265497684478759766e+00 6.911437988281250000e+00
5.966489315032958984e+00 -inf 5.966489315032958984e+00 6.917981147766113281e+00 5.276557445526123047e+00 6.907949924468994141e+00
5.986306190490722656e+00 -inf 5.986306190490722656e+00 6.913152217864990234e+00 5.227187633514404297e+00 6.904108524322509766e+00
6.009474754333496094e+00 -inf 6.009474754333496094e+00 6.908468246459960938e+00 5.240297317504882812e+00 6.899042129516601562e+00
6.035125255584716797e+00 -inf 6.035125255584716797e+00 6.903348922729492188e+00 5.252350330352783203e+00 6.893538475036621094e+00
6.056640148162841797e+00 -inf 6.056640148162841797e+00 6.898733615875244141e+00 5.188902854919433594e+00 6.890178680419921875e+00
6.075922489166259766e+00 -inf 6.075922489166259766e+00 6.895386219024658203e+00 5.037210464477539062e+00 6.889323711395263672e+00
6.095219612121582031e+00 -inf 6.095219612121582031e+00 6.895628929138183594e+00 5.035665988922119141e+00 6.889591693878173828e+00
6.113419532775878906e+00 -inf 6.113419532775878906e+00 6.896909713745117188e+00 4.979152202606201172e+00 6.891629219055175781e+00
6.132871150970458984e+00 -inf 6.132871150970458984e+00 6.898330688476562500e+00 4.902084827423095703e+00 6.893928050994873047e+00
6.151647567749023438e+00 -inf 6.151647567749023438e+00 6.902256011962890625e+00 4.804151058197021484e+00 6.898777484893798828e+00
6.168755531311035156e+00 -inf 6.168755531311035156e+00 6.909101486206054688e+00 4.883285045623779297e+00 6.904989719390869141e+00
6.186353683471679688e+00 -inf 6.186353683471679688e+00 6.914927005767822266e+00 5.077825069427490234e+00 6.908561706542968750e+00
6.203449249267578125e+00 -inf 6.203449249267578125e+00 6.918227672576904297e+00 5.188302993774414062e+00 6.910062789916992188e+00
6.220399379730224609e+00 -inf 6.220399379730224609e+00 6.916615486145019531e+00 5.234967231750488281e+00 6.907481193542480469e+00
6.236386299133300781e+00 -inf 6.236386299133300781e+00 6.914577484130859375e+00 5.317461013793945312e+00 6.903454780578613281e+00
6.252623081207275391e+00 -inf 6.252623081207275391e+00 6.912450313568115234e+00 5.467895984649658203e+00 6.896559238433837891e+00
6.268268108367919922e+00 -inf 6.268268108367919922e+00 6.909600734710693359e+00 5.615260124206542969e+00 6.886969089508056641e+00
6.284118652343750000e+00 -inf 6.284118652343750000e+00 6.906089305877685547e+00 5.779692649841308594e+00 6.872348785400390625e+00
6.303297042846679688e+00 -inf 6.303297042846679688e+00 6.902323246002197266e+00 5.869838237762451172e+00 6.860029220581054688e+00
6.320483207702636719e+00 -inf 6.320483207702636719e+00 6.897915363311767578e+00 5.942910194396972656e+00 6.846858024597167969e+00
6.333887577056884766e+00 2.904172182083129883e+00 6.333725929260253906e+00 6.893879413604736328e+00 5.988608360290527344e+00 6.836197853088378906e+00
6.360955238342285156e+00 2.580699920654296875e+00 6.360883235931396484e+00 6.886621475219726562e+00 6.028581142425537109e+00 6.821794509887695312e+00
6.385873794555664062e+00 -inf 6.385873794555664062e+00 6.877868652343750000e+00 6.036720275878906250e+00 6.810260295867919922e+00
6.406826019287109375e+00 -inf 6.406826019287109375e+00 6.870217800140380859e+00 6.027252197265625000e+00 6.802914619445800781e+00
6.435824394226074219e+00 -inf 6.435824394226074219e+00 6.858619689941406250e+00 6.007305622100830078e+00 6.792700290679931641e+00
6.469210624694824219e+00 -inf 6.469210624694824219e+00 6.845806598663330078e+00 5.990081787109375000e+00 6.780605792999267578e+00
6.500332832336425781e+00 -inf 6.500332832336425781e+00 6.832506656646728516e+00 5.979965686798095703e+00 6.766788005828857422e+00
6.526190280914306641e+00 -inf 6.526190280914306641e+00 6.818714618682861328e+00 5.952531814575195312e+00 6.755184650421142578e+00
6.548036098480224609e+00 -inf 6.548036098480224609e+00 6.806153774261474609e+00 5.913271903991699219e+00 6.746684074401855469e+00
6.568029880523681641e+00 -inf 6.568029880523681641e+00 6.795076370239257812e+00 5.899069786071777344e+00 6.736063003540039062e+00
6.581375122070312500e+00 -inf 6.581375122070312500e+00 6.786493301391601562e+00 5.874353408813476562e+00 6.729779243469238281e+00
6.592971801757812500e+00 -inf 6.592971801757812500e+00 6.777115345001220703e+00 5.838537693023681641e+00 6.723964691162109375e+00
6.607088565826416016e+00 -inf 6.607088565826416016e+00 6.767697811126708984e+00 5.818271160125732422e+00 6.715939521789550781e+00
6.619543552398681641e+00 -inf 6.619543552398681641e+00 6.759013175964355469e+00 5.774759769439697266e+00 6.711470603942871094e+00
6.630288600921630859e+00 -inf 6.630288600921630859e+00 6.748340606689453125e+00 5.714030265808105469e+00 6.706233024597167969e+00
6.640011310577392578e+00 -inf 6.640011310577392578e+00 6.741024971008300781e+00 5.689249038696289062e+00 6.700656890869140625e+00
6.649434089660644531e+00 -inf 6.649434089660644531e+00 6.730973243713378906e+00 5.632859230041503906e+00 6.694865703582763672e+00
6.658455371856689453e+00 -inf 6.658455371856689453e+00 6.722222328186035156e+00 5.612949371337890625e+00 6.687069416046142578e+00
6.667388439178466797e+00 -inf 6.667388439178466797e+00 6.713917255401611328e+00 5.593248844146728516e+00 6.679710865020751953e+00
6.676516532897949219e+00 -inf 6.676516532897949219e+00 6.703847408294677734e+00 5.545010089874267578e+00 6.672625541687011719e+00
6.686534881591796875e+00 -inf 6.686534881591796875e+00 6.693523406982421875e+00 5.498742580413818359e+00 6.664865016937255859e+00
6.697479724884033203e+00 -inf 6.697479724884033203e+00 6.681932449340820312e+00 5.424319744110107422e+00 6.657246589660644531e+00
6.708113670349121094e+00 -inf 6.708113670349121094e+00 6.669900894165039062e+00 5.372253417968750000e+00 6.647445678710937500e+00
6.719167709350585938e+00 -inf 6.719167709350585938e+00 6.656732559204101562e+00 5.415772914886474609e+00 6.631052017211914062e+00
6.731030464172363281e+00 -inf 6.731030464172363281e+00 6.637703895568847656e+00 5.359237670898437500e+00 6.614206790924072266e+00
6.743079185485839844e+00 -inf 6.743079185485839844e+00 6.620021343231201172e+00 5.399880409240722656e+00 6.593039989471435547e+00
6.756228446960449219e+00 -inf 6.756228446960449219e+00 6.599463939666748047e+00 5.409258842468261719e+00 6.570491313934326172e+00
6.768250465393066406e+00 -inf 6.768250465393066406e+00 6.578932762145996094e+00 5.427320957183837891e+00 6.547167301177978516e+00
6.778154850006103516e+00 -inf 6.778154850006103516e+00 6.561168193817138672e+00 5.430034637451171875e+00 6.527808189392089844e+00
6.789599895477294922e+00 -inf 6.789599895477294922e+00 6.536305427551269531e+00 5.386348724365234375e+00 6.504413604736328125e+00
6.800174236297607422e+00 3.033242225646972656e+00 6.800099849700927734e+00 6.512105941772460938e+00 5.399303436279296875e+00 6.477248668670654297e+00
6.811696052551269531e+00 -inf 6.811696052551269531e+00 6.484028816223144531e+00 5.408944129943847656e+00 6.445865631103515625e+00
6.824192047119140625e+00 -inf 6.824192047119140625e+00 6.452213764190673828e+00 5.401370525360107422e+00 6.411754608154296875e+00
6.833384513854980469e+00 -inf 6.833384513854980469e+00 6.422725677490234375e+00 5.385295867919921875e+00 6.380934715270996094e+00
6.841489315032958984e+00 -inf 6.841489315032958984e+00 6.387800693511962891e+00 5.305775642395019531e+00 6.350269794464111328e+00
6.848859310150146484e+00 2.945916891098022461e+00 6.848805904388427734e+00 6.355339527130126953e+00 5.278479099273681641e+00 6.317339420318603516e+00
6.854458808898925781e+00 3.473089933395385742e+00 6.854278087615966797e+00 6.327747344970703125e+00 5.285798549652099609e+00 6.286410331726074219e+00
6.858903408050537109e+00 4.121347904205322266e+00 6.858108043670654297e+00 6.303188800811767578e+00 5.281645298004150391e+00 6.259760379791259766e+00
6.861895561218261719e+00 4.283493518829345703e+00 6.860746860504150391e+00 6.283001422882080078e+00 5.261732101440429688e+00 6.239544391632080078e+00
6.863989353179931641e+00 4.427358627319335938e+00 6.862397670745849609e+00 6.266111373901367188e+00 5.239913940429687500e+00 6.223169326782226562e+00
6.866549015045166016e+00 4.493826866149902344e+00 6.864704132080078125e+00 6.246250629425048828e+00 5.250994205474853516e+00 6.199962615966796875e+00
6.870193004608154297e+00 4.668375968933105469e+00 6.867455959320068359e+00 6.217256546020507812e+00 5.247308731079101562e+00 6.168027877807617188e+00
6.873802185058593750e+00 4.744423389434814453e+00 6.870566844940185547e+00 6.188797473907470703e+00 5.233536720275878906e+00 6.137771606445312500e+00
6.878621101379394531e+00 4.742183208465576172e+00 6.875437259674072266e+00 6.155145168304443359e+00 5.211357116699218750e+00 6.102668285369873047e+00
6.883977413177490234e+00 4.774098396301269531e+00 6.880592346191406250e+00 6.117100715637207031e+00 5.214465141296386719e+00 6.059043884277343750e+00
6.888902664184570312e+00 4.821855068206787109e+00 6.885165214538574219e+00 6.079616546630859375e+00 5.184308528900146484e+00 6.020501613616943359e+00
6.892721176147460938e+00 4.934400081634521484e+00 6.887914657592773438e+00 6.044859886169433594e+00 5.169169425964355469e+00 5.982808589935302734e+00
6.895755767822265625e+00 4.957259654998779297e+00 6.890722751617431641e+00 6.008649349212646484e+00 5.179765224456787109e+00 5.938940525054931641e+00
6.898413658142089844e+00 5.015658855438232422e+00 6.892687320709228516e+00 5.975813865661621094e+00 5.186845302581787109e+00 5.898764133453369141e+00
6.899955272674560547e+00 5.060938835144042969e+00 6.893617630004882812e+00 5.950805187225341797e+00 5.195505619049072266e+00 5.866905689239501953e+00
6.900739669799804688e+00 5.037045478820800781e+00 6.894754409790039062e+00 5.924177169799804688e+00 5.138401031494140625e+00 5.846505165100097656e+00
6.900422573089599609e+00 4.992373943328857422e+00 6.895021915435791016e+00 5.905735015869140625e+00 5.113546371459960938e+00 5.829307556152343750e+00
6.899432182312011719e+00 4.957946300506591797e+00 6.894434452056884766e+00 5.889948844909667969e+00 5.056884765625000000e+00 5.820963859558105469e+00
6.898622512817382812e+00 4.917344570159912109e+00 6.894064426422119141e+00 5.873110771179199219e+00 4.996785640716552734e+00 5.811157226562500000e+00
6.897498607635498047e+00 4.860436916351318359e+00 6.893492698669433594e+00 5.852339267730712891e+00 4.888093948364257812e+00 5.802421092987060547e+00
6.896430969238281250e+00 4.815073013305664062e+00 6.892815113067626953e+00 5.828541278839111328e+00 4.804047584533691406e+00 5.785421848297119141e+00
6.895195484161376953e+00 4.752545356750488281e+00 6.892057418823242188e+00 5.805288314819335938e+00 4.732463836669921875e+00 5.766917705535888672e+00
6.893691062927246094e+00 4.708925247192382812e+00 6.890843868255615234e+00 5.785939216613769531e+00 4.763837337493896484e+00 5.742569446563720703e+00
6.891355991363525391e+00 4.672852993011474609e+00 6.888721942901611328e+00 5.779354095458984375e+00 4.819475173950195312e+00 5.728900909423828125e+00
6.888978958129882812e+00 4.676708221435546875e+00 6.886306762695312500e+00 5.777616500854492188e+00 4.849009513854980469e+00 5.723150253295898438e+00
6.886660099029541016e+00 4.662941455841064453e+00 6.884057998657226562e+00 5.775875568389892578e+00 4.774495124816894531e+00 5.730271339416503906e+00
6.883936882019042969e+00 4.700322151184082031e+00 6.881082057952880859e+00 5.777166366577148438e+00 4.731756210327148438e+00 5.736173152923583984e+00
6.881023406982421875e+00 4.722825527191162109e+00 6.877996444702148438e+00 5.783441543579101562e+00 4.757744789123535156e+00 5.740447998046875000e+00
6.877613544464111328e+00 4.646869182586669922e+00 6.875052928924560547e+00 5.794732570648193359e+00 4.808761596679687500e+00 5.747387886047363281e+00
6.874314308166503906e+00 4.561783313751220703e+00 6.872194766998291016e+00 5.801478862762451172e+00 4.815262317657470703e+00 5.754162311553955078e+00
6.870877742767333984e+00 4.434206485748291016e+00 6.869285583496093750e+00 5.806879997253417969e+00 4.862251281738281250e+00 5.754510402679443359e+00
6.866961956024169922e+00 4.329160213470458984e+00 6.865701675415039062e+00 5.817970752716064453e+00 4.891893386840820312e+00 5.763165950775146484e+00
6.863203525543212891e+00 4.374109745025634766e+00 6.861792087554931641e+00 5.829721450805664062e+00 4.906265258789062500e+00 5.774562358856201172e+00
6.859522342681884766e+00 4.336997985839843750e+00 6.858216285705566406e+00 5.839353561401367188e+00 4.929226398468017578e+00 5.782357692718505859e+00
6.855705738067626953e+00 4.318640708923339844e+00 6.854443073272705078e+00 5.847342967987060547e+00 4.960537433624267578e+00 5.786973953247070312e+00
6.851603507995605469e+00 4.313312053680419922e+00 6.850344657897949219e+00 5.856124877929687500e+00 4.997801303863525391e+00 5.791343212127685547e+00
6.846918106079101562e+00 4.198285579681396484e+00 6.845941543579101562e+00 5.869476795196533203e+00 5.006412982940673828e+00 5.805453300476074219e+00
6.842031478881835938e+00 4.034428119659423828e+00 6.841354846954345703e+00 5.880728721618652344e+00 5.010307788848876953e+00 5.817862510681152344e+00
6.836417198181152344e+00 3.820320606231689453e+00 6.835998535156250000e+00 5.885620117187500000e+00 4.998337745666503906e+00 5.825322151184082031e+00
6.830505371093750000e+00 3.932140350341796875e+00 6.829956531524658203e+00 5.887168407440185547e+00 4.942221164703369141e+00 5.834839820861816406e+00
6.826223373413085938e+00 3.918710708618164062e+00 6.825685977935791016e+00 5.885177135467529297e+00 4.940518856048583984e+00 5.832811832427978516e+00
6.822833538055419922e+00 4.124674797058105469e+00 6.821961879730224609e+00 5.878299713134765625e+00 4.894058227539062500e+00 5.830755233764648438e+00
6.819770336151123047e+00 4.217642784118652344e+00 6.818683624267578125e+00 5.871913909912109375e+00 4.901025772094726562e+00 5.822797775268554688e+00
6.815605163574218750e+00 4.274189949035644531e+00 6.814354896545410156e+00 5.870267868041992188e+00 4.872066497802734375e+00 5.824309825897216797e+00
6.811697006225585938e+00 4.268551826477050781e+00 6.810451507568359375e+00 5.871592998504638672e+00 4.870289325714111328e+00 5.825980186462402344e+00
6.808475971221923828e+00 4.350687026977539062e+00 6.806959629058837891e+00 5.872008800506591797e+00 4.805701255798339844e+00 5.833030700683593750e+00
6.805421352386474609e+00 4.120842456817626953e+00 6.804522514343261719e+00 5.874427318572998047e+00 4.741643905639648438e+00 5.841198444366455078e+00
6.802162647247314453e+00 4.176384925842285156e+00 6.801133632659912109e+00 5.876634597778320312e+00 4.732463836669921875e+00 5.844298839569091797e+00
6.798861026763916016e+00 4.396737098693847656e+00 6.797136783599853516e+00 5.878195285797119141e+00 4.641818523406982422e+00 5.852234363555908203e+00
6.796216964721679688e+00 4.354604244232177734e+00 6.794642925262451172e+00 5.872088909149169922e+00 4.411556243896484375e+00 5.856781959533691406e+00
6.793615818023681641e+00 4.275111675262451172e+00 6.792297363281250000e+00 5.866900920867919922e+00 4.411023139953613281e+00 5.851426124572753906e+00
6.790680408477783203e+00 4.405343055725097656e+00 6.788887977600097656e+00 5.858668327331542969e+00 4.438088417053222656e+00 5.841857910156250000e+00
6.788135051727294922e+00 4.476156234741210938e+00 6.786012172698974609e+00 5.850240707397460938e+00 4.367385864257812500e+00 5.835713863372802734e+00
6.785368919372558594e+00 4.548588275909423828e+00 6.782844543457031250e+00 5.848406791687011719e+00 4.333668231964111328e+00 5.834924221038818359e+00
6.782145023345947266e+00 4.574143409729003906e+00 6.779446125030517578e+00 5.851015567779541016e+00 4.088839054107666016e+00 5.843440532684326172e+00
6.778474807739257812e+00 4.548755645751953125e+00 6.775908470153808594e+00 5.854220867156982422e+00 3.764175653457641602e+00 5.850677013397216797e+00
6.775151252746582031e+00 4.566747188568115234e+00 6.772455215454101562e+00 5.855320453643798828e+00 3.513511657714843750e+00 5.853339195251464844e+00
6.772051811218261719e+00 4.632112026214599609e+00 6.768893718719482422e+00 5.852312088012695312e+00 2.576871871948242188e+00 5.852081775665283203e+00
6.769634246826171875e+00 4.696396827697753906e+00 6.765949726104736328e+00 5.845695495605468750e+00 -inf 5.845695495605468750e+00
6.765548229217529297e+00 4.698153972625732422e+00 6.761813640594482422e+00 5.843032836914062500e+00 3.382266998291015625e+00 5.841526985168457031e+00
6.759460449218750000e+00 4.761234760284423828e+00 6.755077838897705078e+00 5.842748641967773438e+00 3.789379835128784180e+00 5.838891029357910156e+00
6.753766059875488281e+00 4.810272693634033203e+00 6.748790740966796875e+00 5.844227790832519531e+00 4.063761234283447266e+00 5.836967468261718750e+00
6.748727798461914062e+00 4.873526573181152344e+00 6.742899894714355469e+00 5.844640731811523438e+00 4.090671539306640625e+00 5.836919784545898438e+00
6.741734981536865234e+00 4.800598144531250000e+00 6.736733436584472656e+00 5.845076084136962891e+00 4.196877479553222656e+00 5.835201740264892578e+00
6.734534263610839844e+00 4.823459625244140625e+00 6.729171752929687500e+00 5.844000816345214844e+00 4.298192501068115234e+00 5.831462860107421875e+00
6.728417873382568359e+00 4.843073844909667969e+00 6.722725391387939453e+00 5.838594436645507812e+00 4.365086078643798828e+00 5.823746204376220703e+00
6.720870494842529297e+00 4.820864677429199219e+00 6.715368747711181641e+00 5.832213878631591797e+00 4.477597236633300781e+00 5.812582492828369141e+00
6.713712215423583984e+00 4.817666053771972656e+00 6.708159446716308594e+00 5.824576854705810547e+00 4.535136222839355469e+00 5.801681995391845703e+00
6.708262920379638672e+00 4.759810447692871094e+00 6.703345298767089844e+00 5.814708232879638672e+00 4.622055053710937500e+00 5.785904407501220703e+00
6.703384399414062500e+00 4.700022220611572266e+00 6.699053287506103516e+00 5.806857585906982422e+00 4.688699722290039062e+00 5.772444725036621094e+00
6.700151443481445312e+00 4.661784172058105469e+00 6.696157932281494141e+00 5.797898292541503906e+00 4.740715503692626953e+00 5.758053779602050781e+00
6.697252750396728516e+00 4.744033336639404297e+00 6.692388534545898438e+00 5.790812015533447266e+00 4.749451160430908203e+00 5.749416351318359375e+00
6.694633007049560547e+00 4.768559455871582031e+00 6.689453125000000000e+00 5.773926734924316406e+00 4.659017562866210938e+00 5.739244937896728516e+00
6.692145824432373047e+00 4.756111145019531250e+00 6.687084674835205078e+00 5.761981487274169922e+00 4.649316787719726562e+00 5.727112770080566406e+00
6.689713001251220703e+00 4.735506057739257812e+00 6.684859752655029297e+00 5.752070903778076172e+00 4.649787902832031250e+00 5.716322422027587891e+00
6.686975479125976562e+00 4.621696949005126953e+00 6.683221817016601562e+00 5.743556022644042969e+00 4.534923553466796875e+00 5.715826034545898438e+00
6.684114933013916016e+00 4.340251922607421875e+00 6.682143211364746094e+00 5.745232582092285156e+00 4.457746505737304688e+00 5.722231388092041016e+00
6.681347846984863281e+00 4.172102928161621094e+00 6.680001258850097656e+00 5.751704692840576172e+00 4.311576366424560547e+00 5.735648155212402344e+00
6.679313182830810547e+00 4.031459808349609375e+00 6.678335189819335938e+00 5.751218795776367188e+00 4.149419307708740234e+00 5.740216732025146484e+00
6.678134918212890625e+00 3.885247707366943359e+00 6.677434444427490234e+00 5.743927001953125000e+00 3.997268438339233398e+00 5.736073970794677734e+00
6.677440166473388672e+00 3.968702793121337891e+00 6.676589965820312500e+00 5.733426094055175781e+00 3.883741855621337891e+00 5.727243423461914062e+00
6.676801204681396484e+00 4.072175502777099609e+00 6.675720691680908203e+00 5.721565246582031250e+00 4.051294803619384766e+00 5.712185382843017578e+00
6.675565719604492188e+00 4.009127616882324219e+00 6.674628257751464844e+00 5.710672855377197266e+00 4.111651897430419922e+00 5.699599266052246094e+00
6.672927379608154297e+00 4.026507854461669922e+00 6.671945571899414062e+00 5.707253456115722656e+00 4.160445213317871094e+00 5.694744586944580078e+00
6.669723033905029297e+00 3.875296592712402344e+00 6.669024944305419922e+00 5.702686786651611328e+00 4.085773468017578125e+00 5.692066192626953125e+00
6.665781021118164062e+00 3.847601652145385742e+00 6.665120601654052734e+00 5.697749137878417969e+00 4.216394424438476562e+00 5.683171272277832031e+00
6.661249637603759766e+00 4.032478809356689453e+00 6.660226821899414062e+00 5.692399978637695312e+00 4.363502979278564453e+00 5.671541690826416016e+00
6.656421184539794922e+00 4.063608169555664062e+00 6.655310153961181641e+00 5.682748794555664062e+00 4.438970088958740234e+00 5.657239437103271484e+00
6.651145935058593750e+00 3.906958103179931641e+00 6.650362491607666016e+00 5.671254634857177734e+00 4.443529129028320312e+00 5.644754886627197266e+00
6.647853374481201172e+00 3.837650060653686523e+00 6.647180557250976562e+00 5.649724483489990234e+00 4.393848896026611328e+00 5.624936580657958984e+00
6.646203517913818359e+00 3.871289253234863281e+00 6.645473003387451172e+00 5.629902362823486328e+00 4.408488273620605469e+00 5.603002548217773438e+00
6.645016193389892578e+00 3.740423440933227539e+00 6.644474983215332031e+00 5.614408969879150391e+00 4.402204513549804688e+00 5.586913585662841797e+00
6.643445968627929688e+00 3.648715496063232422e+00 6.643005847930908203e+00 5.602182865142822266e+00 4.375268459320068359e+00 5.575632095336914062e+00
6.641157627105712891e+00 3.868912458419799805e+00 6.640423297882080078e+00 5.594268798828125000e+00 4.343661785125732422e+00 5.569169044494628906e+00
6.638306140899658203e+00 3.975039482116699219e+00 6.637362003326416016e+00 5.584465026855468750e+00 4.251540184020996094e+00 5.563804149627685547e+00
6.635461330413818359e+00 3.986271142959594727e+00 6.634486198425292969e+00 5.571333408355712891e+00 3.989056587219238281e+00 5.559818744659423828e+00
6.633645534515380859e+00 4.192829608917236328e+00 6.632068634033203125e+00 5.563117980957031250e+00 3.928692579269409180e+00 5.552921295166015625e+00
6.631546020507812500e+00 4.208508014678955078e+00 6.629903316497802734e+00 5.553220748901367188e+00 3.886831998825073242e+00 5.543756008148193359e+00
6.629405021667480469e+00 4.136716365814208984e+00 6.628005981445312500e+00 5.540397167205810547e+00 3.894694566726684570e+00 5.530465126037597656e+00
6.627835273742675781e+00 4.212842464447021484e+00 6.626161575317382812e+00 5.520884513854980469e+00 4.098463535308837891e+00 5.504146099090576172e+00
6.624949932098388672e+00 4.083402633666992188e+00 6.623699665069580078e+00 5.507071971893310547e+00 3.984434843063354492e+00 5.493836402893066406e+00
6.620624065399169922e+00 4.067258834838867188e+00 6.619407653808593750e+00 5.496621608734130859e+00 3.806766271591186523e+00 5.487659931182861328e+00
6.615430355072021484e+00 4.053951740264892578e+00 6.614236831665039062e+00 5.483170986175537109e+00 3.913830995559692383e+00 5.471303462982177734e+00
6.610873222351074219e+00 4.132749557495117188e+00 6.609426498413085938e+00 5.466726779937744141e+00 3.896396875381469727e+00 5.454886436462402344e+00
6.605460166931152344e+00 4.088335514068603516e+00 6.604137897491455078e+00 5.451187610626220703e+00 3.857123851776123047e+00 5.439985275268554688e+00
6.599872589111328125e+00 3.886517763137817383e+00 6.599031448364257812e+00 5.441244125366210938e+00 3.702260971069335938e+00 5.433249950408935547e+00
6.596743583679199219e+00 3.843854188919067383e+00 6.595975875854492188e+00 5.424857139587402344e+00 3.784693479537963867e+00 5.414795875549316406e+00
6.594583988189697266e+00 3.829210758209228516e+00 6.593837738037109375e+00 5.402499198913574219e+00 3.504325151443481445e+00 5.396973609924316406e+00
6.592659950256347656e+00 3.770719766616821289e+00 6.592005252838134766e+00 5.375920772552490234e+00 3.333864927291870117e+00 5.371960163116455078e+00
6.590205669403076172e+00 3.918736457824707031e+00 6.589279174804687500e+00 5.331256866455078125e+00 2.619534492492675781e+00 5.330412864685058594e+00
6.584587574005126953e+00 4.138299942016601562e+00 6.583030700683593750e+00 5.294881343841552734e+00 2.620945930480957031e+00 5.293960094451904297e+00
6.579593181610107422e+00 4.270193099975585938e+00 6.577457904815673828e+00 5.255918502807617188e+00 -inf 5.255918502807617188e+00
6.575805664062500000e+00 4.317457199096679688e+00 6.573402881622314453e+00 5.201899528503417969e+00 -inf 5.201899528503417969e+00
6.572678089141845703e+00 4.256160736083984375e+00 6.570577144622802734e+00 5.122335910797119141e+00 -inf 5.122335910797119141e+00
6.568053722381591797e+00 4.123624801635742188e+00 6.566490173339843750e+00 5.044941902160644531e+00 2.948726415634155273e+00 5.041448116302490234e+00
6.561636447906494141e+00 4.110151290893554688e+00 6.560098171234130859e+00 4.988487720489501953e+00 -inf 4.988487720489501953e+00
6.555180549621582031e+00 3.824927091598510742e+00 6.554371356964111328e+00 4.941999435424804688e+00 -inf 4.941999435424804688e+00
6.548923015594482422e+00 3.599266767501831055e+00 6.548435211181640625e+00 4.897964000701904297e+00 -inf 4.897964000701904297e+00
6.543481826782226562e+00 3.442518234252929688e+00 6.543138027191162109e+00 4.842227458953857422e+00 -inf 4.842227458953857422e+00
6.538450241088867188e+00 3.498862028121948242e+00 6.538053989410400391e+00 4.795967102050781250e+00 -inf 4.795967102050781250e+00
6.535534381866455078e+00 3.629387855529785156e+00 6.534995079040527344e+00 4.680720329284667969e+00 -inf 4.680720329284667969e+00
6.531981945037841797e+00 3.466879367828369141e+00 6.531608104705810547e+00 4.604080200195312500e+00 -inf 4.604080200195312500e+00
6.527975082397460938e+00 3.446735143661499023e+00 6.527614593505859375e+00 4.564974784851074219e+00 -inf 4.564974784851074219e+00
6.523323059082031250e+00 3.236088991165161133e+00 6.523098468780517578e+00 4.471282958984375000e+00 -inf 4.471282958984375000e+00
6.517232894897460938e+00 3.225997447967529297e+00 6.517010688781738281e+00 4.418827056884765625e+00 -inf 4.418827056884765625e+00
6.509211540222167969e+00 3.374841213226318359e+00 6.508893013000488281e+00 4.396937370300292969e+00 -inf 4.396937370300292969e+00
6.501085281372070312e+00 3.577365636825561523e+00 6.500566959381103516e+00 4.369325637817382812e+00 -inf 4.369325637817382812e+00
6.489873886108398438e+00 2.919562101364135742e+00 6.489757061004638672e+00 4.356968402862548828e+00 -inf 4.356968402862548828e+00
6.476205825805664062e+00 -inf 6.476205825805664062e+00 4.339605808258056641e+00 -inf 4.339605808258056641e+00
6.456942558288574219e+00 2.568721771240234375e+00 6.456886291503906250e+00 4.327937602996826172e+00 -inf 4.327937602996826172e+00
6.434219360351562500e+00 -inf 6.434219360351562500e+00 4.312410831451416016e+00 -inf 4.312410831451416016e+00
6.410121917724609375e+00 2.757665872573852539e+00 6.410025119781494141e+00 4.284104347229003906e+00 -inf 4.284104347229003906e+00
6.385635375976562500e+00 -inf 6.385635375976562500e+00 4.265097618103027344e+00 -inf 4.265097618103027344e+00
6.361220836639404297e+00 -inf 6.361220836639404297e+00 4.261601448059082031e+00 -inf 4.261601448059082031e+00
6.337088108062744141e+00 2.569316387176513672e+00 6.337014198303222656e+00 4.255273818969726562e+00 -inf 4.255273818969726562e+00
6.311845779418945312e+00 2.898275375366210938e+00 6.311678409576416016e+00 4.254353523254394531e+00 -inf 4.254353523254394531e+00
6.283149242401123047e+00 2.560005426406860352e+00 6.283067226409912109e+00 4.250840187072753906e+00 -inf 4.250840187072753906e+00
6.249945640563964844e+00 2.565649986267089844e+00 6.249855995178222656e+00 4.245957851409912109e+00 -inf 4.245957851409912109e+00
6.217271804809570312e+00 2.572250366210937500e+00 6.217173576354980469e+00 4.236320495605468750e+00 -inf 4.236320495605468750e+00
6.188121795654296875e+00 -inf 6.188121795654296875e+00 4.231033802032470703e+00 -inf 4.231033802032470703e+00
6.159571170806884766e+00 -inf 6.159571170806884766e+00 4.216524600982666016e+00 -inf 4.216524600982666016e+00
6.129297733306884766e+00 -inf 6.129297733306884766e+00 4.204893112182617188e+00 -inf 4.204893112182617188e+00
6.093780994415283203e+00 2.580600738525390625e+00 6.093647480010986328e+00 4.181910514831542969e+00 -inf 4.181910514831542969e+00
6.059580802917480469e+00 3.180583000183105469e+00 6.059006214141845703e+00 4.158826828002929688e+00 -inf 4.158826828002929688e+00
6.025411605834960938e+00 3.240219831466674805e+00 6.024699211120605469e+00 4.132896423339843750e+00 -inf 4.132896423339843750e+00
5.989495277404785156e+00 2.883659124374389648e+00 5.989154338836669922e+00 4.106046676635742188e+00 -inf 4.106046676635742188e+00
5.942770004272460938e+00 3.277189493179321289e+00 5.941830635070800781e+00 4.075679302215576172e+00 -inf 4.075679302215576172e+00
5.885691165924072266e+00 -inf 5.885691165924072266e+00 4.054487228393554688e+00 -inf 4.054487228393554688e+00
5.847084045410156250e+00 2.625068426132202148e+00 5.846823692321777344e+00 4.022851467132568359e+00 -inf 4.022851467132568359e+00
5.812192916870117188e+00 2.888195037841796875e+00 5.811675548553466797e+00 3.966873645782470703e+00 -inf 3.966873645782470703e+00
5.781583786010742188e+00 2.880076885223388672e+00 5.781038761138916016e+00 3.949483633041381836e+00 -inf 3.949483633041381836e+00
5.743795394897460938e+00 2.893458843231201172e+00 5.743181705474853516e+00 3.945182323455810547e+00 -inf 3.945182323455810547e+00
5.711218833923339844e+00 2.565691709518432617e+00 5.710907936096191406e+00 3.947344779968261719e+00 -inf 3.947344779968261719e+00
5.681253433227539062e+00 -inf 5.681253433227539062e+00 3.947787761688232422e+00 -inf 3.947787761688232422e+00
5.660601139068603516e+00 -inf 5.660601139068603516e+00 3.944287538528442383e+00 -inf 3.944287538528442383e+00
5.640178680419921875e+00 -inf 5.640178680419921875e+00 3.945403099060058594e+00 -inf 3.945403099060058594e+00
5.605111122131347656e+00 -inf 5.605111122131347656e+00 3.946809768676757812e+00 -inf 3.946809768676757812e+00
5.574018478393554688e+00 -inf 5.574018478393554688e+00 3.947269678115844727e+00 -inf 3.947269678115844727e+00
5.526740550994873047e+00 -inf 5.526740550994873047e+00 3.948519468307495117e+00 -inf 3.948519468307495117e+00
5.476170063018798828e+00 -inf 5.476170063018798828e+00 3.946811199188232422e+00 -inf 3.946811199188232422e+00
5.434645652770996094e+00 2.559998989105224609e+00 5.434065818786621094e+00 3.946812629699707031e+00 -inf 3.946812629699707031e+00
5.404381752014160156e+00 -inf 5.404381752014160156e+00 3.946813344955444336e+00 -inf 3.946813344955444336e+00
5.359257221221923828e+00 -inf 5.359257221221923828e+00 3.946814060211181641e+00 -inf 3.946814060211181641e+00
5.320584774017333984e+00 -inf 5.320584774017333984e+00 3.946814298629760742e+00 -inf 3.946814298629760742e+00
5.281611919403076172e+00 -inf 5.281611919403076172e+00 3.946815013885498047e+00 -inf 3.946815013885498047e+00
5.237680435180664062e+00 -inf 5.237680435180664062e+00 3.946815490722656250e+00 -inf 3.946815490722656250e+00
5.194288730621337891e+00 -inf 5.194288730621337891e+00 3.946816205978393555e+00 -inf 3.946816205978393555e+00
5.150444030761718750e+00 -inf 5.150444030761718750e+00 3.946816444396972656e+00 -inf 3.946816444396972656e+00
5.103104114532470703e+00 -inf 5.103104114532470703e+00 3.946816682815551758e+00 -inf 3.946816682815551758e+00
5.037188053131103516e+00 -inf 5.037188053131103516e+00 3.946817159652709961e+00 -inf 3.946817159652709961e+00
4.990541934967041016e+00 -inf 4.990541934967041016e+00 3.946817398071289062e+00 -inf 3.946817398071289062e+00
4.947853088378906250e+00 -inf 4.947853088378906250e+00 3.946817636489868164e+00 -inf 3.946817636489868164e+00
4.914574623107910156e+00 -inf 4.914574623107910156e+00 3.946818113327026367e+00 -inf 3.946818113327026367e+00
4.877716064453125000e+00 -inf 4.877716064453125000e+00 3.946818113327026367e+00 -inf 3.946818113327026367e+00
4.815297126770019531e+00 -inf 4.815297126770019531e+00 3.946818351745605469e+00 -inf 3.946818351745605469e+00
4.752030849456787109e+00 -inf 4.752030849456787109e+00 3.946818351745605469e+00 -inf 3.946818351745605469e+00
4.680751323699951172e+00 -inf 4.680751323699951172e+00 3.946818590164184570e+00 -inf 3.946818590164184570e+00
4.618684768676757812e+00 -inf 4.618684768676757812e+00 3.946818590164184570e+00 -inf 3.946818590164184570e+00
4.583244800567626953e+00 -inf 4.583244800567626953e+00 3.946818828582763672e+00 -inf 3.946818828582763672e+00
4.445729732513427734e+00 -inf 4.445729732513427734e+00 3.946818828582763672e+00 -inf 3.946818828582763672e+00
4.398302078247070312e+00 -inf 4.398302078247070312e+00 3.946818828582763672e+00 -inf 3.946818828582763672e+00
4.359783649444580078e+00 -inf 4.359783649444580078e+00 3.946819067001342773e+00 -inf 3.946819067001342773e+00
4.343109130859375000e+00 -inf 4.343109130859375000e+00 3.946819067001342773e+00 -inf 3.946819067001342773e+00
4.343109130859375000e+00 -inf 4.343109130859375000e+00 3.946819067001342773e+00 -inf 3.946819067001342773e+00
4.343109130859375000e+00 -inf 4.343109130859375000e+00 3.946819067001342773e+00 -inf 3.946819067001342773e+00
4.343109130859375000e+00 -inf 4.343109130859375000e+00 3.946819067001342773e+00 -inf 3.946819067001342773e+00
4.343109130859375000e+00 -inf 4.343109130859375000e+00 3.946819067001342773e+00 -inf 3.946819067001342773e+00
4.343109130859375000e+00 -inf 4.343109130859375000e+00 3.946818828582763672e+00 -inf 3.946818828582763672e+00
4.343108654022216797e+00 -inf 4.343108654022216797e+00 3.946818828582763672e+00 -inf 3.946818828582763672e+00
4.343108654022216797e+00 -inf 4.343108654022216797e+00 3.946818828582763672e+00 -inf 3.946818828582763672e+00
4.343108654022216797e+00 -inf 4.343108654022216797e+00 3.946818828582763672e+00 -inf 3.946818828582763672e+00
4.343108654022216797e+00 -inf 4.343108654022216797e+00 3.946818828582763672e+00 -inf 3.946818828582763672e+00
