5.572837352752685547e+00 -3.296502865850925446e-03 5.572836399078369141e+00 6.968104839324951172e+00 5.944289684295654297e+00 6.924914360046386719e+00
5.569150924682617188e+00 2.447582483291625977e+00 5.568822860717773438e+00 6.967716217041015625e+00 5.997832298278808594e+00 6.918479442596435547e+00
5.561590194702148438e+00 2.234415769577026367e+00 5.561386108398437500e+00 6.967503547668457031e+00 6.045710563659667969e+00 6.912118434906005859e+00
5.557987213134765625e+00 2.150847911834716797e+00 5.557817459106445312e+00 6.966830253601074219e+00 5.943725109100341797e+00 6.923565387725830078e+00
5.549620628356933594e+00 1.327244758605957031e+00 5.549594402313232422e+00 6.966702461242675781e+00 5.940505981445312500e+00 6.923760890960693359e+00
5.541579723358154297e+00 6.551852822303771973e-01 5.541573524475097656e+00 6.966986179351806641e+00 5.911560535430908203e+00 6.926972389221191406e+00
5.529218673706054688e+00 1.174111142754554749e-01 5.529217243194580078e+00 6.965404510498046875e+00 5.744058609008789062e+00 6.938500881195068359e+00
5.518200874328613281e+00 1.467113848775625229e-02 5.518198966979980469e+00 6.964612007141113281e+00 5.580864906311035156e+00 6.946281909942626953e+00
5.509292602539062500e+00 8.955315351486206055e-01 5.509282112121582031e+00 6.964674949645996094e+00 5.594383716583251953e+00 6.945755004882812500e+00
5.503829479217529297e+00 1.463423728942871094e+00 5.503790855407714844e+00 6.964015960693359375e+00 5.728941917419433594e+00 6.937974452972412109e+00
5.505080699920654297e+00 1.299557685852050781e+00 5.505053520202636719e+00 6.965203285217285156e+00 5.897425174713134766e+00 6.926362991333007812e+00
5.507225036621093750e+00 1.191567063331604004e+00 5.507204055786132812e+00 6.965772628784179688e+00 6.043607711791992188e+00 6.910438537597656250e+00
5.498682975769042969e+00 1.721262574195861816e+00 5.498610019683837891e+00 6.966354846954345703e+00 6.171953678131103516e+00 6.890351772308349609e+00
5.506575584411621094e+00 1.982253551483154297e+00 5.506445407867431641e+00 6.966364860534667969e+00 6.259422779083251953e+00 6.871425151824951172e+00
5.522456169128417969e+00 2.171598911285400391e+00 5.522262096405029297e+00 6.966688632965087891e+00 6.326258182525634766e+00 6.853821754455566406e+00
5.532480239868164062e+00 2.099986791610717773e+00 5.532319545745849609e+00 6.967275619506835938e+00 6.381744384765625000e+00 6.836684226989746094e+00
5.536221504211425781e+00 2.298130273818969727e+00 5.535970687866210938e+00 6.967860221862792969e+00 6.429073333740234375e+00 6.819601535797119141e+00
5.545710563659667969e+00 2.499600410461425781e+00 5.545320034027099609e+00 6.968266963958740234e+00 6.467011928558349609e+00 6.803758144378662109e+00
5.544251918792724609e+00 2.709975242614746094e+00 5.543614864349365234e+00 6.969306945800781250e+00 6.497866153717041016e+00 6.790347576141357422e+00
5.550530910491943359e+00 2.700876951217651367e+00 5.549916744232177734e+00 6.969569206237792969e+00 6.520514965057373047e+00 6.778733730316162109e+00
5.557832241058349609e+00 3.071471691131591797e+00 5.556412696838378906e+00 6.969508647918701172e+00 6.531659603118896484e+00 6.772364616394042969e+00
5.565845489501953125e+00 3.172304630279541016e+00 5.564087390899658203e+00 6.969538211822509766e+00 6.547958850860595703e+00 6.762763023376464844e+00
5.579412460327148438e+00 3.090267658233642578e+00 5.578001976013183594e+00 6.969248771667480469e+00 6.539770126342773438e+00 6.767220973968505859e+00
5.593126773834228516e+00 2.930778980255126953e+00 5.592180728912353516e+00 6.969563961029052734e+00 6.519831180572509766e+00 6.779102325439453125e+00
5.609334945678710938e+00 2.088950157165527344e+00 5.609204292297363281e+00 6.969067096710205078e+00 6.446970462799072266e+00 6.813829898834228516e+00
5.620753288269042969e+00 2.061812162399291992e+00 5.620633602142333984e+00 6.968400478363037109e+00 6.405010223388671875e+00 6.829766750335693359e+00
5.633685111999511719e+00 9.327108263969421387e-01 5.633676052093505859e+00 6.967338085174560547e+00 6.242335319519042969e+00 6.876699447631835938e+00
5.648080348968505859e+00 1.309144020080566406e+00 5.648061275482177734e+00 6.967299461364746094e+00 6.136122226715087891e+00 6.897988319396972656e+00
5.656727313995361328e+00 1.224674820899963379e+00 5.656711101531982422e+00 6.967426300048828125e+00 6.104303359985351562e+00 6.903412342071533203e+00
5.660940170288085938e+00 1.160479664802551270e+00 5.660926818847656250e+00 6.966406345367431641e+00 6.069659709930419922e+00 6.907500267028808594e+00
5.660663127899169922e+00 1.622796535491943359e+00 5.660623550415039062e+00 6.966732501983642578e+00 6.064198493957519531e+00 6.908660888671875000e+00
5.658826828002929688e+00 6.835666298866271973e-01 5.658822059631347656e+00 6.966214656829833984e+00 6.002231121063232422e+00 6.916265010833740234e+00
5.656880378723144531e+00 9.285963177680969238e-01 5.656871795654296875e+00 6.964638233184814453e+00 5.903303623199462891e+00 6.925190925598144531e+00
5.652855396270751953e+00 1.447062253952026367e+00 5.652828216552734375e+00 6.965165138244628906e+00 5.835013866424560547e+00 6.931726455688476562e+00
5.651212692260742188e+00 1.794196009635925293e+00 5.651152610778808594e+00 6.965161800384521484e+00 5.748445034027099609e+00 6.937960624694824219e+00
5.644201278686523438e+00 -1.134479045867919922e+00 5.644201278686523438e+00 6.965511798858642578e+00 5.729402065277099609e+00 6.939534187316894531e+00
5.636597633361816406e+00 5.725113153457641602e-01 5.636594295501708984e+00 6.965218544006347656e+00 5.589241981506347656e+00 6.946549415588378906e+00
5.627484321594238281e+00 -4.624412059783935547e-01 5.627483844757080078e+00 6.964903354644775391e+00 5.501058101654052734e+00 6.949715137481689453e+00
5.618324756622314453e+00 4.050235152244567871e-01 5.618321895599365234e+00 6.965683460235595703e+00 5.393951416015625000e+00 6.953881740570068359e+00
5.607150554656982422e+00 1.541637778282165527e+00 5.607113361358642578e+00 6.966259479522705078e+00 5.381986141204833984e+00 6.954798221588134766e+00
5.591019630432128906e+00 8.774970173835754395e-01 5.591011047363281250e+00 6.966645240783691406e+00 5.340958118438720703e+00 6.956239223480224609e+00
5.584995746612548828e+00 1.784791350364685059e+00 5.584927082061767578e+00 6.967241764068603516e+00 5.368193626403808594e+00 6.956169128417968750e+00
5.575109958648681641e+00 1.552857756614685059e+00 5.575068473815917969e+00 6.967967987060546875e+00 5.481959342956542969e+00 6.953548431396484375e+00
5.567100524902343750e+00 1.761091351509094238e+00 5.567032814025878906e+00 6.968370437622070312e+00 5.653165340423583984e+00 6.946827888488769531e+00
5.553964614868164062e+00 1.639901041984558105e+00 5.553911685943603516e+00 6.969408988952636719e+00 5.868809223175048828e+00 6.933516025543212891e+00
5.533768653869628906e+00 1.359939694404602051e+00 5.533739566802978516e+00 6.970252513885498047e+00 6.071066856384277344e+00 6.911699771881103516e+00
5.509884834289550781e+00 1.736279845237731934e+00 5.509811401367187500e+00 6.971093177795410156e+00 6.237389087677001953e+00 6.882449150085449219e+00
5.480806350708007812e+00 1.929773807525634766e+00 5.480683803558349609e+00 6.972720146179199219e+00 6.353924751281738281e+00 6.853219032287597656e+00
5.448240756988525391e+00 2.093142986297607422e+00 5.448049068450927734e+00 6.973897933959960938e+00 6.437017440795898438e+00 6.824861526489257812e+00
5.416144371032714844e+00 2.188409328460693359e+00 5.415887355804443359e+00 6.974882602691650391e+00 6.491275310516357422e+00 6.801998615264892578e+00
5.381845951080322266e+00 2.181661128997802734e+00 5.381572246551513672e+00 6.975750446319580078e+00 6.538095474243164062e+00 6.778494358062744141e+00
5.346077919006347656e+00 2.135943174362182617e+00 5.345810890197753906e+00 6.976343154907226562e+00 6.577351093292236328e+00 6.755194664001464844e+00
5.297883510589599609e+00 1.774875402450561523e+00 5.297752857208251953e+00 6.977362632751464844e+00 6.515949726104736328e+00 6.793199062347412109e+00
5.253237724304199219e+00 1.632389664649963379e+00 5.253133773803710938e+00 6.978321552276611328e+00 6.516885280609130859e+00 6.794170856475830078e+00
5.208201885223388672e+00 1.877362489700317383e+00 5.207998752593994141e+00 6.978972434997558594e+00 6.515712738037109375e+00 6.795781135559082031e+00
5.156325817108154297e+00 1.670988798141479492e+00 5.156183242797851562e+00 6.980360031127929688e+00 6.559834957122802734e+00 6.772940158843994141e+00
5.119646072387695312e+00 1.696958065032958984e+00 5.119481563568115234e+00 6.981138706207275391e+00 6.624797344207763672e+00 6.729164600372314453e+00
5.087572097778320312e+00 1.781619191169738770e+00 5.087357044219970703e+00 6.981889724731445312e+00 6.671594142913818359e+00 6.689930915832519531e+00
5.056413173675537109e+00 1.591591715812683105e+00 5.056264877319335938e+00 6.982139110565185547e+00 6.688367843627929688e+00 6.673727989196777344e+00
5.012000560760498047e+00 1.368307232856750488e+00 5.011901855468750000e+00 6.982376098632812500e+00 6.672945976257324219e+00 6.689586639404296875e+00
4.970421791076660156e+00 1.576414823532104492e+00 4.970246315002441406e+00 6.982657909393310547e+00 6.669577598571777344e+00 6.693353176116943359e+00
4.909275054931640625e+00 1.577214956283569336e+00 4.909073352813720703e+00 6.982882499694824219e+00 6.663250446319580078e+00 6.699690341949462891e+00
4.893329620361328125e+00 1.504335761070251465e+00 4.893152236938476562e+00 6.983014106750488281e+00 6.694534778594970703e+00 6.669059276580810547e+00
4.843678474426269531e+00 1.938673019409179688e+00 4.843138217926025391e+00 6.983034610748291016e+00 6.730572223663330078e+00 6.627313613891601562e+00
4.802695751190185547e+00 2.036301612854003906e+00 4.801951408386230469e+00 6.983681678771972656e+00 6.760355949401855469e+00 6.587948322296142578e+00
4.734062194824218750e+00 2.323189258575439453e+00 4.732372283935546875e+00 6.983487606048583984e+00 6.790709495544433594e+00 6.537931919097900391e+00
4.681991577148437500e+00 1.404822349548339844e+00 4.681762218475341797e+00 6.983609676361083984e+00 6.745636463165283203e+00 6.608786582946777344e+00
4.612876892089843750e+00 1.358896732330322266e+00 4.612635135650634766e+00 6.983215332031250000e+00 6.688770294189453125e+00 6.675499439239501953e+00
4.539151668548583984e+00 9.769823551177978516e-01 4.539032459259033203e+00 6.983144760131835938e+00 6.588582992553710938e+00 6.759029388427734375e+00
4.488803863525390625e+00 1.240932106971740723e+00 4.488558292388916016e+00 6.983361721038818359e+00 6.537442684173583984e+00 6.790786266326904297e+00
4.445661544799804688e+00 -9.888015985488891602e-01 4.445659637451171875e+00 6.983512878417968750e+00 6.502534866333007812e+00 6.809337139129638672e+00
4.367198944091796875e+00 -5.771770477294921875e-01 4.367194175720214844e+00 6.983001232147216797e+00 6.477950572967529297e+00 6.820228099822998047e+00
4.345461845397949219e+00 -9.362114667892456055e-01 4.345459461212158203e+00 6.981685638427734375e+00 6.384576797485351562e+00 6.855083465576171875e+00
4.332935333251953125e+00 -5.632377862930297852e-01 4.332930088043212891e+00 6.981902122497558594e+00 6.321187496185302734e+00 6.874877452850341797e+00
4.309303283691406250e+00 -inf 4.309303283691406250e+00 6.981719017028808594e+00 6.243972778320312500e+00 6.893984794616699219e+00
4.282168865203857422e+00 -inf 4.282168865203857422e+00 6.982210159301757812e+00 6.243585586547851562e+00 6.894673347473144531e+00
4.247176647186279297e+00 -inf 4.247176647186279297e+00 6.980116367340087891e+00 6.148486137390136719e+00 6.910883426666259766e+00
4.238204956054687500e+00 -inf 4.238204956054687500e+00 6.980504512786865234e+00 6.125082015991210938e+00 6.915255069732666016e+00
4.217684745788574219e+00 -inf 4.217684745788574219e+00 6.979530334472656250e+00 6.029695510864257812e+00 6.927823543548583984e+00
4.171672344207763672e+00 -inf 4.171672344207763672e+00 6.978377342224121094e+00 5.948414325714111328e+00 6.935825347900390625e+00
4.156419277191162109e+00 -inf 4.156419277191162109e+00 6.978497982025146484e+00 5.881626129150390625e+00 6.942282676696777344e+00
4.147544384002685547e+00 -inf 4.147544384002685547e+00 6.978563308715820312e+00 5.871461868286132812e+00 6.943226337432861328e+00
4.152331829071044922e+00 -inf 4.152331829071044922e+00 6.978665828704833984e+00 5.881715774536132812e+00 6.942457199096679688e+00
4.153378486633300781e+00 -inf 4.153378486633300781e+00 6.977605819702148438e+00 5.956442832946777344e+00 6.934137344360351562e+00
4.146698951721191406e+00 -inf 4.146698951721191406e+00 6.977072238922119141e+00 5.906135082244873047e+00 6.938526153564453125e+00
4.137468338012695312e+00 -inf 4.137468338012695312e+00 6.977005481719970703e+00 5.931571006774902344e+00 6.936014652252197266e+00
4.117786884307861328e+00 -inf 4.117786884307861328e+00 6.976447105407714844e+00 5.856831073760986328e+00 6.942154407501220703e+00
4.096257686614990234e+00 -inf 4.096257686614990234e+00 6.975330829620361328e+00 5.702244758605957031e+00 6.951532840728759766e+00
4.076930999755859375e+00 -inf 4.076930999755859375e+00 6.974617958068847656e+00 5.627962589263916016e+00 6.954615116119384766e+00
4.055103302001953125e+00 -inf 4.055103302001953125e+00 6.974967479705810547e+00 5.509455204010009766e+00 6.959838867187500000e+00
4.024071216583251953e+00 -inf 4.024071216583251953e+00 6.974822521209716797e+00 5.581202030181884766e+00 6.956912994384765625e+00
4.016067028045654297e+00 5.567598342895507812e-01 4.015915870666503906e+00 6.974861145019531250e+00 5.740254402160644531e+00 6.948791027069091797e+00
3.965252637863159180e+00 -inf 3.965252637863159180e+00 6.974693775177001953e+00 5.876556873321533203e+00 6.938588619232177734e+00
3.900405645370483398e+00 -4.319405257701873779e-01 3.900385379791259766e+00 6.975081443786621094e+00 6.063521385192871094e+00 6.918286323547363281e+00
3.989307403564453125e+00 1.357340365648269653e-01 3.989246606826782227e+00 6.975120067596435547e+00 6.229766368865966797e+00 6.889071464538574219e+00
4.023097038269042969e+00 3.725441992282867432e-01 4.022999763488769531e+00 6.975008010864257812e+00 6.336852073669433594e+00 6.861464023590087891e+00
4.044704437255859375e+00 5.455129742622375488e-01 4.044566631317138672e+00 6.974928379058837891e+00 6.420732975006103516e+00 6.832785129547119141e+00
4.116294860839843750e+00 1.018431425094604492e+00 4.115948200225830078e+00 6.974744319915771484e+00 6.495097637176513672e+00 6.799911022186279297e+00
4.197199344635009766e+00 1.270094156265258789e+00 4.196685791015625000e+00 6.974843025207519531e+00 6.546440601348876953e+00 6.772177696228027344e+00
4.228004455566406250e+00 1.351413249969482422e+00 4.227427005767822266e+00 6.974279403686523438e+00 6.596603393554687500e+00 6.738376140594482422e+00
4.281163692474365234e+00 1.360559344291687012e+00 4.280642032623291016e+00 6.974304199218750000e+00 6.634360790252685547e+00 6.708985805511474609e+00
4.366007804870605469e+00 1.999954938888549805e+00 4.364134311676025391e+00 6.974643230438232422e+00 6.656372070312500000e+00 6.690196514129638672e+00
4.380096435546875000e+00 2.320846796035766602e+00 4.376290798187255859e+00 6.974432468414306641e+00 6.678897380828857422e+00 6.667836666107177734e+00
4.448992729187011719e+00 2.246485471725463867e+00 4.446259975433349609e+00 6.974040985107421875e+00 6.704277515411376953e+00 6.639317989349365234e+00
4.513884067535400391e+00 2.101936101913452148e+00 4.512198448181152344e+00 6.974090099334716797e+00 6.727226257324218750e+00 6.611162185668945312e+00
4.519054412841796875e+00 1.266687273979187012e+00 4.518811702728271484e+00 6.973164558410644531e+00 6.663070201873779297e+00 6.681013584136962891e+00
4.564007759094238281e+00 9.274622201919555664e-01 4.563907623291015625e+00 6.973142623901367188e+00 6.606510639190673828e+00 6.729092597961425781e+00
4.607249736785888672e+00 1.236715078353881836e+00 4.607064723968505859e+00 6.973436355590820312e+00 6.560520172119140625e+00 6.761291980743408203e+00
4.644307136535644531e+00 1.648816823959350586e+00 4.643868446350097656e+00 6.972778320312500000e+00 6.556288242340087891e+00 6.762866973876953125e+00
4.685683250427246094e+00 2.274741172790527344e+00 4.683994293212890625e+00 6.973004341125488281e+00 6.604811191558837891e+00 6.730128288269042969e+00
4.721641063690185547e+00 2.214313983917236328e+00 4.720288276672363281e+00 6.972681045532226562e+00 6.651579380035400391e+00 6.690835475921630859e+00
4.756524085998535156e+00 7.069603800773620605e-01 4.756485462188720703e+00 6.971995353698730469e+00 6.599359989166259766e+00 6.732419013977050781e+00
4.776865959167480469e+00 2.261737734079360962e-01 4.776854038238525391e+00 6.972038269042968750e+00 6.578723907470703125e+00 6.747077941894531250e+00
4.799716472625732422e+00 4.888049066066741943e-01 4.799695491790771484e+00 6.972227096557617188e+00 6.562774658203125000e+00 6.757886886596679688e+00
4.818634033203125000e+00 -1.056740880012512207e+00 4.818633079528808594e+00 6.971534729003906250e+00 6.505948066711425781e+00 6.789559841156005859e+00
4.835334300994873047e+00 -5.764453485608100891e-02 4.835328578948974609e+00 6.971556186676025391e+00 6.495936393737792969e+00 6.794712543487548828e+00
4.854660511016845703e+00 2.268247492611408234e-02 4.854654312133789062e+00 6.971534729003906250e+00 6.478219032287597656e+00 6.803319931030273438e+00
4.856945037841796875e+00 5.703461170196533203e-01 4.856922149658203125e+00 6.971388816833496094e+00 6.516672134399414062e+00 6.783646106719970703e+00
4.873362064361572266e+00 1.054867267608642578e+00 4.873296260833740234e+00 6.971310615539550781e+00 6.546316146850585938e+00 6.766604900360107422e+00
4.888159275054931641e+00 1.009115934371948242e+00 4.888101577758789062e+00 6.971309661865234375e+00 6.554903507232666016e+00 6.761349678039550781e+00
4.894290924072265625e+00 5.555436015129089355e-02 4.894284725189208984e+00 6.971183300018310547e+00 6.545935630798339844e+00 6.766629695892333984e+00
4.902193546295166016e+00 7.176575660705566406e-01 4.902164936065673828e+00 6.970553398132324219e+00 6.515547752380371094e+00 6.782967090606689453e+00
4.905342102050781250e+00 -inf 4.905342102050781250e+00 6.969470024108886719e+00 6.403856277465820312e+00 6.831669330596923828e+00
4.910471439361572266e+00 -inf 4.910471439361572266e+00 6.969421863555908203e+00 6.352870941162109375e+00 6.849208354949951172e+00
4.918457984924316406e+00 -inf 4.918457984924316406e+00 6.968472480773925781e+00 6.261950016021728516e+00 6.873430252075195312e+00
4.927706241607666016e+00 -inf 4.927706241607666016e+00 6.967280864715576172e+00 6.191748142242431641e+00 6.887573242187500000e+00
4.933778762817382812e+00 -1.252819061279296875e+00 4.933778762817382812e+00 6.966438770294189453e+00 6.117668628692626953e+00 6.900100708007812500e+00
4.942604064941406250e+00 -inf 4.942604064941406250e+00 6.964253425598144531e+00 5.994913101196289062e+00 6.914951324462890625e+00
4.949124813079833984e+00 -inf 4.949124813079833984e+00 6.964243412017822266e+00 5.956494808197021484e+00 6.919338226318359375e+00
4.955441474914550781e+00 -inf 4.955441474914550781e+00 6.964248657226562500e+00 5.953547477722167969e+00 6.919663906097412109e+00
4.959351062774658203e+00 -inf 4.959351062774658203e+00 6.964349746704101562e+00 5.932328224182128906e+00 6.922008514404296875e+00
4.960706233978271484e+00 -inf 4.960706233978271484e+00 6.962366104125976562e+00 5.910347938537597656e+00 6.922022342681884766e+00
4.960239887237548828e+00 -inf 4.960239887237548828e+00 6.962262630462646484e+00 5.916532516479492188e+00 6.921301364898681641e+00
4.957917213439941406e+00 -inf 4.957917213439941406e+00 6.960950374603271484e+00 5.825022220611572266e+00 6.927971363067626953e+00
4.953568458557128906e+00 -inf 4.953568458557128906e+00 6.960418224334716797e+00 5.756405830383300781e+00 6.932382583618164062e+00
4.947749614715576172e+00 -inf 4.947749614715576172e+00 6.960271835327148438e+00 5.793835163116455078e+00 6.929610729217529297e+00
4.940172195434570312e+00 -inf 4.940172195434570312e+00 6.959757328033447266e+00 5.798918724060058594e+00 6.928683757781982422e+00
4.934294223785400391e+00 -1.900112815201282501e-02 4.934288978576660156e+00 6.959943771362304688e+00 5.926751613616943359e+00 6.917723178863525391e+00
4.929991722106933594e+00 -inf 4.929991722106933594e+00 6.959914684295654297e+00 6.052142143249511719e+00 6.902587890625000000e+00
4.923264980316162109e+00 -inf 4.923264980316162109e+00 6.960029602050781250e+00 6.134139060974121094e+00 6.889797687530517578e+00
4.917409896850585938e+00 -2.086612582206726074e-01 4.917406558990478516e+00 6.959902286529541016e+00 6.216980457305908203e+00 6.873319149017333984e+00
4.911502838134765625e+00 -1.702091097831726074e+00 4.911503314971923828e+00 6.960210323333740234e+00 6.281101703643798828e+00 6.858189582824707031e+00
4.902832508087158203e+00 -9.852383732795715332e-01 4.902832508087158203e+00 6.960222244262695312e+00 6.343230724334716797e+00 6.840148448944091797e+00
4.889802455902099609e+00 -6.851912140846252441e-01 4.889801025390625000e+00 6.959269046783447266e+00 6.225499153137207031e+00 6.870640277862548828e+00
4.873613834381103516e+00 -7.610036730766296387e-01 4.873612880706787109e+00 6.959546566009521484e+00 6.184892177581787109e+00 6.879662990570068359e+00
4.866786479949951172e+00 1.776830106973648071e-01 4.866777896881103516e+00 6.958973884582519531e+00 6.110255718231201172e+00 6.892626762390136719e+00
4.856840610504150391e+00 1.237985566258430481e-01 4.856832504272460938e+00 6.959183216094970703e+00 5.992706298828125000e+00 6.909535884857177734e+00
4.820327758789062500e+00 -5.196580290794372559e-01 4.820325374603271484e+00 6.959026336669921875e+00 5.920711040496826172e+00 6.917324066162109375e+00
4.741253376007080078e+00 -inf 4.741253376007080078e+00 6.959427356719970703e+00 5.934055805206298828e+00 6.916399478912353516e+00
4.708149909973144531e+00 7.167576551437377930e-01 4.708106040954589844e+00 6.959477424621582031e+00 6.061230659484863281e+00 6.900788784027099609e+00
4.700562953948974609e+00 1.151661634445190430e+00 4.700440406799316406e+00 6.959193706512451172e+00 6.192165851593017578e+00 6.877752780914306641e+00
4.684421539306640625e+00 9.077023863792419434e-01 4.684349060058593750e+00 6.959248542785644531e+00 6.307370662689208984e+00 6.849721908569335938e+00
4.631124973297119141e+00 8.463773131370544434e-01 4.631053447723388672e+00 6.959454059600830078e+00 6.397940158843994141e+00 6.820112705230712891e+00
4.604618549346923828e+00 1.197887301445007324e+00 4.604448318481445312e+00 6.959668159484863281e+00 6.468989372253417969e+00 6.790200233459472656e+00
4.597135066986083984e+00 9.660129547119140625e-01 4.597033500671386719e+00 6.959989547729492188e+00 6.528550148010253906e+00 6.759119033813476562e+00
4.594949722290039062e+00 1.520557761192321777e+00 4.594583511352539062e+00 6.960287570953369141e+00 6.580926418304443359e+00 6.725596427917480469e+00
4.592282295227050781e+00 1.763193726539611816e+00 4.591637611389160156e+00 6.960182189941406250e+00 6.618867397308349609e+00 6.696014881134033203e+00
4.550953388214111328e+00 1.343821406364440918e+00 4.550684452056884766e+00 6.960135459899902344e+00 6.647139549255371094e+00 6.670750617980957031e+00
4.556431770324707031e+00 1.679773569107055664e+00 4.555854797363281250e+00 6.961100101470947266e+00 6.672402381896972656e+00 6.647377014160156250e+00
4.518971920013427734e+00 2.322041511535644531e+00 4.516203880310058594e+00 6.961085319519042969e+00 6.698392391204833984e+00 6.618003845214843750e+00
4.506589412689208984e+00 2.427956581115722656e+00 4.502950191497802734e+00 6.960849761962890625e+00 6.715684413909912109e+00 6.595693588256835938e+00
4.496231555938720703e+00 2.169557332992553711e+00 4.494180202484130859e+00 6.960985183715820312e+00 6.731087684631347656e+00 6.574845314025878906e+00
4.446790218353271484e+00 1.713156700134277344e+00 4.445988178253173828e+00 6.961225986480712891e+00 6.737565517425537109e+00 6.565988540649414062e+00
4.454811096191406250e+00 2.168440580368041992e+00 4.452559471130371094e+00 6.960582733154296875e+00 6.743201255798339844e+00 6.555853843688964844e+00
4.444443225860595703e+00 1.837611675262451172e+00 4.443367958068847656e+00 6.960844993591308594e+00 6.662310123443603516e+00 6.657305240631103516e+00
4.424310684204101562e+00 3.312375545501708984e-01 4.424275875091552734e+00 6.961111545562744141e+00 6.545110225677490234e+00 6.750898838043212891e+00
4.337395191192626953e+00 -inf 4.337395191192626953e+00 6.960591793060302734e+00 6.381319999694824219e+00 6.827783584594726562e+00
4.298188686370849609e+00 8.063764572143554688e-01 4.298048496246337891e+00 6.960436820983886719e+00 6.316941738128662109e+00 6.848475456237792969e+00
4.300072193145751953e+00 -inf 4.300072193145751953e+00 6.960907459259033203e+00 6.302762031555175781e+00 6.853162288665771484e+00
4.309052467346191406e+00 -8.086008429527282715e-01 4.309049129486083984e+00 6.960488319396972656e+00 6.337128639221191406e+00 6.842423439025878906e+00
4.336153030395507812e+00 -1.231279253959655762e+00 4.336152076721191406e+00 6.960883140563964844e+00 6.313945770263671875e+00 6.849928855895996094e+00
4.355801582336425781e+00 -inf 4.355801582336425781e+00 6.960363388061523438e+00 6.302250385284423828e+00 6.852609157562255859e+00
4.363114356994628906e+00 -inf 4.363114356994628906e+00 6.960701465606689453e+00 6.267403125762939453e+00 6.862362384796142578e+00
4.373245239257812500e+00 -inf 4.373245239257812500e+00 6.959992885589599609e+00 6.231592655181884766e+00 6.870139122009277344e+00
4.366678714752197266e+00 -inf 4.366678714752197266e+00 6.959638595581054688e+00 6.187323570251464844e+00 6.879280567169189453e+00
4.400019168853759766e+00 -inf 4.400019168853759766e+00 6.959087371826171875e+00 6.136999607086181641e+00 6.888184547424316406e+00
4.421391010284423828e+00 -inf 4.421391010284423828e+00 6.958794116973876953e+00 6.105205059051513672e+00 6.893246173858642578e+00
4.423984050750732422e+00 -inf 4.423984050750732422e+00 6.959076404571533203e+00 6.101051330566406250e+00 6.894246578216552734e+00
4.430748462677001953e+00 -inf 4.430748462677001953e+00 6.958441734313964844e+00 6.065056324005126953e+00 6.899045467376708984e+00
4.431388378143310547e+00 -inf 4.431388378143310547e+00 6.958246707916259766e+00 6.087486267089843750e+00 6.895433902740478516e+00
4.424369812011718750e+00 -inf 4.424369812011718750e+00 6.957838058471679688e+00 6.054133892059326172e+00 6.899933338165283203e+00
4.415067195892333984e+00 -inf 4.415067195892333984e+00 6.957227706909179688e+00 5.983366489410400391e+00 6.908465862274169922e+00
4.402524471282958984e+00 -inf 4.402524471282958984e+00 6.957679748535156250e+00 5.970791816711425781e+00 6.910440444946289062e+00
4.387050628662109375e+00 -inf 4.387050628662109375e+00 6.957195281982421875e+00 5.878705978393554688e+00 6.919343471527099609e+00
4.338965415954589844e+00 -inf 4.338965415954589844e+00 6.957373619079589844e+00 5.885654449462890625e+00 6.918900012969970703e+00
4.297483444213867188e+00 -1.611370921134948730e+00 4.297482490539550781e+00 6.957379341125488281e+00 5.902143001556396484e+00 6.917346954345703125e+00
4.275714397430419922e+00 1.098427772521972656e-01 4.275684833526611328e+00 6.957320690155029297e+00 5.971733093261718750e+00 6.909931659698486328e+00
4.251553058624267578e+00 -5.022428035736083984e-01 4.251545429229736328e+00 6.957626819610595703e+00 6.123074054718017578e+00 6.888895988464355469e+00
4.204461574554443359e+00 -inf 4.204461574554443359e+00 6.957249164581298828e+00 6.249483585357666016e+00 6.862510204315185547e+00
4.106044769287109375e+00 -inf 4.106044769287109375e+00 6.957483768463134766e+00 6.344627857208251953e+00 6.836084365844726562e+00
4.053450107574462891e+00 1.379903703927993774e-01 4.053397178649902344e+00 6.957152843475341797e+00 6.438250541687011719e+00 6.800535678863525391e+00
4.020246028900146484e+00 -1.411568652838468552e-02 4.020205974578857422e+00 6.956663608551025391e+00 6.498099327087402344e+00 6.770987987518310547e+00
3.992921590805053711e+00 -inf 3.992921590805053711e+00 6.956271171569824219e+00 6.441436767578125000e+00 6.797875404357910156e+00
3.981211662292480469e+00 -inf 3.981211662292480469e+00 6.956231594085693359e+00 6.336793422698974609e+00 6.836934089660644531e+00
3.953335285186767578e+00 -inf 3.953335285186767578e+00 6.956020832061767578e+00 6.278583049774169922e+00 6.853557109832763672e+00
3.895878553390502930e+00 -1.826161623001098633e+00 3.895877838134765625e+00 6.956418037414550781e+00 6.221598625183105469e+00 6.868026733398437500e+00
3.884129285812377930e+00 3.390860855579376221e-01 3.884005308151245117e+00 6.956287384033203125e+00 6.302397251129150391e+00 6.847336769104003906e+00
3.876691579818725586e+00 -6.945776939392089844e-01 3.876679897308349609e+00 6.956090450286865234e+00 6.396071434020996094e+00 6.816181659698486328e+00
3.824303150177001953e+00 -5.548112988471984863e-01 3.824285030364990234e+00 6.956167221069335938e+00 6.479527473449707031e+00 6.779834747314453125e+00
3.783381938934326172e+00 -1.183252632617950439e-01 3.783327341079711914e+00 6.956451416015625000e+00 6.553281307220458984e+00 6.738055229187011719e+00
3.734503984451293945e+00 -inf 3.734503984451293945e+00 6.956633567810058594e+00 6.606630325317382812e+00 6.699609279632568359e+00
3.677742242813110352e+00 2.758233845233917236e-01 3.677570104598999023e+00 6.956620216369628906e+00 6.651235580444335938e+00 6.659902095794677734e+00
3.635065078735351562e+00 1.085766926407814026e-01 3.634935855865478516e+00 6.956569194793701172e+00 6.684653759002685547e+00 6.624330520629882812e+00
3.584368228912353516e+00 -7.029147148132324219e-01 3.584345817565917969e+00 6.956940650939941406e+00 6.711119174957275391e+00 6.592646598815917969e+00
3.542136192321777344e+00 -inf 3.542136192321777344e+00 6.956851482391357422e+00 6.736014366149902344e+00 6.557390213012695312e+00
3.471932888031005859e+00 -2.587519288063049316e-01 3.471852302551269531e+00 6.956342697143554688e+00 6.756892204284667969e+00 6.522479057312011719e+00
3.368552207946777344e+00 -inf 3.368552207946777344e+00 6.956816196441650391e+00 6.775848388671875000e+00 6.489287376403808594e+00
3.320672035217285156e+00 -inf 3.320672035217285156e+00 6.957220077514648438e+00 6.797212123870849609e+00 6.446025848388671875e+00
3.241085529327392578e+00 -inf 3.241085529327392578e+00 6.956607341766357422e+00 6.779185295104980469e+00 6.482135772705078125e+00
3.128281116485595703e+00 -inf 3.128281116485595703e+00 6.956242561340332031e+00 6.654936790466308594e+00 6.655488491058349609e+00
2.987350463867187500e+00 -inf 2.987350463867187500e+00 6.956414222717285156e+00 6.553840160369873047e+00 6.737627506256103516e+00
2.955331802368164062e+00 -inf 2.955331802368164062e+00 6.956696987152099609e+00 6.492547988891601562e+00 6.773971557617187500e+00
2.902068614959716797e+00 -inf 2.902068614959716797e+00 6.956744670867919922e+00 6.523750782012939453e+00 6.756785869598388672e+00
2.833416223526000977e+00 -inf 2.833416223526000977e+00 6.956647872924804688e+00 6.583002567291259766e+00 6.717813014984130859e+00
2.750892639160156250e+00 -inf 2.750892639160156250e+00 6.956164836883544922e+00 6.572776794433593750e+00 6.724337100982666016e+00
2.793750524520874023e+00 -inf 2.793750524520874023e+00 6.956511020660400391e+00 6.546417713165283203e+00 6.742578983306884766e+00
2.830421924591064453e+00 -inf 2.830421924591064453e+00 6.956504344940185547e+00 6.535548686981201172e+00 6.749348163604736328e+00
2.867257833480834961e+00 -inf 2.867257833480834961e+00 6.955088138580322266e+00 6.436231613159179688e+00 6.798450469970703125e+00
2.958071708679199219e+00 -inf 2.958071708679199219e+00 6.955345630645751953e+00 6.411240100860595703e+00 6.809233188629150391e+00
2.947110176086425781e+00 -inf 2.947110176086425781e+00 6.955434322357177734e+00 6.385990142822265625e+00 6.819055557250976562e+00
3.052131175994873047e+00 -inf 3.052131175994873047e+00 6.955074310302734375e+00 6.408167839050292969e+00 6.810076713562011719e+00
3.071846246719360352e+00 -inf 3.071846246719360352e+00 6.953457832336425781e+00 6.398150444030761719e+00 6.811745643615722656e+00
3.098541021347045898e+00 -inf 3.098541021347045898e+00 6.953701972961425781e+00 6.335290908813476562e+00 6.834079265594482422e+00
3.163244485855102539e+00 -inf 3.163244485855102539e+00 6.952944755554199219e+00 6.266522407531738281e+00 6.852839946746826172e+00
3.185697555541992188e+00 1.592283546924591064e-01 3.185288906097412109e+00 6.953519344329833984e+00 6.221769809722900391e+00 6.864431858062744141e+00
3.239557027816772461e+00 -inf 3.239557027816772461e+00 6.953088760375976562e+00 6.240398883819580078e+00 6.859542369842529297e+00
3.271830797195434570e+00 -inf 3.271830797195434570e+00 6.952777385711669922e+00 6.246759414672851562e+00 6.857612133026123047e+00
3.325949192047119141e+00 -inf 3.325949192047119141e+00 6.952373981475830078e+00 6.264073848724365234e+00 6.852755546569824219e+00
3.423724412918090820e+00 -2.580605447292327881e-01 3.423634052276611328e+00 6.951221466064453125e+00 6.162249565124511719e+00 6.874172687530517578e+00
3.500743627548217773e+00 -inf 3.500743627548217773e+00 6.951320171356201172e+00 6.165884494781494141e+00 6.873581409454345703e+00
3.561910390853881836e+00 4.662669301033020020e-01 3.561561584472656250e+00 6.951256752014160156e+00 6.133955001831054688e+00 6.879499435424804688e+00
3.625034570693969727e+00 -1.744028925895690918e+00 3.625032901763916016e+00 6.950144767761230469e+00 6.095453739166259766e+00 6.884776592254638672e+00
3.704858779907226562e+00 -inf 3.704858779907226562e+00 6.949240684509277344e+00 6.046654701232910156e+00 6.891176700592041016e+00
3.737799167633056641e+00 -inf 3.737799167633056641e+00 6.949275970458984375e+00 5.985723495483398438e+00 6.899273395538330078e+00
3.746660947799682617e+00 -inf 3.746660947799682617e+00 6.949240684509277344e+00 5.967760086059570312e+00 6.901375770568847656e+00
3.807424783706665039e+00 -inf 3.807424783706665039e+00 6.947588443756103516e+00 5.812770843505859375e+00 6.914521217346191406e+00
3.851693868637084961e+00 -inf 3.851693868637084961e+00 6.947793483734130859e+00 5.733201503753662109e+00 6.920453548431396484e+00
3.913610696792602539e+00 -inf 3.913610696792602539e+00 6.947744369506835938e+00 5.658499717712402344e+00 6.924839019775390625e+00
3.960836410522460938e+00 -inf 3.960836410522460938e+00 6.947352409362792969e+00 5.640748500823974609e+00 6.925367832183837891e+00
3.945744752883911133e+00 -inf 3.945744752883911133e+00 6.947309017181396484e+00 5.709251880645751953e+00 6.921451091766357422e+00
3.964405775070190430e+00 -inf 3.964405775070190430e+00 6.947320461273193359e+00 5.864353656768798828e+00 6.909874439239501953e+00
3.925319194793701172e+00 -inf 3.925319194793701172e+00 6.947557449340820312e+00 6.049717903137207031e+00 6.888810634613037109e+00
3.922429800033569336e+00 -5.867586731910705566e-01 3.922416210174560547e+00 6.947110176086425781e+00 6.201420783996582031e+00 6.861135482788085938e+00
3.959098577499389648e+00 -6.496747583150863647e-02 3.959057569503784180e+00 6.946860313415527344e+00 6.302022933959960938e+00 6.835293292999267578e+00
4.004001617431640625e+00 -1.139414072036743164e+00 4.003998279571533203e+00 6.946991920471191406e+00 6.374976158142089844e+00 6.811557769775390625e+00
4.060778141021728516e+00 -inf 4.060778141021728516e+00 6.946823596954345703e+00 6.447909355163574219e+00 6.781231880187988281e+00
4.028245449066162109e+00 -2.706894576549530029e-01 4.028223514556884766e+00 6.946947574615478516e+00 6.497777462005615234e+00 6.756175518035888672e+00
4.017754077911376953e+00 -2.765305936336517334e-01 4.017732143402099609e+00 6.946707248687744141e+00 6.538576602935791016e+00 6.731521606445312500e+00
4.050985336303710938e+00 8.225715756416320801e-01 4.050728797912597656e+00 6.946683406829833984e+00 6.575894355773925781e+00 6.705742835998535156e+00
