5.585157871246337891e+00 -inf 5.585157871246337891e+00 6.974642276763916016e+00 5.624945163726806641e+00 6.954782485961914062e+00
5.579482078552246094e+00 -inf 5.579482078552246094e+00 6.974590301513671875e+00 5.623570919036865234e+00 6.954791545867919922e+00
5.574052333831787109e+00 -inf 5.574052333831787109e+00 6.974563121795654297e+00 5.618185043334960938e+00 6.955012321472167969e+00
5.567431926727294922e+00 -inf 5.567431926727294922e+00 6.974489688873291016e+00 5.589364051818847656e+00 6.956218719482421875e+00
5.559950828552246094e+00 -inf 5.559950828552246094e+00 6.976371288299560547e+00 5.571830749511718750e+00 6.958914756774902344e+00
5.550965785980224609e+00 -inf 5.550965785980224609e+00 6.978229999542236328e+00 5.539896965026855469e+00 6.962105274200439453e+00
5.542447090148925781e+00 -inf 5.542447090148925781e+00 6.978516578674316406e+00 5.506273746490478516e+00 6.963624000549316406e+00
5.536656379699707031e+00 -inf 5.536656379699707031e+00 6.978253841400146484e+00 5.444569110870361328e+00 6.965354919433593750e+00
5.534310817718505859e+00 -inf 5.534310817718505859e+00 6.979191303253173828e+00 5.408102512359619141e+00 6.967371940612792969e+00
5.532804965972900391e+00 -inf 5.532804965972900391e+00 6.980001926422119141e+00 5.389220237731933594e+00 6.968713760375976562e+00
5.529337882995605469e+00 -inf 5.529337882995605469e+00 6.980871200561523438e+00 5.378380775451660156e+00 6.969886779785156250e+00
5.529246330261230469e+00 -inf 5.529246330261230469e+00 6.981803417205810547e+00 5.386008739471435547e+00 6.970646381378173828e+00
5.533225536346435547e+00 -inf 5.533225536346435547e+00 6.982410430908203125e+00 5.485986232757568359e+00 6.968338012695312500e+00
5.542789459228515625e+00 -inf 5.542789459228515625e+00 6.982577323913574219e+00 5.601019859313964844e+00 6.964152812957763672e+00
5.555437564849853516e+00 -inf 5.555437564849853516e+00 6.982620239257812500e+00 5.687721729278564453e+00 6.960018157958984375e+00
5.567359447479248047e+00 -inf 5.567359447479248047e+00 6.982649803161621094e+00 5.771975994110107422e+00 6.955054759979248047e+00
5.580311298370361328e+00 -inf 5.580311298370361328e+00 6.982624053955078125e+00 5.859874248504638672e+00 6.948587417602539062e+00
5.592526912689208984e+00 -inf 5.592526912689208984e+00 6.982604980468750000e+00 5.955854892730712891e+00 6.939720630645751953e+00
5.604555130004882812e+00 -inf 5.604555130004882812e+00 6.982570648193359375e+00 6.066582202911376953e+00 6.926390647888183594e+00
5.624032020568847656e+00 -inf 5.624032020568847656e+00 6.981725215911865234e+00 6.157502651214599609e+00 6.911200046539306641e+00
5.647429943084716797e+00 -inf 5.647429943084716797e+00 6.981120109558105469e+00 6.192639350891113281e+00 6.903975486755371094e+00
5.674208164215087891e+00 -inf 5.674208164215087891e+00 6.979838848114013672e+00 6.228234291076660156e+00 6.895147800445556641e+00
5.701756477355957031e+00 -inf 5.701756477355957031e+00 6.978109836578369141e+00 6.253561019897460938e+00 6.887365818023681641e+00
5.738848209381103516e+00 -inf 5.738848209381103516e+00 6.976487159729003906e+00 6.274232864379882812e+00 6.880393981933593750e+00
5.779435634613037109e+00 -inf 5.779435634613037109e+00 6.973185062408447266e+00 6.268793106079101562e+00 6.877620220184326172e+00
5.830609798431396484e+00 -inf 5.830609798431396484e+00 6.969138622283935547e+00 6.258296012878417969e+00 6.875146865844726562e+00
5.902536392211914062e+00 -inf 5.902536392211914062e+00 6.962492465972900391e+00 6.233950614929199219e+00 6.872671127319335938e+00
5.971942424774169922e+00 -inf 5.971942424774169922e+00 6.956278800964355469e+00 6.202011108398437500e+00 6.872159004211425781e+00
6.030510902404785156e+00 -inf 6.030510902404785156e+00 6.950083255767822266e+00 6.171203613281250000e+00 6.871047496795654297e+00
6.083870887756347656e+00 -inf 6.083870887756347656e+00 6.942278861999511719e+00 6.150191783905029297e+00 6.865831851959228516e+00
6.124765872955322266e+00 -inf 6.124765872955322266e+00 6.935542106628417969e+00 6.116050720214843750e+00 6.864176750183105469e+00
6.163426399230957031e+00 -inf 6.163426399230957031e+00 6.929484844207763672e+00 6.094142436981201172e+00 6.860890388488769531e+00
6.212755203247070312e+00 -inf 6.212755203247070312e+00 6.920069694519042969e+00 6.064859867095947266e+00 6.854785442352294922e+00
6.254797458648681641e+00 -inf 6.254797458648681641e+00 6.909848690032958984e+00 6.016856193542480469e+00 6.850394725799560547e+00
6.290234088897705078e+00 -inf 6.290234088897705078e+00 6.901631832122802734e+00 5.983075141906738281e+00 6.845804691314697266e+00
6.319472312927246094e+00 -inf 6.319472312927246094e+00 6.894235610961914062e+00 5.936444759368896484e+00 6.843524456024169922e+00
6.344552516937255859e+00 -inf 6.344552516937255859e+00 6.885294437408447266e+00 5.874718189239501953e+00 6.840696334838867188e+00
6.371434688568115234e+00 -inf 6.371434688568115234e+00 6.877375602722167969e+00 5.846702575683593750e+00 6.834895610809326172e+00
6.397122383117675781e+00 -inf 6.397122383117675781e+00 6.867273807525634766e+00 5.806994915008544922e+00 6.827724933624267578e+00
6.419094085693359375e+00 -inf 6.419094085693359375e+00 6.858747959136962891e+00 5.780854225158691406e+00 6.820842266082763672e+00
6.437529087066650391e+00 -inf 6.437529087066650391e+00 6.851522922515869141e+00 5.763377666473388672e+00 6.814539909362792969e+00
6.453668594360351562e+00 -inf 6.453668594360351562e+00 6.843890666961669922e+00 5.723531723022460938e+00 6.809659004211425781e+00
6.467139720916748047e+00 -inf 6.467139720916748047e+00 6.837767601013183594e+00 5.684098243713378906e+00 6.806157588958740234e+00
6.479182243347167969e+00 -inf 6.479182243347167969e+00 6.832126140594482422e+00 5.658088684082031250e+00 6.802015781402587891e+00
6.491038322448730469e+00 -inf 6.491038322448730469e+00 6.826216220855712891e+00 5.646651744842529297e+00 6.796500205993652344e+00
6.504415988922119141e+00 -inf 6.504415988922119141e+00 6.819400787353515625e+00 5.637875080108642578e+00 6.789823055267333984e+00
6.516441345214843750e+00 -inf 6.516441345214843750e+00 6.810123920440673828e+00 5.630034446716308594e+00 6.780444622039794922e+00
6.526978015899658203e+00 -inf 6.526978015899658203e+00 6.803184032440185547e+00 5.651146888732910156e+00 6.771450519561767578e+00
6.537890434265136719e+00 -inf 6.537890434265136719e+00 6.795736312866210938e+00 5.658263206481933594e+00 6.762878417968750000e+00
6.547690391540527344e+00 -inf 6.547690391540527344e+00 6.788526058197021484e+00 5.654358863830566406e+00 6.755407333374023438e+00
6.560184955596923828e+00 -inf 6.560184955596923828e+00 6.780035018920898438e+00 5.662534713745117188e+00 6.745567798614501953e+00
6.572274208068847656e+00 -inf 6.572274208068847656e+00 6.769479274749755859e+00 5.671482086181640625e+00 6.733361244201660156e+00
6.585220813751220703e+00 -inf 6.585220813751220703e+00 6.758433818817138672e+00 5.671279430389404297e+00 6.721363067626953125e+00
6.598214626312255859e+00 -inf 6.598214626312255859e+00 6.746814250946044922e+00 5.671639919281005859e+00 6.708659648895263672e+00
6.612327098846435547e+00 -inf 6.612327098846435547e+00 6.734368801116943359e+00 5.681227207183837891e+00 6.694133758544921875e+00
6.624477863311767578e+00 3.006840229034423828e+00 6.624372482299804688e+00 6.721369743347167969e+00 5.660517215728759766e+00 6.681876182556152344e+00
6.635554790496826172e+00 -inf 6.635554790496826172e+00 6.705794334411621094e+00 5.636116027832031250e+00 6.667131900787353516e+00
6.646785736083984375e+00 2.923173427581787109e+00 6.646703720092773438e+00 6.690997600555419922e+00 5.617020130157470703e+00 6.652732372283935547e+00
6.656150341033935547e+00 3.172011852264404297e+00 6.656008243560791016e+00 6.677995204925537109e+00 5.641250610351562500e+00 6.636134624481201172e+00
6.663243770599365234e+00 2.889559745788574219e+00 6.663170337677001953e+00 6.667097091674804688e+00 5.644416809082031250e+00 6.623788356781005859e+00
6.670776367187500000e+00 -inf 6.670776367187500000e+00 6.655566692352294922e+00 5.645679473876953125e+00 6.610894203186035156e+00
6.680592060089111328e+00 -inf 6.680592060089111328e+00 6.641384601593017578e+00 5.658913135528564453e+00 6.593634605407714844e+00
6.690062046051025391e+00 2.832040548324584961e+00 6.690001964569091797e+00 6.626831531524658203e+00 5.664213657379150391e+00 6.576714515686035156e+00
6.696780681610107422e+00 3.095067262649536133e+00 6.696671962738037109e+00 6.613524436950683594e+00 5.681979179382324219e+00 6.559449672698974609e+00
6.701939105987548828e+00 -inf 6.701939105987548828e+00 6.602595329284667969e+00 5.695963382720947266e+00 6.545106887817382812e+00
6.706775188446044922e+00 -inf 6.706775188446044922e+00 6.592950820922851562e+00 5.694143295288085938e+00 6.534343719482421875e+00
6.710827350616455078e+00 -inf 6.710827350616455078e+00 6.584760189056396484e+00 5.680153846740722656e+00 6.526984691619873047e+00
6.714824676513671875e+00 2.280402660369873047e+00 6.714807987213134766e+00 6.576988697052001953e+00 5.672553062438964844e+00 6.519188404083251953e+00
6.718266010284423828e+00 -inf 6.718266010284423828e+00 6.569416522979736328e+00 5.689737796783447266e+00 6.507974147796630859e+00
6.722145080566406250e+00 2.641681432723999023e+00 6.722108840942382812e+00 6.559867382049560547e+00 5.705945968627929688e+00 6.494374275207519531e+00
6.725052356719970703e+00 2.883789777755737305e+00 6.724989891052246094e+00 6.552505493164062500e+00 5.715678215026855469e+00 6.484164714813232422e+00
6.728657722473144531e+00 2.987094163894653320e+00 6.728579044342041016e+00 6.544038772583007812e+00 5.721208095550537109e+00 6.473267555236816406e+00
6.732451438903808594e+00 3.003033876419067383e+00 6.732370376586914062e+00 6.533224105834960938e+00 5.702822208404541016e+00 6.463778972625732422e+00
6.736210823059082031e+00 2.890027761459350586e+00 6.736149311065673828e+00 6.521839618682861328e+00 5.673808097839355469e+00 6.455379486083984375e+00
6.738545894622802734e+00 3.013667821884155273e+00 6.738464355468750000e+00 6.511701583862304688e+00 5.643304824829101562e+00 6.448519706726074219e+00
6.741870403289794922e+00 3.167454004287719727e+00 6.741754531860351562e+00 6.499988079071044922e+00 5.587294101715087891e+00 6.443350791931152344e+00
6.744170188903808594e+00 3.199912309646606445e+00 6.744046688079833984e+00 6.488282203674316406e+00 5.542354583740234375e+00 6.436079025268554688e+00
6.746653556823730469e+00 3.158312082290649414e+00 6.746541500091552734e+00 6.475550174713134766e+00 5.511085033416748047e+00 6.425658702850341797e+00
6.748929500579833984e+00 3.583855152130126953e+00 6.748631954193115234e+00 6.462820529937744141e+00 5.497335910797119141e+00 6.413052558898925781e+00
6.749582290649414062e+00 3.888669729232788086e+00 6.748984336853027344e+00 6.453172206878662109e+00 5.486604690551757812e+00 6.403535842895507812e+00
6.750390529632568359e+00 3.873252153396606445e+00 6.749813079833984375e+00 6.443739414215087891e+00 5.508699893951416016e+00 6.390125751495361328e+00
6.752038955688476562e+00 4.059916496276855469e+00 6.751155853271484375e+00 6.433223247528076172e+00 5.519430637359619141e+00 6.376739025115966797e+00
6.755567073822021484e+00 4.098548412322998047e+00 6.754609107971191406e+00 6.418548583984375000e+00 5.522755146026611328e+00 6.359504222869873047e+00
6.760830402374267578e+00 4.249221324920654297e+00 6.759491443634033203e+00 6.398918628692626953e+00 5.505850791931152344e+00 6.339475631713867188e+00
6.765655040740966797e+00 4.316386699676513672e+00 6.764108657836914062e+00 6.380153179168701172e+00 5.489829063415527344e+00 6.320306777954101562e+00
6.767594814300537109e+00 4.334661960601806641e+00 6.765989303588867188e+00 6.367513179779052734e+00 5.476688385009765625e+00 6.307740688323974609e+00
6.769087314605712891e+00 4.312784194946289062e+00 6.767566204071044922e+00 6.354767322540283203e+00 5.461787223815917969e+00 6.295311450958251953e+00
6.770040988922119141e+00 4.251220703125000000e+00 6.768723964691162109e+00 6.342045307159423828e+00 5.447963714599609375e+00 6.282751083374023438e+00
6.770304679870605469e+00 4.312188625335693359e+00 6.768789768218994141e+00 6.331272125244140625e+00 5.446146011352539062e+00 6.270652294158935547e+00
6.770278930664062500e+00 4.379784584045410156e+00 6.768507957458496094e+00 6.321989059448242188e+00 5.434351921081542969e+00 6.261744022369384766e+00
6.769791126251220703e+00 4.429350376129150391e+00 6.767803192138671875e+00 6.313578605651855469e+00 5.433111667633056641e+00 6.252256393432617188e+00
6.769061088562011719e+00 4.376500129699707031e+00 6.767299175262451172e+00 6.304895877838134766e+00 5.425943374633789062e+00 6.243343353271484375e+00
6.767702579498291016e+00 4.369515419006347656e+00 6.765963077545166016e+00 6.297335147857666016e+00 5.417071342468261719e+00 6.235982418060302734e+00
6.766892433166503906e+00 4.348845005035400391e+00 6.765230655670166016e+00 6.287904262542724609e+00 5.400490760803222656e+00 6.227625846862792969e+00
6.766971588134765625e+00 4.334896564483642578e+00 6.765362739562988281e+00 6.274183273315429688e+00 5.402096271514892578e+00 6.211575984954833984e+00
6.765325546264648438e+00 4.450438976287841797e+00 6.763216972351074219e+00 6.260396957397460938e+00 5.407951354980468750e+00 6.194662570953369141e+00
6.761874198913574219e+00 4.501471519470214844e+00 6.759483337402343750e+00 6.249764442443847656e+00 5.394871711730957031e+00 6.184428691864013672e+00
6.758980274200439453e+00 4.545060157775878906e+00 6.756318569183349609e+00 6.242123126983642578e+00 5.400177955627441406e+00 6.174648761749267578e+00
6.757272243499755859e+00 4.604182243347167969e+00 6.754208564758300781e+00 6.231897830963134766e+00 5.404289245605468750e+00 6.161966323852539062e+00
6.755704402923583984e+00 4.579180240631103516e+00 6.752802371978759766e+00 6.222435474395751953e+00 5.396180629730224609e+00 6.152266979217529297e+00
6.752828121185302734e+00 4.535133838653564453e+00 6.750188827514648438e+00 6.215050220489501953e+00 5.379975318908691406e+00 6.146410465240478516e+00
6.750371932983398438e+00 4.550099849700927734e+00 6.747624874114990234e+00 6.208537101745605469e+00 5.374867916107177734e+00 6.139656066894531250e+00
6.748785495758056641e+00 4.537754058837890625e+00 6.746105194091796875e+00 6.201313972473144531e+00 5.329581737518310547e+00 6.138651847839355469e+00
6.746722698211669922e+00 4.611046314239501953e+00 6.743533134460449219e+00 6.197382450103759766e+00 5.290787220001220703e+00 6.139888763427734375e+00
6.744580268859863281e+00 4.646139144897460938e+00 6.741104125976562500e+00 6.192925453186035156e+00 5.261748313903808594e+00 6.138801574707031250e+00
6.742479324340820312e+00 4.757925510406494141e+00 6.737955570220947266e+00 6.187804222106933594e+00 5.252430915832519531e+00 6.134234428405761719e+00
6.740523338317871094e+00 4.844869613647460938e+00 6.734965324401855469e+00 6.181081771850585938e+00 5.227564334869384766e+00 6.129838466644287109e+00
6.737721443176269531e+00 4.868931770324707031e+00 6.731806755065917969e+00 6.178084850311279297e+00 5.196988582611083984e+00 6.130175590515136719e+00
6.733973979949951172e+00 4.887061595916748047e+00 6.727750778198242188e+00 6.175692081451416016e+00 5.175989151000976562e+00 6.129901885986328125e+00
6.730490684509277344e+00 4.879156589508056641e+00 6.724331378936767578e+00 6.173781394958496094e+00 5.144162654876708984e+00 6.131193637847900391e+00
6.727810859680175781e+00 4.893352985382080078e+00 6.721406459808349609e+00 6.171031475067138672e+00 5.101087093353271484e+00 6.132393360137939453e+00
6.725240230560302734e+00 4.960159778594970703e+00 6.717715740203857422e+00 6.168219566345214844e+00 5.062400817871093750e+00 6.132773876190185547e+00
6.722159385681152344e+00 4.993309974670410156e+00 6.713974475860595703e+00 6.165819168090820312e+00 5.032268047332763672e+00 6.132651805877685547e+00
6.719331741333007812e+00 5.028472900390625000e+00 6.710390090942382812e+00 6.162863254547119141e+00 4.990588188171386719e+00 6.132626056671142578e+00
6.716095447540283203e+00 5.058620929718017578e+00 6.706431865692138672e+00 6.160301685333251953e+00 4.952281951904296875e+00 6.132531642913818359e+00
6.713412761688232422e+00 5.079597473144531250e+00 6.703202247619628906e+00 6.156817436218261719e+00 4.945662975311279297e+00 6.129253387451171875e+00
6.709444046020507812e+00 5.103772640228271484e+00 6.698540687561035156e+00 6.153124332427978516e+00 4.939360141754150391e+00 6.125730514526367188e+00
6.703989505767822266e+00 5.136712074279785156e+00 6.692065238952636719e+00 6.147626876831054688e+00 4.963965415954589844e+00 6.118199825286865234e+00
6.699967384338378906e+00 5.190587043762207031e+00 6.686314582824707031e+00 6.139466285705566406e+00 5.013319015502929688e+00 6.105705738067626953e+00
6.696412086486816406e+00 5.254940509796142578e+00 6.680405139923095703e+00 6.131881237030029297e+00 5.034453868865966797e+00 6.095714092254638672e+00
6.690453529357910156e+00 5.243341445922851562e+00 6.674657821655273438e+00 6.125068187713623047e+00 5.109375953674316406e+00 6.081020355224609375e+00
6.683929920196533203e+00 5.248218059539794922e+00 6.667706489562988281e+00 6.118698120117187500e+00 5.146390914916992188e+00 6.069751739501953125e+00
6.678023338317871094e+00 5.217130661010742188e+00 6.662729740142822266e+00 6.112265110015869141e+00 5.171787738800048828e+00 6.059360980987548828e+00
6.667482852935791016e+00 5.129228591918945312e+00 6.654720783233642578e+00 6.116241931915283203e+00 5.214741230010986328e+00 6.058022499084472656e+00
6.656447410583496094e+00 5.029534816741943359e+00 6.646070957183837891e+00 6.122457981109619141e+00 5.256268501281738281e+00 6.058928966522216797e+00
6.648165225982666016e+00 4.976935863494873047e+00 6.638806343078613281e+00 6.124464988708496094e+00 5.283974647521972656e+00 6.056745052337646484e+00
6.642340183258056641e+00 4.959435462951660156e+00 6.633232116699218750e+00 6.121405601501464844e+00 5.284454822540283203e+00 6.053085803985595703e+00
6.638299942016601562e+00 4.981522083282470703e+00 6.628621101379394531e+00 6.118244171142578125e+00 5.288444995880126953e+00 6.048693656921386719e+00
6.635278701782226562e+00 4.957710266113281250e+00 6.626056194305419922e+00 6.113805770874023438e+00 5.323045253753662109e+00 6.037103176116943359e+00
6.632623195648193359e+00 4.925906658172607422e+00 6.624006271362304688e+00 6.104507446289062500e+00 5.330397605895996094e+00 6.024513244628906250e+00
6.629655361175537109e+00 4.888996601104736328e+00 6.621691703796386719e+00 6.099213123321533203e+00 5.329342842102050781e+00 6.018356323242187500e+00
6.627342224121093750e+00 4.764440536499023438e+00 6.621345996856689453e+00 6.092910766601562500e+00 5.301120758056640625e+00 6.016406536102294922e+00
6.625541687011718750e+00 4.641788005828857422e+00 6.621009349822998047e+00 6.084365844726562500e+00 5.231945514678955078e+00 6.018627643585205078e+00
6.624641418457031250e+00 4.548164844512939453e+00 6.620984554290771484e+00 6.076891422271728516e+00 5.130643844604492188e+00 6.024729251861572266e+00
6.623869419097900391e+00 4.440532207489013672e+00 6.621012687683105469e+00 6.071491241455078125e+00 5.013242244720458984e+00 6.031749248504638672e+00
6.623462677001953125e+00 4.349071979522705078e+00 6.621147632598876953e+00 6.064488410949707031e+00 4.931443214416503906e+00 6.031280994415283203e+00
6.623304843902587891e+00 4.277459144592285156e+00 6.621341705322265625e+00 6.057122707366943359e+00 4.899541378021240234e+00 6.025806903839111328e+00
6.623915195465087891e+00 4.219891548156738281e+00 6.622198581695556641e+00 6.047364711761474609e+00 4.892553329467773438e+00 6.015841007232666016e+00
6.623939990997314453e+00 4.316799163818359375e+00 6.621793270111083984e+00 6.038632392883300781e+00 4.911355018615722656e+00 6.004963397979736328e+00
6.623512744903564453e+00 4.396669864654541016e+00 6.620928764343261719e+00 6.029329299926757812e+00 4.956453323364257812e+00 5.990962982177734375e+00
6.623815059661865234e+00 4.568192481994628906e+00 6.619977474212646484e+00 6.014353275299072266e+00 4.953478813171386719e+00 5.974861621856689453e+00
6.623792171478271484e+00 4.672290325164794922e+00 6.618908882141113281e+00 5.996978759765625000e+00 4.906091213226318359e+00 5.960238933563232422e+00
6.622080326080322266e+00 4.746492385864257812e+00 6.616257667541503906e+00 5.982716560363769531e+00 4.899200439453125000e+00 5.945320129394531250e+00
6.619421482086181641e+00 4.805682182312011719e+00 6.612700939178466797e+00 5.969464302062988281e+00 4.914430141448974609e+00 5.929412364959716797e+00
6.615439414978027344e+00 4.782121181488037109e+00 6.609017372131347656e+00 5.958359241485595703e+00 4.919856548309326172e+00 5.916676521301269531e+00
6.610768795013427734e+00 4.783636093139648438e+00 6.604253768920898438e+00 5.947072505950927734e+00 4.909350872039794922e+00 5.905311107635498047e+00
6.606565475463867188e+00 4.696984291076660156e+00 6.601183891296386719e+00 5.938488483428955078e+00 4.907870292663574219e+00 5.896003246307373047e+00
6.604896545410156250e+00 4.673536300659179688e+00 6.599779605865478516e+00 5.927785873413085938e+00 4.895974636077880859e+00 5.885423183441162109e+00
6.603511333465576172e+00 4.684792041778564453e+00 6.598242759704589844e+00 5.920591354370117188e+00 4.895700454711914062e+00 5.877513408660888672e+00
6.602180957794189453e+00 4.668749809265136719e+00 6.597088813781738281e+00 5.912764549255371094e+00 4.849335193634033203e+00 5.873515129089355469e+00
6.601523876190185547e+00 4.682549953460693359e+00 6.596257686614990234e+00 5.899714469909667969e+00 4.859013080596923828e+00 5.858252525329589844e+00
6.599924564361572266e+00 4.710154533386230469e+00 6.594290733337402344e+00 5.887164592742919922e+00 4.839213371276855469e+00 5.846421718597412109e+00
6.596824169158935547e+00 4.692054271697998047e+00 6.591382026672363281e+00 5.880626678466796875e+00 4.762682914733886719e+00 5.846196174621582031e+00
6.594041347503662109e+00 4.646571159362792969e+00 6.589112281799316406e+00 5.880754470825195312e+00 4.787879467010498047e+00 5.844189643859863281e+00
6.591600418090820312e+00 4.637094497680664062e+00 6.586750507354736328e+00 5.876773834228515625e+00 4.784313201904296875e+00 5.840172767639160156e+00
6.589772224426269531e+00 4.647812843322753906e+00 6.584779739379882812e+00 5.867955684661865234e+00 4.808527469635009766e+00 5.828326225280761719e+00
6.588182926177978516e+00 4.570034980773925781e+00 6.583997249603271484e+00 5.858263015747070312e+00 4.825840950012207031e+00 5.815962791442871094e+00
6.585403919219970703e+00 4.602248191833496094e+00 6.580865383148193359e+00 5.849881172180175781e+00 4.837791919708251953e+00 5.805446147918701172e+00
6.581136703491210938e+00 4.666687011718750000e+00 6.575815677642822266e+00 5.842386245727539062e+00 4.761452198028564453e+00 5.804756641387939453e+00
6.576657772064208984e+00 4.683542728424072266e+00 6.571066856384277344e+00 5.829287528991699219e+00 4.735508918762207031e+00 5.792801380157470703e+00
6.572380065917968750e+00 4.698135375976562500e+00 6.566539287567138672e+00 5.817228794097900391e+00 4.659836292266845703e+00 5.785898685455322266e+00
6.567127227783203125e+00 4.712257385253906250e+00 6.561017990112304688e+00 5.805787086486816406e+00 4.603789806365966797e+00 5.777616500854492188e+00
6.562667846679687500e+00 4.727599620819091797e+00 6.556271553039550781e+00 5.791275501251220703e+00 4.541512012481689453e+00 5.766125202178955078e+00
6.560934066772460938e+00 4.681295394897460938e+00 6.555165767669677734e+00 5.773145675659179688e+00 4.485176086425781250e+00 5.750170707702636719e+00
6.560533046722412109e+00 4.619243144989013672e+00 6.555532455444335938e+00 5.750148773193359375e+00 4.418135166168212891e+00 5.729443550109863281e+00
6.560407638549804688e+00 4.637309551239013672e+00 6.555192470550537109e+00 5.724442481994628906e+00 4.383238792419433594e+00 5.704180717468261719e+00
6.557640075683593750e+00 4.655964851379394531e+00 6.552159309387207031e+00 5.704960346221923828e+00 4.314864635467529297e+00 5.686901092529296875e+00
6.552794456481933594e+00 4.632812976837158203e+00 6.547541141510009766e+00 5.680078029632568359e+00 4.251603126525878906e+00 5.663576126098632812e+00
6.548701286315917969e+00 4.664505481719970703e+00 6.542994022369384766e+00 5.653419494628906250e+00 4.250813484191894531e+00 5.635884284973144531e+00
6.543862819671630859e+00 4.694689750671386719e+00 6.537672519683837891e+00 5.637763023376464844e+00 4.191880226135253906e+00 5.621921539306640625e+00
6.538823604583740234e+00 4.701375484466552734e+00 6.532462596893310547e+00 5.623243808746337891e+00 4.006298542022705078e+00 5.612623691558837891e+00
6.532558917999267578e+00 4.656858444213867188e+00 6.526738166809082031e+00 5.610118389129638672e+00 3.975486040115356445e+00 5.599926471710205078e+00
6.525153160095214844e+00 4.619765758514404297e+00 6.519719600677490234e+00 5.598850250244140625e+00 3.890594244003295898e+00 5.590263366699218750e+00
6.518862724304199219e+00 4.536692619323730469e+00 6.514314174652099609e+00 5.581578731536865234e+00 3.796881914138793945e+00 5.574389457702636719e+00
6.513351917266845703e+00 4.463895797729492188e+00 6.509458541870117188e+00 5.560410022735595703e+00 3.625136375427246094e+00 5.555339813232421875e+00
6.508127689361572266e+00 4.478194236755371094e+00 6.504054546356201172e+00 5.542605400085449219e+00 2.898985624313354492e+00 5.541617870330810547e+00
6.504190921783447266e+00 4.435739994049072266e+00 6.500465869903564453e+00 5.519311904907226562e+00 -inf 5.519311904907226562e+00
6.502030849456787109e+00 4.352361202239990234e+00 6.498942852020263672e+00 5.489623546600341797e+00 2.576108932495117188e+00 5.489093303680419922e+00
6.500481605529785156e+00 4.245369434356689453e+00 6.498061180114746094e+00 5.453867435455322266e+00 3.004608631134033203e+00 5.452321052551269531e+00
6.498664379119873047e+00 4.182765960693359375e+00 6.496561050415039062e+00 5.419717311859130859e+00 3.243245363235473633e+00 5.416814804077148438e+00
6.497478008270263672e+00 4.048166275024414062e+00 6.495932102203369141e+00 5.358684539794921875e+00 3.146276950836181641e+00 5.356013298034667969e+00
6.494377613067626953e+00 4.071150779724121094e+00 6.492735385894775391e+00 5.303040981292724609e+00 2.919275283813476562e+00 5.301242351531982422e+00
6.489394664764404297e+00 4.194315910339355469e+00 6.487187385559082031e+00 5.243131160736083984e+00 -inf 5.243131160736083984e+00
6.483329296112060547e+00 4.253105640411376953e+00 6.480765819549560547e+00 5.194297790527343750e+00 2.256723880767822266e+00 5.193796157836914062e+00
6.476207733154296875e+00 4.177898406982421875e+00 6.474016666412353516e+00 5.095071792602539062e+00 2.260958433151245117e+00 5.094434738159179688e+00
6.464317798614501953e+00 4.055232048034667969e+00 6.462621688842773438e+00 5.036273479461669922e+00 -inf 5.036273479461669922e+00
6.445837020874023438e+00 3.861464262008666992e+00 6.444705009460449219e+00 4.998260498046875000e+00 -inf 4.998260498046875000e+00
6.423670768737792969e+00 3.902806043624877930e+00 6.422359466552734375e+00 4.962698936462402344e+00 -inf 4.962698936462402344e+00
6.399904251098632812e+00 3.887661695480346680e+00 6.398567199707031250e+00 4.929617881774902344e+00 -inf 4.929617881774902344e+00
6.375831127166748047e+00 3.917446374893188477e+00 6.374316692352294922e+00 4.895857810974121094e+00 -inf 4.895857810974121094e+00
6.353219032287597656e+00 3.941377639770507812e+00 6.351532936096191406e+00 4.821009635925292969e+00 -inf 4.821009635925292969e+00
6.330972671508789062e+00 3.943116188049316406e+00 6.329191207885742188e+00 4.735642910003662109e+00 -inf 4.735642910003662109e+00
6.307433605194091797e+00 3.953524112701416016e+00 6.305506706237792969e+00 4.650371551513671875e+00 -inf 4.650371551513671875e+00
6.280090332031250000e+00 3.914688587188720703e+00 6.278213977813720703e+00 4.571788311004638672e+00 -inf 4.571788311004638672e+00
6.247144699096679688e+00 3.947050809860229492e+00 6.244962692260742188e+00 4.544927120208740234e+00 -inf 4.544927120208740234e+00
6.214263439178466797e+00 3.903710126876831055e+00 6.212133884429931641e+00 4.539501667022705078e+00 -inf 4.539501667022705078e+00
6.185006618499755859e+00 3.674334526062011719e+00 6.183664321899414062e+00 4.532300472259521484e+00 -inf 4.532300472259521484e+00
6.156228542327880859e+00 3.848187208175659180e+00 6.154086589813232422e+00 4.525737285614013672e+00 -inf 4.525737285614013672e+00
6.125786781311035156e+00 3.912940502166748047e+00 6.123118400573730469e+00 4.517076969146728516e+00 -inf 4.517076969146728516e+00
6.089840412139892578e+00 4.105315208435058594e+00 6.085316658020019531e+00 4.510947227478027344e+00 -inf 4.510947227478027344e+00
6.055322170257568359e+00 4.168628692626953125e+00 6.049647808074951172e+00 4.500052928924560547e+00 -inf 4.500052928924560547e+00
6.020802974700927734e+00 4.191327571868896484e+00 6.014323234558105469e+00 4.488428592681884766e+00 -inf 4.488428592681884766e+00
5.984594821929931641e+00 4.013583660125732422e+00 5.979927062988281250e+00 4.473296165466308594e+00 -inf 4.473296165466308594e+00
5.937351226806640625e+00 3.939080238342285156e+00 5.932969093322753906e+00 4.459704875946044922e+00 -inf 4.459704875946044922e+00
5.879825592041015625e+00 3.597549200057983398e+00 5.877552509307861328e+00 4.441943645477294922e+00 -inf 4.441943645477294922e+00
5.840690612792968750e+00 3.748194456100463867e+00 5.837166786193847656e+00 4.428717136383056641e+00 -inf 4.428717136383056641e+00
5.804718017578125000e+00 3.640491962432861328e+00 5.801732540130615234e+00 4.420917510986328125e+00 -inf 4.420917510986328125e+00
5.774238109588623047e+00 3.495790004730224609e+00 5.771944999694824219e+00 4.399049282073974609e+00 -inf 4.399049282073974609e+00
5.736768245697021484e+00 3.448832035064697266e+00 5.734524726867675781e+00 4.375313282012939453e+00 -inf 4.375313282012939453e+00
5.704878330230712891e+00 3.460510730743408203e+00 5.702397346496582031e+00 4.348915100097656250e+00 -inf 4.348915100097656250e+00
5.675550937652587891e+00 3.209046363830566406e+00 5.674065113067626953e+00 4.325267791748046875e+00 -inf 4.325267791748046875e+00
5.655247211456298828e+00 2.268432617187500000e+00 5.655068874359130859e+00 4.310132503509521484e+00 -inf 4.310132503509521484e+00
5.635449886322021484e+00 -inf 5.635449886322021484e+00 4.291523456573486328e+00 -inf 4.291523456573486328e+00
5.601064205169677734e+00 -inf 5.601064205169677734e+00 4.269579410552978516e+00 -inf 4.269579410552978516e+00
5.569962024688720703e+00 -inf 5.569962024688720703e+00 4.263923168182373047e+00 -inf 4.263923168182373047e+00
5.522153854370117188e+00 2.572813272476196289e+00 5.521665573120117188e+00 4.265636920928955078e+00 -inf 4.265636920928955078e+00
5.470989227294921875e+00 3.313903570175170898e+00 5.467953681945800781e+00 4.265201091766357422e+00 -inf 4.265201091766357422e+00
5.428956985473632812e+00 3.382813215255737305e+00 5.425034523010253906e+00 4.264977931976318359e+00 -inf 4.264977931976318359e+00
5.398279666900634766e+00 2.887957811355590820e+00 5.396936416625976562e+00 4.264978885650634766e+00 -inf 4.264978885650634766e+00
5.352481842041015625e+00 2.587735414505004883e+00 5.351734638214111328e+00 4.264979362487792969e+00 -inf 4.264979362487792969e+00
5.313172817230224609e+00 -inf 5.313172817230224609e+00 4.264979839324951172e+00 -inf 4.264979839324951172e+00
5.273497581481933594e+00 -inf 5.273497581481933594e+00 4.264980316162109375e+00 -inf 4.264980316162109375e+00
5.228693485260009766e+00 -inf 5.228693485260009766e+00 4.264980792999267578e+00 -inf 4.264980792999267578e+00
5.184346199035644531e+00 -inf 5.184346199035644531e+00 4.264981269836425781e+00 -inf 4.264981269836425781e+00
5.139431953430175781e+00 -inf 5.139431953430175781e+00 4.264981269836425781e+00 -inf 4.264981269836425781e+00
5.090805530548095703e+00 -inf 5.090805530548095703e+00 4.264981746673583984e+00 -inf 4.264981746673583984e+00
5.022840023040771484e+00 -inf 5.022840023040771484e+00 4.264982223510742188e+00 -inf 4.264982223510742188e+00
4.974536895751953125e+00 -inf 4.974536895751953125e+00 4.264982223510742188e+00 -inf 4.264982223510742188e+00
4.930160999298095703e+00 -inf 4.930160999298095703e+00 4.264982700347900391e+00 -inf 4.264982700347900391e+00
4.895442008972167969e+00 -inf 4.895442008972167969e+00 4.264983177185058594e+00 -inf 4.264983177185058594e+00
4.856847286224365234e+00 -inf 4.856847286224365234e+00 4.264983177185058594e+00 -inf 4.264983177185058594e+00
4.791111469268798828e+00 -inf 4.791111469268798828e+00 4.264983177185058594e+00 -inf 4.264983177185058594e+00
4.723927021026611328e+00 -inf 4.723927021026611328e+00 4.264983654022216797e+00 -inf 4.264983654022216797e+00
4.647438049316406250e+00 -inf 4.647438049316406250e+00 4.264983654022216797e+00 -inf 4.264983654022216797e+00
4.580018997192382812e+00 -inf 4.580018997192382812e+00 4.264983654022216797e+00 -inf 4.264983654022216797e+00
4.541127204895019531e+00 -inf 4.541127204895019531e+00 4.264984130859375000e+00 -inf 4.264984130859375000e+00
4.386816501617431641e+00 -inf 4.386816501617431641e+00 4.264984130859375000e+00 -inf 4.264984130859375000e+00
4.332046031951904297e+00 -inf 4.332046031951904297e+00 4.264984607696533203e+00 -inf 4.264984607696533203e+00
4.286838054656982422e+00 -inf 4.286838054656982422e+00 4.264984607696533203e+00 -inf 4.264984607696533203e+00
4.267043113708496094e+00 -inf 4.267043113708496094e+00 4.264984607696533203e+00 -inf 4.264984607696533203e+00
4.267043590545654297e+00 -inf 4.267043590545654297e+00 4.264984607696533203e+00 -inf 4.264984607696533203e+00
4.267043113708496094e+00 -inf 4.267043113708496094e+00 4.264984607696533203e+00 -inf 4.264984607696533203e+00
4.267043113708496094e+00 -inf 4.267043113708496094e+00 4.264984607696533203e+00 -inf 4.264984607696533203e+00
4.267043113708496094e+00 -inf 4.267043113708496094e+00 4.264984130859375000e+00 -inf 4.264984130859375000e+00
4.267043113708496094e+00 -inf 4.267043113708496094e+00 4.264984130859375000e+00 -inf 4.264984130859375000e+00
4.267043113708496094e+00 -inf 4.267043113708496094e+00 4.264984130859375000e+00 -inf 4.264984130859375000e+00
4.267043113708496094e+00 -inf 4.267043113708496094e+00 4.264984130859375000e+00 -inf 4.264984130859375000e+00
4.267042636871337891e+00 -inf 4.267042636871337891e+00 4.264984130859375000e+00 -inf 4.264984130859375000e+00
4.267042636871337891e+00 -inf 4.267042636871337891e+00 4.264984130859375000e+00 -inf 4.264984130859375000e+00
