5.572836875915527344e+00 -inf -3.296476788818836212e-03 6.968218803405761719e+00 4.910441875457763672e+00 -2.489501535892486572e-01
5.570536613464355469e+00 1.703315377235412598e+00 2.208399057388305664e+00 6.969279766082763672e+00 5.195572853088378906e+00 1.887440681457519531e+00
5.563181400299072266e+00 1.169997930526733398e+00 1.818205714225769043e+00 6.968713760375976562e+00 5.344361782073974609e+00 2.172128438949584961e+00
5.558645248413085938e+00 1.040154933929443359e+00 1.631043553352355957e+00 6.967926502227783203e+00 5.371870517730712891e+00 1.834040164947509766e+00
5.550325393676757812e+00 3.319248259067535400e-01 1.143400549888610840e+00 6.967109203338623047e+00 5.404716491699218750e+00 1.580432653427124023e+00
5.541724681854248047e+00 -3.241757154464721680e-01 4.077404737472534180e-01 6.966261863708496094e+00 5.188726425170898438e+00 1.918784379959106445e+00
5.530624866485595703e+00 -3.744107186794281006e-01 2.988243997097015381e-01 6.965871810913085938e+00 5.006956100463867188e+00 2.166513681411743164e+00
5.521331787109375000e+00 -1.260135024785995483e-01 6.544744372367858887e-01 6.965642929077148438e+00 4.848857879638671875e+00 1.926128745079040527e+00
5.514818668365478516e+00 1.456205099821090698e-01 8.019679188728332520e-01 6.966817378997802734e+00 4.766931056976318359e+00 1.535374522209167480e+00
5.508678913116455078e+00 -5.191668868064880371e-01 7.427486181259155273e-01 6.967900753021240234e+00 4.866344928741455078e+00 -inf
5.511957168579101562e+00 -1.010577678680419922e+00 5.504698753356933594e-01 6.968347072601318359e+00 4.808481216430664062e+00 8.574716448783874512e-01
5.512296676635742188e+00 -7.864683866500854492e-01 5.708644390106201172e-01 6.969207763671875000e+00 4.855198860168457031e+00 -inf
5.504772663116455078e+00 6.968644857406616211e-01 1.541600227355957031e+00 6.969366550445556641e+00 4.929499626159667969e+00 3.758452534675598145e-01
5.512740612030029297e+00 3.318687081336975098e-01 1.628594756126403809e+00 6.969693183898925781e+00 5.034974098205566406e+00 1.793436169624328613e+00
5.522555828094482422e+00 4.735155403614044189e-01 1.478666424751281738e+00 6.970299243927001953e+00 5.172286033630371094e+00 2.124544143676757812e+00
5.530309200286865234e+00 1.618452668190002441e-01 2.204127311706542969e+00 6.970671653747558594e+00 5.340943336486816406e+00 1.270043373107910156e+00
5.535164833068847656e+00 5.631970763206481934e-01 2.300181150436401367e+00 6.970531940460205078e+00 5.483337879180908203e+00 2.130166530609130859e+00
5.546879768371582031e+00 1.300577521324157715e+00 2.746207714080810547e+00 6.970853805541992188e+00 5.608866214752197266e+00 2.125221490859985352e+00
5.555336475372314453e+00 2.488384842872619629e-01 3.121115922927856445e+00 6.970920085906982422e+00 5.731697082519531250e+00 3.531768321990966797e+00
5.573135852813720703e+00 5.523450374603271484e-01 3.169218301773071289e+00 6.970845699310302734e+00 5.828347682952880859e+00 3.283438920974731445e+00
5.586762905120849609e+00 7.700940370559692383e-01 3.351908922195434570e+00 6.970448970794677734e+00 5.910452842712402344e+00 2.786656856536865234e+00
5.594456672668457031e+00 7.053222060203552246e-01 3.252099752426147461e+00 6.970539569854736328e+00 5.992592334747314453e+00 3.496552944183349609e+00
5.610044956207275391e+00 1.056088328361511230e+00 3.388951301574707031e+00 6.970186233520507812e+00 6.057969570159912109e+00 3.204506874084472656e+00
5.622313976287841797e+00 1.133974552154541016e+00 3.293287992477416992e+00 6.969060420989990234e+00 5.884377002716064453e+00 3.254635810852050781e+00
5.640521526336669922e+00 1.616433858871459961e-01 2.568970441818237305e+00 6.968446731567382812e+00 5.821059703826904297e+00 -inf
5.655754089355468750e+00 3.955117464065551758e-01 2.152263164520263672e+00 6.968101024627685547e+00 5.782248497009277344e+00 -inf
5.675077915191650391e+00 5.357682704925537109e-01 2.051416158676147461e+00 6.966957092285156250e+00 5.728646755218505859e+00 -inf
5.690919876098632812e+00 5.272534489631652832e-01 2.251127243041992188e+00 6.966027736663818359e+00 5.726969242095947266e+00 -inf
5.710065364837646484e+00 7.297623753547668457e-01 2.010230779647827148e+00 6.964822292327880859e+00 5.676127433776855469e+00 5.031733959913253784e-02
5.711378097534179688e+00 7.212514877319335938e-01 1.994361162185668945e+00 6.964789390563964844e+00 5.678359031677246094e+00 4.417346119880676270e-01
5.742571353912353516e+00 1.134926900267601013e-01 1.373810529708862305e+00 6.960934162139892578e+00 5.428472995758056641e+00 -inf
5.756534576416015625e+00 -4.516313076019287109e-01 1.472236037254333496e+00 6.958937644958496094e+00 5.304078102111816406e+00 -inf
5.768961906433105469e+00 -1.955913752317428589e-01 1.536397337913513184e+00 6.958454132080078125e+00 5.312165260314941406e+00 -inf
5.781450271606445312e+00 2.906516194343566895e-01 1.690701484680175781e+00 6.956480979919433594e+00 5.296108722686767578e+00 -inf
5.794714450836181641e+00 4.141705334186553955e-01 1.417107462882995605e+00 6.954831600189208984e+00 5.310916900634765625e+00 -inf
5.806334495544433594e+00 1.366371512413024902e-01 1.315242648124694824e+00 6.953373908996582031e+00 5.265233993530273438e+00 -inf
5.818848609924316406e+00 -1.666836589574813843e-01 1.484932780265808105e+00 6.952093601226806641e+00 5.237407207489013672e+00 -inf
5.833705902099609375e+00 6.257500052452087402e-01 1.714944362640380859e+00 6.950920104980468750e+00 5.284910202026367188e+00 -inf
5.845802307128906250e+00 4.909082651138305664e-01 1.656222105026245117e+00 6.949887275695800781e+00 5.225347995758056641e+00 -inf
5.864432334899902344e+00 -2.815195322036743164e-01 1.709806799888610840e+00 6.948650836944580078e+00 5.268139362335205078e+00 3.883952200412750244e-01
5.887468814849853516e+00 -2.202807664871215820e-01 1.699872493743896484e+00 6.946470737457275391e+00 5.250006198883056641e+00 -4.310599179007112980e-04
5.918966293334960938e+00 1.377903223037719727e-01 1.905251026153564453e+00 6.943685531616210938e+00 5.284571170806884766e+00 9.108408093452453613e-01
5.944616794586181641e+00 7.407241463661193848e-01 1.970742344856262207e+00 6.940968990325927734e+00 5.333537101745605469e+00 8.934735655784606934e-01
5.963519573211669922e+00 6.527817249298095703e-01 2.457105159759521484e+00 6.939111709594726562e+00 5.323081970214843750e+00 1.291890859603881836e+00
5.982474327087402344e+00 2.779427766799926758e-01 1.670592784881591797e+00 6.937104701995849609e+00 5.304368019104003906e+00 1.213654637336730957e+00
6.000673294067382812e+00 1.333048105239868164e+00 2.286389827728271484e+00 6.934825897216796875e+00 5.283561706542968750e+00 2.523396968841552734e+00
6.024849414825439453e+00 6.510660052299499512e-01 2.103670597076416016e+00 6.931903839111328125e+00 5.238906860351562500e+00 2.650847911834716797e+00
6.052930831909179688e+00 8.775007724761962891e-01 1.967015981674194336e+00 6.928212642669677734e+00 5.221221446990966797e+00 2.520166873931884766e+00
6.077733993530273438e+00 1.092328548431396484e+00 2.294194698333740234e+00 6.925211429595947266e+00 5.313006877899169922e+00 2.201957464218139648e+00
6.100939750671386719e+00 9.993953704833984375e-01 2.141956090927124023e+00 6.921747684478759766e+00 5.351548194885253906e+00 2.246181964874267578e+00
6.120991706848144531e+00 9.229073524475097656e-01 3.122607707977294922e+00 6.918852329254150391e+00 5.416670322418212891e+00 2.106124401092529297e+00
6.139685153961181641e+00 1.012080788612365723e+00 3.369879722595214844e+00 6.916296958923339844e+00 5.469247817993164062e+00 2.360534429550170898e+00
6.156044483184814453e+00 1.284646391868591309e+00 3.532017707824707031e+00 6.913420677185058594e+00 5.520653724670410156e+00 2.221453905105590820e+00
6.169628620147705078e+00 8.426189422607421875e-01 3.681812286376953125e+00 6.910960197448730469e+00 5.539628028869628906e+00 2.343212604522705078e+00
6.181119441986083984e+00 1.015195250511169434e+00 3.680824756622314453e+00 6.908970832824707031e+00 5.597673892974853516e+00 1.992586851119995117e+00
6.192009925842285156e+00 1.157203078269958496e+00 3.173907518386840820e+00 6.906806468963623047e+00 5.524666786193847656e+00 1.861064314842224121e+00
6.200725078582763672e+00 1.146764755249023438e+00 3.045817136764526367e+00 6.904878139495849609e+00 5.510169506072998047e+00 1.956966638565063477e+00
6.209373474121093750e+00 5.723192691802978516e-01 2.432798624038696289e+00 6.902946949005126953e+00 5.505649089813232422e+00 1.856409311294555664e+00
6.217466354370117188e+00 7.210475206375122070e-01 2.911964416503906250e+00 6.901347160339355469e+00 5.526639938354492188e+00 1.586199283599853516e+00
6.224875450134277344e+00 9.130832552909851074e-01 2.720106840133666992e+00 6.899619579315185547e+00 5.566722869873046875e+00 3.799900412559509277e-01
6.232465744018554688e+00 1.589000225067138672e+00 2.926183462142944336e+00 6.898012638092041016e+00 5.584239006042480469e+00 -2.919478118419647217e-01
6.239716529846191406e+00 8.715720772743225098e-01 2.919089794158935547e+00 6.896543025970458984e+00 5.641760349273681641e+00 -inf
6.244826793670654297e+00 1.440396189689636230e+00 3.058978319168090820e+00 6.894804477691650391e+00 5.651340007781982422e+00 -inf
6.252633094787597656e+00 7.556362152099609375e-01 2.864591836929321289e+00 6.893021583557128906e+00 5.648101329803466797e+00 2.929008483886718750e+00
6.260726451873779297e+00 1.697822809219360352e+00 3.009597063064575195e+00 6.891569614410400391e+00 5.673645496368408203e+00 2.377008676528930664e+00
6.268090248107910156e+00 1.187806963920593262e+00 3.249358415603637695e+00 6.889863491058349609e+00 5.667320251464843750e+00 -inf
6.273049831390380859e+00 1.032861471176147461e+00 3.450393676757812500e+00 6.888643741607666016e+00 5.747452735900878906e+00 -inf
6.276795864105224609e+00 1.216596841812133789e+00 3.639005661010742188e+00 6.887538909912109375e+00 5.755606651306152344e+00 -inf
6.277969837188720703e+00 2.174281835556030273e+00 3.677280426025390625e+00 6.886603355407714844e+00 5.702038764953613281e+00 -inf
6.280808925628662109e+00 1.290829539299011230e+00 3.531122207641601562e+00 6.886363506317138672e+00 5.703760623931884766e+00 -inf
6.281145572662353516e+00 1.274604439735412598e+00 3.280580997467041016e+00 6.885921001434326172e+00 5.709307670593261719e+00 -inf
6.283471107482910156e+00 1.380113005638122559e+00 3.505634784698486328e+00 6.885715007781982422e+00 5.785686016082763672e+00 6.311102509498596191e-01
6.287099361419677734e+00 1.165743947029113770e+00 3.849470615386962891e+00 6.884593009948730469e+00 5.881863594055175781e+00 2.494819402694702148e+00
6.291295051574707031e+00 1.317086219787597656e+00 4.180070400238037109e+00 6.883808135986328125e+00 5.946358680725097656e+00 3.449821472167968750e+00
6.295913219451904297e+00 1.466287493705749512e+00 4.486125946044921875e+00 6.882467269897460938e+00 6.002032279968261719e+00 3.901848077774047852e+00
6.302000522613525391e+00 1.979290366172790527e+00 4.755455970764160156e+00 6.880813121795654297e+00 6.044433593750000000e+00 4.184974670410156250e+00
6.307369709014892578e+00 1.576246976852416992e+00 4.898987770080566406e+00 6.879641056060791016e+00 6.085536956787109375e+00 4.220141410827636719e+00
6.314309597015380859e+00 2.166833400726318359e+00 5.048099040985107422e+00 6.877943038940429688e+00 6.111244201660156250e+00 4.249499797821044922e+00
6.321838378906250000e+00 2.504374742507934570e+00 5.206656455993652344e+00 6.876064300537109375e+00 6.151267051696777344e+00 4.378292560577392578e+00
6.329710960388183594e+00 2.340821027755737305e+00 5.341850280761718750e+00 6.873765945434570312e+00 6.174949645996093750e+00 4.538194656372070312e+00
6.337585926055908203e+00 1.767804741859436035e+00 5.416268348693847656e+00 6.871585369110107422e+00 6.196691989898681641e+00 4.580311775207519531e+00
6.345098018646240234e+00 2.360150337219238281e+00 5.320037364959716797e+00 6.869295120239257812e+00 6.144620418548583984e+00 4.089637756347656250e+00
6.351032257080078125e+00 1.932803273200988770e+00 5.191689491271972656e+00 6.867348670959472656e+00 6.083106994628906250e+00 3.400238037109375000e+00
6.355108737945556641e+00 1.510229229927062988e+00 4.730625629425048828e+00 6.865874767303466797e+00 5.902198791503906250e+00 2.041363000869750977e+00
6.357445716857910156e+00 1.491626858711242676e+00 4.469109058380126953e+00 6.865101814270019531e+00 5.884028911590576172e+00 2.137534379959106445e+00
6.358363151550292969e+00 1.323998928070068359e+00 4.384037971496582031e+00 6.865015506744384766e+00 5.835234642028808594e+00 1.881551623344421387e+00
6.356876850128173828e+00 1.677079200744628906e+00 4.412981510162353516e+00 6.865438938140869141e+00 5.884170532226562500e+00 1.683241248130798340e+00
6.355778694152832031e+00 1.383116006851196289e+00 4.340266704559326172e+00 6.864902973175048828e+00 5.717228889465332031e+00 1.934272646903991699e+00
6.354425430297851562e+00 1.756343603134155273e+00 3.947590589523315430e+00 6.865564823150634766e+00 5.677423477172851562e+00 1.954793453216552734e+00
6.352377414703369141e+00 1.741612553596496582e+00 3.723692893981933594e+00 6.865899562835693359e+00 5.631618976593017578e+00 1.866142988204956055e+00
6.349947929382324219e+00 1.461887121200561523e+00 3.633310794830322266e+00 6.866796493530273438e+00 5.587287902832031250e+00 1.926887512207031250e+00
6.347321510314941406e+00 1.479868173599243164e+00 3.571364641189575195e+00 6.867469787597656250e+00 5.621635437011718750e+00 1.158614754676818848e+00
6.344195842742919922e+00 1.587815403938293457e+00 3.750116348266601562e+00 6.868524551391601562e+00 5.694510936737060547e+00 1.627037763595581055e+00
6.340024948120117188e+00 1.928874373435974121e+00 3.805766820907592773e+00 6.869844913482666016e+00 5.745099544525146484e+00 2.110252857208251953e+00
6.336542129516601562e+00 1.830480575561523438e+00 3.927860260009765625e+00 6.870580673217773438e+00 5.756505012512207031e+00 2.074666261672973633e+00
6.332155704498291016e+00 1.835563182830810547e+00 4.051745414733886719e+00 6.871571063995361328e+00 5.766029357910156250e+00 1.948260188102722168e+00
6.324676513671875000e+00 1.469748973846435547e+00 4.098527908325195312e+00 6.873392105102539062e+00 5.747791290283203125e+00 2.095293283462524414e+00
6.317282676696777344e+00 1.317401409149169922e+00 3.815717458724975586e+00 6.875540256500244141e+00 5.667455196380615234e+00 2.154357910156250000e+00
6.307605266571044922e+00 1.595606923103332520e+00 3.755602598190307617e+00 6.878449440002441406e+00 5.700587272644042969e+00 1.985483050346374512e+00
6.294690608978271484e+00 1.738270401954650879e+00 3.839895963668823242e+00 6.881493091583251953e+00 5.727441310882568359e+00 2.703111410140991211e+00
6.278679370880126953e+00 9.959095120429992676e-01 3.181038141250610352e+00 6.885180950164794922e+00 5.544836521148681641e+00 2.625515937805175781e+00
6.259819507598876953e+00 5.462239384651184082e-01 2.190755367279052734e+00 6.889487743377685547e+00 5.470172405242919922e+00 2.594861268997192383e+00
6.237898826599121094e+00 7.583182454109191895e-01 2.428450822830200195e+00 6.894352436065673828e+00 5.458341598510742188e+00 2.621214628219604492e+00
6.216961860656738281e+00 1.430379986763000488e+00 2.385283470153808594e+00 6.898533821105957031e+00 5.388861179351806641e+00 2.622348785400390625e+00
6.198460578918457031e+00 1.304278731346130371e+00 2.483302354812622070e+00 6.902532577514648438e+00 5.396354675292968750e+00 2.697298765182495117e+00
6.177711486816406250e+00 1.211745619773864746e+00 2.676865577697753906e+00 6.906380176544189453e+00 5.480344295501708984e+00 2.684502124786376953e+00
6.154417991638183594e+00 1.208438992500305176e+00 2.355759143829345703e+00 6.910066604614257812e+00 5.484807968139648438e+00 2.614030122756958008e+00
6.129697799682617188e+00 1.053925275802612305e+00 2.338901519775390625e+00 6.914273738861083984e+00 5.544248104095458984e+00 2.789452791213989258e+00
6.105314731597900391e+00 1.273077964782714844e+00 2.594243288040161133e+00 6.917819499969482422e+00 5.486769199371337891e+00 2.920616149902343750e+00
6.079878807067871094e+00 8.875535726547241211e-01 2.389881849288940430e+00 6.921108722686767578e+00 5.428238868713378906e+00 2.934808015823364258e+00
6.056200027465820312e+00 5.156275033950805664e-01 1.765990495681762695e+00 6.923922538757324219e+00 5.367550849914550781e+00 2.963816881179809570e+00
6.037353515625000000e+00 6.329450607299804688e-01 1.973180532455444336e+00 6.926310539245605469e+00 5.314255714416503906e+00 3.099617719650268555e+00
6.018673896789550781e+00 6.573943495750427246e-01 1.811579823493957520e+00 6.929215431213378906e+00 5.330482482910156250e+00 3.049954652786254883e+00
5.997264862060546875e+00 9.411672949790954590e-01 1.893587350845336914e+00 6.932056903839111328e+00 5.375625133514404297e+00 3.008263587951660156e+00
5.974418163299560547e+00 8.192610144615173340e-01 2.280009508132934570e+00 6.934366703033447266e+00 5.357380867004394531e+00 2.927023410797119141e+00
5.956624507904052734e+00 7.577248215675354004e-01 2.051199674606323242e+00 6.935966491699218750e+00 5.351523399353027344e+00 3.039287567138671875e+00
5.940488815307617188e+00 7.018442153930664062e-01 1.867408871650695801e+00 6.937510967254638672e+00 5.307583808898925781e+00 3.184078216552734375e+00
5.926084995269775391e+00 3.956619501113891602e-01 2.188081502914428711e+00 6.938914299011230469e+00 5.233075141906738281e+00 3.270576715469360352e+00
5.912021160125732422e+00 2.508530020713806152e-01 1.595862507820129395e+00 6.940289974212646484e+00 5.174731254577636719e+00 3.361029624938964844e+00
5.895648956298828125e+00 2.235831320285797119e-01 1.703219175338745117e+00 6.942085742950439453e+00 5.130755424499511719e+00 3.344488859176635742e+00
5.877236843109130859e+00 1.015188917517662048e-01 1.360412836074829102e+00 6.943656444549560547e+00 5.106863975524902344e+00 3.302691936492919922e+00
5.855907917022705078e+00 5.958024859428405762e-01 1.590747117996215820e+00 6.944419384002685547e+00 5.178803920745849609e+00 3.152287721633911133e+00
5.831387519836425781e+00 8.871988058090209961e-01 1.872486948966979980e+00 6.947732448577880859e+00 5.226356506347656250e+00 3.085263013839721680e+00
5.802123069763183594e+00 9.268215894699096680e-01 2.087554454803466797e+00 6.949956893920898438e+00 5.318655014038085938e+00 3.106189966201782227e+00
5.768309116363525391e+00 1.059361338615417480e+00 2.572025060653686523e+00 6.952372074127197266e+00 5.406378269195556641e+00 2.927679061889648438e+00
5.730849742889404297e+00 1.192476153373718262e+00 2.489419937133789062e+00 6.954702377319335938e+00 5.502467632293701172e+00 2.881567239761352539e+00
5.692318916320800781e+00 1.208473086357116699e+00 2.656606435775756836e+00 6.957456111907958984e+00 5.581505298614501953e+00 2.657191753387451172e+00
5.652261734008789062e+00 1.275398015975952148e+00 2.868758916854858398e+00 6.959384441375732422e+00 5.670545101165771484e+00 1.900999546051025391e+00
5.615821838378906250e+00 1.209504961967468262e+00 3.054019927978515625e+00 6.961366176605224609e+00 5.748740673065185547e+00 6.528105139732360840e-01
5.584770202636718750e+00 1.173202276229858398e+00 3.183696746826171875e+00 6.962923526763916016e+00 5.835406780242919922e+00 6.873882412910461426e-01
5.546250343322753906e+00 1.183651924133300781e+00 3.259463310241699219e+00 6.964447021484375000e+00 5.915479660034179688e+00 1.362198114395141602e+00
5.512331962585449219e+00 1.250704288482666016e+00 3.139266729354858398e+00 6.965694904327392578e+00 5.841666221618652344e+00 1.783429265022277832e+00
5.475829601287841797e+00 1.182833194732666016e+00 3.179596662521362305e+00 6.966890811920166016e+00 5.786452770233154297e+00 2.055805683135986328e+00
5.439465522766113281e+00 8.922989964485168457e-01 2.719009160995483398e+00 6.968119621276855469e+00 5.761924743652343750e+00 2.261586427688598633e+00
5.405896186828613281e+00 1.275472760200500488e+00 2.065714359283447266e+00 6.969081878662109375e+00 5.699753761291503906e+00 2.430338621139526367e+00
5.378207206726074219e+00 7.512065768241882324e-01 2.620914220809936523e+00 6.969855785369873047e+00 5.777618408203125000e+00 2.653946399688720703e+00
5.351392269134521484e+00 3.762233555316925049e-01 2.805922269821166992e+00 6.970798015594482422e+00 5.941983222961425781e+00 2.192148208618164062e+00
5.325515270233154297e+00 5.821031928062438965e-01 2.964822053909301758e+00 6.971158027648925781e+00 6.059651851654052734e+00 1.493119239807128906e+00
5.321471214294433594e+00 5.071516036987304688e-01 3.001090526580810547e+00 6.971388339996337891e+00 6.074170589447021484e+00 5.800397992134094238e-01
5.275222301483154297e+00 6.852551102638244629e-01 3.337269544601440430e+00 6.972339153289794922e+00 6.207731723785400391e+00 1.150706291198730469e+00
5.251349449157714844e+00 8.054900169372558594e-01 3.334714174270629883e+00 6.972797393798828125e+00 6.261413574218750000e+00 1.085448861122131348e+00
5.232701778411865234e+00 9.282683134078979492e-01 3.317016601562500000e+00 6.972986698150634766e+00 6.294743061065673828e+00 -inf
5.212437629699707031e+00 1.064793229103088379e+00 3.147635221481323242e+00 6.973355770111083984e+00 6.275548934936523438e+00 -inf
5.199207305908203125e+00 9.525344371795654297e-01 3.155332803726196289e+00 6.973327159881591797e+00 6.223088264465332031e+00 9.820525646209716797e-01
5.186972618103027344e+00 4.716181457042694092e-01 2.833166599273681641e+00 6.973356723785400391e+00 6.127915859222412109e+00 -1.959947496652603149e-01
5.173559188842773438e+00 -4.937494099140167236e-01 1.869284152984619141e+00 6.973414421081542969e+00 5.995261192321777344e+00 -inf
5.156090736389160156e+00 5.931561589241027832e-01 1.606088757514953613e+00 6.973175048828125000e+00 5.857192039489746094e+00 -inf
5.140789031982421875e+00 -7.605082392692565918e-01 1.537146806716918945e+00 6.973037719726562500e+00 5.697735309600830078e+00 -inf
5.126309394836425781e+00 -6.652895808219909668e-01 1.040455818176269531e+00 6.972750186920166016e+00 5.647277832031250000e+00 1.481031298637390137e+00
5.112752914428710938e+00 -2.010424882173538208e-01 9.863814115524291992e-01 6.972898960113525391e+00 5.743085384368896484e+00 3.666263222694396973e-01
5.107348918914794922e+00 -7.837250083684921265e-02 1.244099497795104980e+00 6.972599029541015625e+00 5.914885997772216797e+00 2.376329183578491211e+00
5.105577468872070312e+00 6.117017269134521484e-01 1.779303193092346191e+00 6.972666740417480469e+00 6.009077072143554688e+00 1.614020943641662598e+00
5.103531837463378906e+00 3.595710694789886475e-01 1.732619881629943848e+00 6.972349643707275391e+00 6.028832435607910156e+00 1.645335674285888672e+00
5.103985786437988281e+00 4.567992389202117920e-01 1.414878249168395996e+00 6.971880435943603516e+00 5.961153030395507812e+00 1.933637261390686035e+00
5.109207153320312500e+00 2.844208478927612305e-01 2.037753582000732422e+00 6.971938133239746094e+00 5.993970870971679688e+00 2.449550777673721313e-01
5.119889259338378906e+00 -3.090841770172119141e-01 1.617277503013610840e+00 6.971444129943847656e+00 5.962364673614501953e+00 4.867405891418457031e-01
5.124609470367431641e+00 5.354577302932739258e-01 2.168675661087036133e+00 6.970688819885253906e+00 5.917377471923828125e+00 -inf
5.138175487518310547e+00 -8.938675373792648315e-02 1.853570818901062012e+00 6.970313072204589844e+00 5.907587528228759766e+00 3.872869610786437988e-01
5.142868041992187500e+00 6.716715693473815918e-01 2.078697204589843750e+00 6.969681262969970703e+00 5.836493492126464844e+00 4.425143003463745117e-01
5.137634277343750000e+00 4.517008066177368164e-01 1.868560791015625000e+00 6.969536781311035156e+00 5.827249526977539062e+00 -3.584378957748413086e-01
5.127519130706787109e+00 -4.548619985580444336e-01 1.768509268760681152e+00 6.969017505645751953e+00 5.833943843841552734e+00 3.347430527210235596e-01
5.124178886413574219e+00 -1.272216588258743286e-01 1.865078687667846680e+00 6.968697071075439453e+00 5.846951961517333984e+00 8.715055137872695923e-02
5.124098777770996094e+00 -8.507858514785766602e-01 1.170262813568115234e+00 6.967607975006103516e+00 5.693425178527832031e+00 4.666678905487060547e-01
5.125426769256591797e+00 -4.211111366748809814e-01 1.495948076248168945e+00 6.967176437377929688e+00 5.602042198181152344e+00 5.479048490524291992e-01
5.125742912292480469e+00 -2.095025777816772461e-02 1.268113255500793457e+00 6.966874122619628906e+00 5.765490055084228516e+00 1.410280108451843262e+00
5.126056671142578125e+00 -1.400706887245178223e+00 1.704919338226318359e+00 6.966506004333496094e+00 5.789330482482910156e+00 9.907689690589904785e-01
5.130865573883056641e+00 -2.284795604646205902e-02 1.974913239479064941e+00 6.966161251068115234e+00 5.836646556854248047e+00 2.038549929857254028e-01
5.142613410949707031e+00 -3.900929093360900879e-01 1.458659768104553223e+00 6.965414524078369141e+00 5.809014320373535156e+00 -4.724042713642120361e-01
5.157436847686767578e+00 8.436437696218490601e-02 1.385475158691406250e+00 6.964498519897460938e+00 5.788582801818847656e+00 7.977002859115600586e-01
5.172855377197265625e+00 -3.863202780485153198e-02 1.609233379364013672e+00 6.964086532592773438e+00 5.760669231414794922e+00 1.080145120620727539e+00
5.189673423767089844e+00 3.836561739444732666e-01 1.572491168975830078e+00 6.963629722595214844e+00 5.820854187011718750e+00 9.507998824119567871e-01
5.207259654998779297e+00 -5.483145266771316528e-02 1.622940897941589355e+00 6.962857723236083984e+00 5.800088882446289062e+00 8.316668272018432617e-01
5.227835655212402344e+00 4.111195355653762817e-02 1.468608736991882324e+00 6.961987495422363281e+00 5.797938823699951172e+00 7.908808588981628418e-01
5.247124671936035156e+00 1.806686073541641235e-01 1.368346214294433594e+00 6.961880683898925781e+00 5.857693195343017578e+00 -6.269998103380203247e-02
5.263779163360595703e+00 -2.341338545083999634e-01 1.659473180770874023e+00 6.960535049438476562e+00 5.717350482940673828e+00 -inf
5.277118206024169922e+00 -1.491751968860626221e-01 1.411688089370727539e+00 6.959897994995117188e+00 5.748901367187500000e+00 1.490253806114196777e-01
5.289024829864501953e+00 2.818435132503509521e-01 1.388003826141357422e+00 6.959633827209472656e+00 5.747628211975097656e+00 -7.327551841735839844e-01
5.298973560333251953e+00 3.265722095966339111e-01 1.520424723625183105e+00 6.958825588226318359e+00 5.708137035369873047e+00 5.313307046890258789e-01
5.314506053924560547e+00 -2.157997041940689087e-01 1.355239272117614746e+00 6.958573341369628906e+00 5.783281326293945312e+00 1.205028533935546875e+00
5.332986831665039062e+00 1.595212221145629883e-01 1.528703212738037109e+00 6.957686901092529297e+00 5.730983257293701172e+00 2.891480326652526855e-01
5.357045650482177734e+00 -6.838576495647430420e-02 1.886096715927124023e+00 6.957128047943115234e+00 5.798441410064697266e+00 1.934713959693908691e+00
5.383581638336181641e+00 -1.985346972942352295e-01 1.666692972183227539e+00 6.956485748291015625e+00 5.845771312713623047e+00 2.635657548904418945e+00
5.405557632446289062e+00 4.731819033622741699e-02 1.794766068458557129e+00 6.955899715423583984e+00 5.933269977569580078e+00 2.639842033386230469e+00
5.423207759857177734e+00 3.005163073539733887e-01 1.974563717842102051e+00 6.955101490020751953e+00 5.934615135192871094e+00 2.552661895751953125e+00
5.438626289367675781e+00 -9.327626973390579224e-02 2.086913824081420898e+00 6.954523086547851562e+00 5.984225273132324219e+00 2.668816804885864258e+00
5.453975200653076172e+00 4.060769081115722656e-01 2.275682449340820312e+00 6.954074382781982422e+00 6.028211593627929688e+00 2.407697200775146484e+00
5.477585792541503906e+00 6.283187270164489746e-01 2.760485887527465820e+00 6.953096866607666016e+00 6.070629119873046875e+00 2.331468582153320312e+00
5.499440670013427734e+00 1.094411611557006836e+00 2.881643295288085938e+00 6.952460289001464844e+00 6.094640254974365234e+00 2.884157180786132812e+00
5.522141456604003906e+00 1.138851642608642578e+00 2.736988306045532227e+00 6.951655387878417969e+00 6.145270347595214844e+00 1.881487846374511719e+00
5.542136192321777344e+00 1.103772401809692383e+00 2.823583841323852539e+00 6.950825691223144531e+00 6.166576385498046875e+00 1.688006758689880371e+00
5.559009552001953125e+00 1.070893883705139160e+00 3.004523515701293945e+00 6.949706554412841797e+00 6.206843852996826172e+00 2.200082302093505859e+00
5.579246997833251953e+00 9.648607373237609863e-01 3.284267187118530273e+00 6.948914527893066406e+00 6.276336669921875000e+00 2.894870519638061523e+00
5.600474357604980469e+00 1.067641258239746094e+00 3.447241067886352539e+00 6.947815418243408203e+00 6.323697566986083984e+00 3.051650524139404297e+00
5.618884563446044922e+00 8.176293969154357910e-01 3.487842321395874023e+00 6.946816921234130859e+00 6.304083347320556641e+00 3.206573486328125000e+00
5.631521701812744141e+00 1.277306556701660156e+00 3.319288015365600586e+00 6.945801258087158203e+00 6.267158985137939453e+00 3.291251897811889648e+00
5.647783756256103516e+00 8.608156442642211914e-01 2.960358381271362305e+00 6.944215774536132812e+00 6.171019554138183594e+00 2.299167633056640625e+00
5.660987854003906250e+00 6.253660917282104492e-01 2.250662088394165039e+00 6.943030834197998047e+00 6.067743301391601562e+00 2.637359857559204102e+00
5.677087306976318359e+00 4.831802845001220703e-01 2.232506036758422852e+00 6.941417217254638672e+00 5.980499267578125000e+00 2.499575853347778320e+00
5.696193695068359375e+00 4.488813877105712891e-01 2.320532083511352539e+00 6.940021038055419922e+00 5.904264926910400391e+00 1.989595890045166016e+00
5.714038372039794922e+00 1.180496692657470703e+00 2.167918443679809570e+00 6.937919139862060547e+00 5.858784198760986328e+00 2.114931106567382812e+00
5.735094070434570312e+00 6.358121633529663086e-01 1.868060350418090820e+00 6.935865402221679688e+00 5.753669261932373047e+00 1.574169278144836426e+00
5.757986545562744141e+00 4.874480366706848145e-01 1.485771894454956055e+00 6.932874679565429688e+00 5.569058895111083984e+00 2.121955156326293945e+00
5.778469562530517578e+00 -6.099904179573059082e-01 1.500698685646057129e+00 6.930068492889404297e+00 5.473097801208496094e+00 1.276653170585632324e+00
5.794125080108642578e+00 -2.955496013164520264e-01 1.215161323547363281e+00 6.928238391876220703e+00 5.402015686035156250e+00 1.302381873130798340e+00
5.805509090423583984e+00 -1.115826070308685303e-01 1.451814651489257812e+00 6.926433086395263672e+00 5.284406661987304688e+00 1.072536230087280273e+00
5.815671443939208984e+00 5.053652524948120117e-01 1.713817715644836426e+00 6.925261497497558594e+00 5.333804607391357422e+00 1.206955671310424805e+00
5.824871063232421875e+00 4.189154207706451416e-01 1.819231271743774414e+00 6.922718048095703125e+00 5.279320716857910156e+00 3.088143840432167053e-02
5.835773944854736328e+00 5.547209978103637695e-01 1.907234430313110352e+00 6.920641422271728516e+00 5.272615909576416016e+00 1.222858309745788574e+00
5.848320960998535156e+00 3.019460141658782959e-01 2.039641141891479492e+00 6.919237613677978516e+00 5.287493705749511719e+00 7.008389830589294434e-01
5.864119529724121094e+00 2.777548432350158691e-01 1.879862427711486816e+00 6.917282581329345703e+00 5.385814189910888672e+00 1.929218053817749023e+00
5.874738216400146484e+00 5.388752743601799011e-02 1.731106042861938477e+00 6.915695190429687500e+00 5.475669384002685547e+00 2.194565534591674805e+00
5.883877277374267578e+00 7.031220197677612305e-01 2.089712858200073242e+00 6.914294719696044922e+00 5.509366035461425781e+00 2.353583812713623047e+00
5.893257617950439453e+00 5.320319533348083496e-01 1.931188583374023438e+00 6.913355827331542969e+00 5.576546192169189453e+00 2.385374546051025391e+00
5.903383255004882812e+00 5.401803851127624512e-01 2.001482963562011719e+00 6.912326335906982422e+00 5.611201763153076172e+00 2.877529859542846680e+00
5.911848068237304688e+00 7.731094956398010254e-01 2.176012754440307617e+00 6.911221981048583984e+00 5.656840324401855469e+00 3.356285810470581055e+00
5.917672634124755859e+00 7.942530512809753418e-01 2.664784908294677734e+00 6.910433769226074219e+00 5.745865345001220703e+00 3.375344276428222656e+00
5.924902439117431641e+00 8.276695013046264648e-01 3.051142692565917969e+00 6.909354686737060547e+00 5.820171356201171875e+00 3.858992099761962891e+00
5.933782577514648438e+00 7.909176349639892578e-01 2.973878145217895508e+00 6.908466815948486328e+00 5.889616012573242188e+00 3.344929218292236328e+00
5.944679737091064453e+00 1.010188698768615723e+00 3.062093019485473633e+00 6.907247543334960938e+00 5.960319519042968750e+00 3.242528200149536133e+00
5.955552101135253906e+00 9.645068049430847168e-01 3.215692043304443359e+00 6.905642032623291016e+00 6.017263889312744141e+00 3.681265830993652344e+00
5.963137149810791016e+00 1.159673810005187988e+00 3.401226043701171875e+00 6.904282093048095703e+00 6.068202972412109375e+00 3.586935758590698242e+00
5.974242687225341797e+00 9.616960883140563965e-01 3.571995496749877930e+00 6.903345584869384766e+00 6.121043682098388672e+00 3.159982681274414062e+00
5.984107971191406250e+00 9.859303832054138184e-01 3.363983869552612305e+00 6.901504993438720703e+00 6.076824665069580078e+00 3.065308094024658203e+00
5.994925022125244141e+00 1.289591550827026367e+00 3.366453409194946289e+00 6.900002002716064453e+00 6.092924118041992188e+00 3.157705307006835938e+00
6.010069370269775391e+00 1.129010200500488281e+00 3.470271587371826172e+00 6.898052692413330078e+00 6.105188846588134766e+00 2.513473987579345703e+00
6.020069122314453125e+00 7.802284955978393555e-01 2.830240011215209961e+00 6.895983219146728516e+00 6.014670372009277344e+00 2.154711961746215820e+00
6.029504299163818359e+00 8.246531486511230469e-01 2.393834114074707031e+00 6.893773078918457031e+00 5.885043621063232422e+00 1.561481356620788574e+00
6.038431167602539062e+00 3.020883798599243164e-01 2.007812976837158203e+00 6.891472816467285156e+00 5.763135433197021484e+00 1.407228708267211914e+00
6.047847270965576172e+00 3.456107974052429199e-01 1.646177530288696289e+00 6.889816284179687500e+00 5.737056255340576172e+00 -6.030021309852600098e-01
6.058261394500732422e+00 1.357577145099639893e-01 1.370146870613098145e+00 6.886475086212158203e+00 5.652307987213134766e+00 5.676929354667663574e-01
6.071949958801269531e+00 7.166197896003723145e-01 1.747478127479553223e+00 6.883586406707763672e+00 5.597450733184814453e+00 3.564115166664123535e-01
6.085802555084228516e+00 7.002968788146972656e-01 1.742054224014282227e+00 6.880159854888916016e+00 5.437811374664306641e+00 4.877317547798156738e-01
6.098176956176757812e+00 1.182577967643737793e+00 2.070909023284912109e+00 6.877162933349609375e+00 5.423810005187988281e+00 -inf
6.110435009002685547e+00 4.189606606960296631e-01 1.720425486564636230e+00 6.872822284698486328e+00 5.184762954711914062e+00 1.431240081787109375e+00
6.124624729156494141e+00 8.873695135116577148e-01 1.722980618476867676e+00 6.869696140289306641e+00 5.236976623535156250e+00 6.895296573638916016e-01
6.135931491851806641e+00 7.107643485069274902e-01 1.966148495674133301e+00 6.867193222045898438e+00 5.261861801147460938e+00 2.127683639526367188e+00
6.146331787109375000e+00 1.019738316535949707e+00 2.072593450546264648e+00 6.864533901214599609e+00 5.325350284576416016e+00 1.777257800102233887e+00
6.154203414916992188e+00 8.655274510383605957e-01 2.111254930496215820e+00 6.862539291381835938e+00 5.396311759948730469e+00 2.080260753631591797e+00
6.163257598876953125e+00 7.709926366806030273e-01 2.379554986953735352e+00 6.860434055328369141e+00 5.417244434356689453e+00 1.917630314826965332e+00
6.173829555511474609e+00 7.416039109230041504e-01 2.345341444015502930e+00 6.858198165893554688e+00 5.464194774627685547e+00 1.053961515426635742e+00
6.184444904327392578e+00 1.361575484275817871e+00 2.591972351074218750e+00 6.856237411499023438e+00 5.489082336425781250e+00 7.637595534324645996e-01
6.194736003875732422e+00 7.609757184982299805e-01 2.379857301712036133e+00 6.854388713836669922e+00 5.488274574279785156e+00 2.207909345626831055e+00
6.204251766204833984e+00 6.843810677528381348e-01 2.376863718032836914e+00 6.852518558502197266e+00 5.545224666595458984e+00 1.738156676292419434e+00
6.212229251861572266e+00 6.797575950622558594e-01 2.607927083969116211e+00 6.851380825042724609e+00 5.567162513732910156e+00 1.129533767700195312e+00
6.219831466674804688e+00 7.282531857490539551e-01 2.825930356979370117e+00 6.849816322326660156e+00 5.594451904296875000e+00 2.079775094985961914e+00
6.225290775299072266e+00 7.644752860069274902e-01 2.810836791992187500e+00 6.848771095275878906e+00 5.563682556152343750e+00 1.657308101654052734e+00
6.229822635650634766e+00 6.908502578735351562e-01 2.242777585983276367e+00 6.847547531127929688e+00 5.548905849456787109e+00 1.182669520378112793e+00
6.235292911529541016e+00 4.446502923965454102e-01 2.446247100830078125e+00 6.846595287322998047e+00 5.557342529296875000e+00 1.484152674674987793e+00
6.241358280181884766e+00 4.292795360088348389e-01 2.027172565460205078e+00 6.844516754150390625e+00 5.461657524108886719e+00 1.518601536750793457e+00
