-inf -inf -inf 4.888740062713623047e+00 5.840560197830200195e-01 -inf
-inf -inf -inf 4.889101505279541016e+00 1.147167921066284180e+00 -inf
-inf -inf -inf 4.889131546020507812e+00 9.062329530715942383e-01 -inf
-inf -inf -inf 4.895937442779541016e+00 6.353972554206848145e-01 -inf
-inf -inf -inf 4.907251358032226562e+00 6.831739544868469238e-01 -inf
-inf -inf -inf 4.922665119171142578e+00 7.159321308135986328e-01 -inf
-inf -inf -inf 4.936860084533691406e+00 1.652270704507827759e-01 -inf
-inf -inf -inf 4.956563472747802734e+00 6.610574126243591309e-01 -inf
-inf -inf -inf 4.975834846496582031e+00 -7.988376170396804810e-02 -inf
-inf -inf -inf 4.991375923156738281e+00 9.791907668113708496e-01 -inf
-inf -inf -inf 5.013652324676513672e+00 1.363392949104309082e+00 -inf
-inf -inf -inf 5.031453132629394531e+00 7.595704793930053711e-01 -inf
-inf -inf -inf 5.044298171997070312e+00 8.706736564636230469e-01 -inf
-inf -inf -inf 5.061086654663085938e+00 7.628450393676757812e-01 -inf
-inf -inf -inf 5.074473381042480469e+00 5.071732997894287109e-01 -inf
-inf -inf -inf 5.085411548614501953e+00 6.647815108299255371e-01 -inf
-inf -inf -inf 5.102895736694335938e+00 1.230296969413757324e+00 -inf
-inf -inf -inf 5.122777938842773438e+00 1.075217485427856445e+00 -inf
-inf -inf -inf 5.134919643402099609e+00 1.398773193359375000e+00 -inf
-inf -inf -inf 5.147847652435302734e+00 1.065546274185180664e+00 -inf
-inf -inf -inf 5.158379077911376953e+00 5.384938120841979980e-01 -inf
-inf -inf -inf 5.165415287017822266e+00 1.295162200927734375e+00 -inf
-inf -inf -inf 5.172788143157958984e+00 1.262684226036071777e+00 -inf
-inf -inf -inf 5.179614543914794922e+00 7.218137383460998535e-01 -inf
-inf -inf -inf 5.185187339782714844e+00 4.867534935474395752e-01 -inf
-inf -inf -inf 5.186930656433105469e+00 1.421622395515441895e+00 -inf
-inf -inf -inf 5.184954166412353516e+00 7.274085283279418945e-01 -inf
-inf -inf -inf 5.183090209960937500e+00 1.541165411472320557e-01 -inf
-inf -inf -inf 5.178725242614746094e+00 4.210931062698364258e-01 -inf
-inf -inf -inf 5.173697948455810547e+00 -9.893869757652282715e-01 -inf
-inf -inf -inf 5.167002677917480469e+00 -1.722810440696775913e-03 -inf
-inf -inf -inf 5.161472320556640625e+00 1.216964602470397949e+00 -inf
-inf -inf -inf 5.153383731842041016e+00 -4.423037171363830566e-01 -inf
-inf -inf -inf 5.145718097686767578e+00 1.902266293764114380e-01 -inf
-inf -inf -inf 5.137012004852294922e+00 1.107455492019653320e-01 -inf
-inf -inf -inf 5.125956535339355469e+00 -inf -inf
-inf -inf -inf 5.114474296569824219e+00 -inf -inf
-inf -inf -inf 5.103839874267578125e+00 -inf -inf
-inf -inf -inf 5.092560768127441406e+00 -1.376700043678283691e+00 -inf
-inf -inf -inf 5.080120086669921875e+00 3.616354763507843018e-01 -inf
-inf -inf -inf 5.063218116760253906e+00 -2.211632132530212402e-01 -inf
-inf -inf -inf 5.050331115722656250e+00 4.569801986217498779e-01 -inf
-inf -inf -inf 5.033030509948730469e+00 1.575247198343276978e-01 -inf
-inf -inf -inf 5.016884326934814453e+00 9.492763876914978027e-02 -inf
-inf -inf -inf 4.999056339263916016e+00 -2.689276337623596191e-01 -inf
-inf -inf -inf 4.976690769195556641e+00 -1.605759114027023315e-01 -inf
-inf -inf -inf 4.956326484680175781e+00 6.182642579078674316e-01 -inf
-inf -inf -inf 4.933133125305175781e+00 3.829784393310546875e-01 -inf
-inf -inf -inf 4.905179500579833984e+00 3.206808567047119141e-01 -inf
-inf -inf -inf 4.879148960113525391e+00 6.300243139266967773e-01 -inf
-inf -inf -inf 4.851129055023193359e+00 3.535387516021728516e-01 -inf
-inf -inf -inf 4.818947315216064453e+00 3.198724985122680664e-01 -inf
-inf -inf -inf 4.782829761505126953e+00 1.024006754159927368e-01 -inf
-inf -inf -inf 4.751214027404785156e+00 1.196043789386749268e-01 -inf
-inf -inf -inf 4.720001220703125000e+00 -2.032598666846752167e-02 -inf
-inf -inf -inf 4.686679363250732422e+00 5.036921054124832153e-02 -inf
-inf -inf -inf 4.647845268249511719e+00 9.306886792182922363e-02 -inf
-inf -inf -inf 4.608346939086914062e+00 1.059095263481140137e+00 -inf
-inf -inf -inf 4.562135696411132812e+00 5.726509094238281250e-01 -inf
-inf -inf -inf 4.511868476867675781e+00 2.345020323991775513e-01 -inf
-inf -inf -inf 4.459946155548095703e+00 1.731654554605484009e-01 -inf
-inf -inf -inf 4.388967990875244141e+00 -1.630768179893493652e-01 -inf
-inf -inf -inf 4.334552764892578125e+00 -1.856784820556640625e-01 -inf
-inf -inf -inf 4.284258842468261719e+00 -6.752889603376388550e-02 -inf
-inf -inf -inf 4.238078117370605469e+00 -1.031957715749740601e-01 -inf
-inf -inf -inf 4.179405689239501953e+00 -5.878235101699829102e-01 -inf
-inf -inf -inf 4.130894184112548828e+00 -7.358463406562805176e-01 -inf
-inf -inf -inf 4.086280345916748047e+00 -8.298764228820800781e-01 -inf
-inf -inf -inf 4.042135715484619141e+00 -7.514629960060119629e-01 -inf
-inf -inf -inf 4.000968933105468750e+00 -4.568373262882232666e-01 -inf
-inf -inf -inf 3.955415248870849609e+00 -3.392971754074096680e-01 -inf
-inf -inf -inf 3.908712387084960938e+00 -2.111807346343994141e+00 -inf
-inf -inf -inf 3.876948356628417969e+00 -inf -inf
-inf -inf -inf 3.832225799560546875e+00 -6.194950938224792480e-01 -inf
-inf -inf -inf 3.753597736358642578e+00 -inf -inf
-inf -inf -inf 3.672301530838012695e+00 -inf -inf
-inf -inf -inf 3.597321033477783203e+00 -inf -inf
-inf -inf -inf 3.536130666732788086e+00 -inf -inf
-inf -inf -inf 3.519280672073364258e+00 -inf -inf
-inf -inf -inf 3.506695508956909180e+00 -inf -inf
-inf -inf -inf 3.513049364089965820e+00 -inf -inf
-inf -inf -inf 3.518776178359985352e+00 -inf -inf
-inf -inf -inf 3.521503925323486328e+00 -inf -inf
-inf -inf -inf 3.531505584716796875e+00 -inf -inf
-inf -inf -inf 3.536143064498901367e+00 -1.599711418151855469e+00 -inf
-inf -inf -inf 3.542031049728393555e+00 -inf -inf
-inf -inf -inf 3.556261539459228516e+00 -inf -inf
-inf -inf -inf 3.593924522399902344e+00 -inf -inf
-inf -inf -inf 3.635947465896606445e+00 -inf -inf
-inf -inf -inf 3.691808462142944336e+00 -inf -inf
-inf -inf -inf 3.737921953201293945e+00 -7.511531710624694824e-01 -inf
-inf -inf -inf 3.795016527175903320e+00 1.541840285062789917e-01 -inf
-inf -inf -inf 3.853610515594482422e+00 -3.728545904159545898e-01 -inf
-inf -inf -inf 3.894367218017578125e+00 -1.302267789840698242e+00 -inf
-inf -inf -inf 3.963151931762695312e+00 -1.202178120613098145e+00 -inf
-inf -inf -inf 4.005002021789550781e+00 -1.389852285385131836e+00 -inf
-inf -inf -inf 4.070261955261230469e+00 -8.064991831779479980e-01 -inf
-inf -inf -inf 4.119679927825927734e+00 -9.511345624923706055e-01 -inf
-inf -inf -inf 4.173161506652832031e+00 1.530965715646743774e-01 -inf
-inf -inf -inf 4.186695098876953125e+00 -8.523139953613281250e-01 -inf
-inf -inf -inf 4.226837635040283203e+00 9.837322682142257690e-02 -inf
-inf -inf -inf 4.261747837066650391e+00 -5.351109504699707031e-01 -inf
-inf -inf -inf 4.277791976928710938e+00 -7.855090498924255371e-01 -inf
-inf -inf -inf 4.292683601379394531e+00 -8.134580254554748535e-01 -inf
-inf -inf -inf 4.330670356750488281e+00 6.803572177886962891e-02 -inf
-inf -inf -inf 4.340110778808593750e+00 -9.138713479042053223e-01 -inf
-inf -inf -inf 4.364472866058349609e+00 -4.996745586395263672e-01 -inf
-inf -inf -inf 4.384397029876708984e+00 -3.106651902198791504e-01 -inf
-inf -inf -inf 4.399123668670654297e+00 -8.359060287475585938e-01 -inf
-inf -inf -inf 4.415371894836425781e+00 7.787971198558807373e-02 -inf
-inf -inf -inf 4.433808803558349609e+00 -6.134835481643676758e-01 -inf
-inf -inf -inf 4.444675445556640625e+00 -1.262820601463317871e+00 -inf
-inf -inf -inf 4.453744411468505859e+00 7.184811681509017944e-02 -inf
-inf -inf -inf 4.464634895324707031e+00 -7.895708084106445312e-01 -inf
-inf -inf -inf 4.470822811126708984e+00 -2.438848972320556641e+00 -inf
-inf -inf -inf 4.470562458038330078e+00 3.995771408081054688e-01 -inf
-inf -inf -inf 4.475306034088134766e+00 -1.378408193588256836e+00 -inf
-inf -inf -inf 4.477036952972412109e+00 -9.191768169403076172e-01 -inf
-inf -inf -inf 4.483431339263916016e+00 -2.371848821640014648e-01 -inf
-inf -inf -inf 4.490772724151611328e+00 -2.751166522502899170e-01 -inf
-inf -inf -inf 4.492914199829101562e+00 6.676568090915679932e-02 -inf
-inf -inf -inf 4.496686935424804688e+00 -1.323409318923950195e+00 -inf
-inf -inf -inf 4.496663093566894531e+00 -1.434925794601440430e+00 -inf
-inf -inf -inf 4.499515533447265625e+00 -2.187821626663208008e+00 -inf
-inf -inf -inf 4.500601291656494141e+00 -inf -inf
-inf -inf -inf 4.498879432678222656e+00 -inf -inf
-inf -inf -inf 4.498269081115722656e+00 -inf -inf
-inf -inf -inf 4.498229026794433594e+00 -inf -inf
-inf -inf -inf 4.495286941528320312e+00 -inf -inf
-inf -inf -inf 4.491431236267089844e+00 -inf -inf
-inf -inf -inf 4.485628604888916016e+00 -inf -inf
-inf -inf -inf 4.477479934692382812e+00 -inf -inf
-inf -inf -inf 4.463571548461914062e+00 -inf -inf
-inf -inf -inf 4.450432777404785156e+00 -inf -inf
-inf -inf -inf 4.435632705688476562e+00 -inf -inf
-inf -inf -inf 4.411737918853759766e+00 -inf -inf
-inf -inf -inf 4.391249179840087891e+00 -2.032829999923706055e+00 -inf
-inf -inf -inf 4.378839492797851562e+00 -2.665434777736663818e-02 -inf
-inf -inf -inf 4.359090805053710938e+00 -8.972698450088500977e-01 -inf
-inf -inf -inf 4.342896938323974609e+00 -1.223183631896972656e+00 -inf
-inf -inf -inf 4.323702335357666016e+00 -6.512598991394042969e-01 -inf
-inf -inf -inf 4.306427478790283203e+00 -inf -inf
-inf -inf -inf 4.287559509277343750e+00 -inf -inf
-inf -inf -inf 4.258957386016845703e+00 -1.639275789260864258e+00 -inf
-inf -inf -inf 4.226366519927978516e+00 -2.133611917495727539e+00 -inf
-inf -inf -inf 4.222070217132568359e+00 -8.839135169982910156e-01 -inf
-inf -inf -inf 4.198209762573242188e+00 -1.539272904396057129e+00 -inf
-inf -inf -inf 4.160265445709228516e+00 -1.645586252212524414e+00 -inf
-inf -inf -inf 4.095038414001464844e+00 -inf -inf
-inf -inf -inf 4.063623428344726562e+00 -1.535294771194458008e+00 -inf
-inf -inf -inf 4.047476768493652344e+00 -1.386920362710952759e-01 -inf
-inf -inf -inf 4.020563602447509766e+00 1.564960740506649017e-02 -inf
-inf -inf -inf 3.991977214813232422e+00 -7.437505722045898438e-01 -inf
-inf -inf -inf 3.972424507141113281e+00 -1.962087154388427734e+00 -inf
-inf -inf -inf 4.000526428222656250e+00 -9.469466805458068848e-01 -inf
-inf -inf -inf 4.038917541503906250e+00 -9.349225163459777832e-01 -inf
-inf -inf -inf 4.056152820587158203e+00 -8.784886598587036133e-01 -inf
-inf -inf -inf 4.080396175384521484e+00 -9.783563017845153809e-01 -inf
-inf -inf -inf 4.113700866699218750e+00 -1.087295174598693848e+00 -inf
-inf -inf -inf 4.135227203369140625e+00 -2.182423591613769531e+00 -inf
-inf -inf -inf 4.179423809051513672e+00 8.432933092117309570e-01 -inf
-inf -inf -inf 4.220761299133300781e+00 2.280606329441070557e-01 -inf
-inf -inf -inf 4.251986980438232422e+00 -6.430584192276000977e-01 -inf
-inf -inf -inf 4.286033153533935547e+00 -1.358621269464492798e-01 -inf
-inf -inf -inf 4.319267749786376953e+00 -1.416742444038391113e+00 -inf
-inf -inf -inf 4.349359035491943359e+00 -inf -inf
-inf -inf -inf 4.364256858825683594e+00 -inf -inf
-inf -inf -inf 4.383176326751708984e+00 -6.714912056922912598e-01 -inf
-inf -inf -inf 4.403820037841796875e+00 -inf -inf
-inf -inf -inf 4.418243408203125000e+00 -inf -inf
-inf -inf -inf 4.438531875610351562e+00 -2.595506608486175537e-01 -inf
-inf -inf -inf 4.451220989227294922e+00 -1.363819837570190430e-01 -inf
-inf -inf -inf 4.459090232849121094e+00 -9.186048507690429688e-01 -inf
-inf -inf -inf 4.458799839019775391e+00 -4.843039810657501221e-01 -inf
-inf -inf -inf 4.455160617828369141e+00 -1.523650169372558594e+00 -inf
-inf -inf -inf 4.456466674804687500e+00 -1.900328636169433594e+00 -inf
-inf -inf -inf 4.448285102844238281e+00 -inf -inf
-inf -inf -inf 4.432324409484863281e+00 -inf -inf
-inf -inf -inf 4.417907714843750000e+00 -inf -inf
-inf -inf -inf 4.403728485107421875e+00 -inf -inf
-inf -inf -inf 4.383352279663085938e+00 -inf -inf
-inf -inf -inf 4.371375560760498047e+00 -2.017198950052261353e-01 -inf
-inf -inf -inf 4.354413032531738281e+00 -7.265420556068420410e-01 -inf
-inf -inf -inf 4.334214210510253906e+00 -2.371397733688354492e+00 -inf
-inf -inf -inf 4.301218509674072266e+00 -inf -inf
-inf -inf -inf 4.273054599761962891e+00 -4.016590416431427002e-01 -inf
-inf -inf -inf 4.245383739471435547e+00 -1.413700699806213379e+00 -inf
-inf -inf -inf 4.215705871582031250e+00 -inf -inf
-inf -inf -inf 4.181211948394775391e+00 -inf -inf
-inf -inf -inf 4.136531829833984375e+00 -inf -inf
-inf -inf -inf 4.090255737304687500e+00 -1.324832439422607422e+00 -inf
-inf -inf -inf 4.038426399230957031e+00 -inf -inf
-inf -inf -inf 3.991257429122924805e+00 -1.301784992218017578e+00 -inf
-inf -inf -inf 3.937156438827514648e+00 -1.814319252967834473e+00 -inf
-inf -inf -inf 3.871066093444824219e+00 -7.798785567283630371e-01 -inf
-inf -inf -inf 3.796161413192749023e+00 -2.551148235797882080e-01 -inf
-inf -inf -inf 3.708748340606689453e+00 -inf -inf
-inf -inf -inf 3.598049640655517578e+00 -inf -inf
-inf -inf -inf 3.437326669692993164e+00 -1.707453489303588867e+00 -inf
-inf -inf -inf 3.356698274612426758e+00 -inf -inf
-inf -inf -inf 3.225241661071777344e+00 -2.030606508255004883e+00 -inf
-inf -inf -inf 3.112102746963500977e+00 -1.936767101287841797e+00 -inf
-inf -inf -inf 3.031015157699584961e+00 -inf -inf
-inf -inf -inf 2.980016231536865234e+00 -inf -inf
-inf -inf -inf 2.988935232162475586e+00 -inf -inf
-inf -inf -inf 3.021512269973754883e+00 -inf -inf
-inf -inf -inf 3.052910089492797852e+00 -8.027032613754272461e-01 -inf
-inf -inf -inf 3.077198266983032227e+00 -inf -inf
-inf -inf -inf 3.093419551849365234e+00 -inf -inf
-inf -inf -inf 3.080418825149536133e+00 -inf -inf
-inf -inf -inf 3.103195428848266602e+00 -inf -inf
-inf -inf -inf 3.130963802337646484e+00 -inf -inf
-inf -inf -inf 3.153897762298583984e+00 -1.940591812133789062e+00 -inf
-inf -inf -inf 3.172056913375854492e+00 -inf -inf
-inf -inf -inf 3.150837421417236328e+00 -inf -inf
-inf -inf -inf 3.154411315917968750e+00 -inf -inf
-inf -inf -inf 3.158058166503906250e+00 -inf -inf
-inf -inf -inf 3.177402019500732422e+00 -2.918834686279296875e+00 -inf
-inf -inf -inf 3.202681541442871094e+00 -inf -inf
-inf -inf -inf 3.205245018005371094e+00 -inf -inf
-inf -inf -inf 3.208007574081420898e+00 -inf -inf
-inf -inf -inf 3.225974559783935547e+00 -inf -inf
-inf -inf -inf 3.268566131591796875e+00 -1.561940193176269531e+00 -inf
-inf -inf -inf 3.266812324523925781e+00 -inf -inf
-inf -inf -inf 3.320155382156372070e+00 -inf -inf
-inf -inf -inf 3.377675056457519531e+00 -2.412421941757202148e+00 -inf
-inf -inf -inf 3.444611787796020508e+00 -inf -inf
-inf -inf -inf 3.503535032272338867e+00 -inf -inf
-inf -inf -inf 3.547852754592895508e+00 -1.842974901199340820e+00 -inf
-inf -inf -inf 3.582095861434936523e+00 -inf -inf
-inf -inf -inf 3.599017858505249023e+00 -8.874928951263427734e-01 -inf
-inf -inf -inf 3.631058931350708008e+00 -inf -inf
-inf -inf -inf 3.647705793380737305e+00 -inf -inf
-inf -inf -inf 3.684546470642089844e+00 -2.140099763870239258e+00 -inf
-inf -inf -inf 3.706454515457153320e+00 -inf -inf
-inf -inf -inf 3.724706172943115234e+00 -inf -inf
-inf -inf -inf 3.742889642715454102e+00 -inf -inf
-inf -inf -inf 3.766971111297607422e+00 -inf -inf
-inf -inf -inf 3.778599500656127930e+00 -inf -inf
-inf -inf -inf 3.763687372207641602e+00 -inf -inf
-inf -inf -inf 3.773251533508300781e+00 -inf -inf
-inf -inf -inf 3.774790763854980469e+00 -inf -inf
-inf -inf -inf 3.782117128372192383e+00 -inf -inf
-inf -inf -inf 3.779819488525390625e+00 -inf -inf
-inf -inf -inf 3.803162336349487305e+00 -inf -inf
-inf -inf -inf 3.817060708999633789e+00 -inf -inf
-inf -inf -inf 3.782742977142333984e+00 -inf -inf
-inf -inf -inf 3.772685766220092773e+00 -5.675787329673767090e-01 -inf
-inf -inf -inf 3.798270940780639648e+00 -9.913483262062072754e-01 -inf
