5.935238361358642578e+00 -inf 5.935238361358642578e+00 6.923308849334716797e+00 5.240874767303466797e+00 6.914190769195556641e+00
5.947913169860839844e+00 -inf 5.947913169860839844e+00 6.921083927154541016e+00 5.436945915222167969e+00 6.906600475311279297e+00
5.967544555664062500e+00 -inf 5.967544555664062500e+00 6.917807102203369141e+00 5.504154682159423828e+00 6.900720596313476562e+00
5.988102436065673828e+00 -inf 5.988102436065673828e+00 6.913544654846191406e+00 5.512962818145751953e+00 6.895925998687744141e+00
6.012259960174560547e+00 -inf 6.012259960174560547e+00 6.908769130706787109e+00 5.512591838836669922e+00 6.890966892242431641e+00
6.036864757537841797e+00 -inf 6.036864757537841797e+00 6.902091503143310547e+00 5.478496551513671875e+00 6.885399818420410156e+00
6.059130668640136719e+00 -inf 6.059130668640136719e+00 6.895884513854980469e+00 5.438333511352539062e+00 6.880470752716064453e+00
6.079255580902099609e+00 -inf 6.079255580902099609e+00 6.890087604522705078e+00 5.371372699737548828e+00 6.876729488372802734e+00
6.098810672760009766e+00 -inf 6.098810672760009766e+00 6.885747432708740234e+00 5.347985744476318359e+00 6.872970581054687500e+00
6.118037223815917969e+00 -inf 6.118037223815917969e+00 6.881855487823486328e+00 5.321503639221191406e+00 6.869735717773437500e+00
6.137510299682617188e+00 -inf 6.137510299682617188e+00 6.878558635711669922e+00 5.313506126403808594e+00 6.866571903228759766e+00
6.154810905456542969e+00 -inf 6.154810905456542969e+00 6.876633644104003906e+00 5.277400970458984375e+00 6.865565776824951172e+00
6.171317100524902344e+00 -inf 6.171317100524902344e+00 6.875747680664062500e+00 5.273695945739746094e+00 6.864752292633056641e+00
6.187163829803466797e+00 -inf 6.187163829803466797e+00 6.875188350677490234e+00 5.302759170532226562e+00 6.863406181335449219e+00
6.201766014099121094e+00 -inf 6.201766014099121094e+00 6.876153945922851562e+00 5.363871574401855469e+00 6.862593173980712891e+00
6.213751792907714844e+00 -inf 6.213751792907714844e+00 6.880998134613037109e+00 5.428023815155029297e+00 6.865418434143066406e+00
6.225082874298095703e+00 1.714570999145507812e+00 6.225069999694824219e+00 6.886888980865478516e+00 5.480148315429687500e+00 6.869523048400878906e+00
6.235164642333984375e+00 -inf 6.235164642333984375e+00 6.894251823425292969e+00 5.537882328033447266e+00 6.874701499938964844e+00
6.243337154388427734e+00 -inf 6.243337154388427734e+00 6.900887966156005859e+00 5.596687793731689453e+00 6.878777980804443359e+00
6.250284194946289062e+00 -inf 6.250284194946289062e+00 6.905087947845458984e+00 5.656679153442382812e+00 6.879857540130615234e+00
6.256014823913574219e+00 1.696702122688293457e+00 6.256002902984619141e+00 6.906758785247802734e+00 5.697580814361572266e+00 6.879065513610839844e+00
6.259847640991210938e+00 -inf 6.259847640991210938e+00 6.907400131225585938e+00 5.749283313751220703e+00 6.876123428344726562e+00
6.262690067291259766e+00 -inf 6.262690067291259766e+00 6.907649993896484375e+00 5.810549736022949219e+00 6.871454238891601562e+00
6.264168262481689453e+00 -inf 6.264168262481689453e+00 6.907478809356689453e+00 5.850939273834228516e+00 6.867572784423828125e+00
6.264248371124267578e+00 -inf 6.264248371124267578e+00 6.907722473144531250e+00 5.900514602661132812e+00 6.862759113311767578e+00
6.263981342315673828e+00 -inf 6.263981342315673828e+00 6.908025741577148438e+00 5.949090480804443359e+00 6.857455730438232422e+00
6.264127254486083984e+00 -inf 6.264127254486083984e+00 6.907741069793701172e+00 5.983333587646484375e+00 6.852709770202636719e+00
6.263327598571777344e+00 -inf 6.263327598571777344e+00 6.907301902770996094e+00 6.016159057617187500e+00 6.847575664520263672e+00
6.262555122375488281e+00 -inf 6.262555122375488281e+00 6.906849861145019531e+00 6.026150226593017578e+00 6.845562458038330078e+00
6.262472152709960938e+00 -inf 6.262472152709960938e+00 6.906882286071777344e+00 6.026360511779785156e+00 6.845568656921386719e+00
6.261909484863281250e+00 -inf 6.261909484863281250e+00 6.904295921325683594e+00 6.020619392395019531e+00 6.843458175659179688e+00
6.261338233947753906e+00 -inf 6.261338233947753906e+00 6.903018474578857422e+00 5.983582496643066406e+00 6.847312927246093750e+00
6.264692783355712891e+00 -inf 6.264692783355712891e+00 6.902430534362792969e+00 5.940208435058593750e+00 6.852264881134033203e+00
6.270203113555908203e+00 -inf 6.270203113555908203e+00 6.900332927703857422e+00 5.880546092987060547e+00 6.856719493865966797e+00
6.281686305999755859e+00 -inf 6.281686305999755859e+00 6.896941184997558594e+00 5.827408313751220703e+00 6.858263969421386719e+00
6.299355506896972656e+00 -inf 6.299355506896972656e+00 6.892290115356445312e+00 5.784460067749023438e+00 6.857014179229736328e+00
6.315992832183837891e+00 -inf 6.315992832183837891e+00 6.887446403503417969e+00 5.735797405242919922e+00 6.855682849884033203e+00
6.331871032714843750e+00 -inf 6.331871032714843750e+00 6.883115291595458984e+00 5.694634437561035156e+00 6.854022979736328125e+00
6.350383758544921875e+00 -inf 6.350383758544921875e+00 6.877326011657714844e+00 5.662500381469726562e+00 6.850001811981201172e+00
6.365442752838134766e+00 -inf 6.365442752838134766e+00 6.872650146484375000e+00 5.629297256469726562e+00 6.847115039825439453e+00
6.381947040557861328e+00 -inf 6.381947040557861328e+00 6.866870403289794922e+00 5.605462551116943359e+00 6.842405796051025391e+00
6.401154041290283203e+00 -inf 6.401154041290283203e+00 6.860068321228027344e+00 5.588742733001708984e+00 6.836170673370361328e+00
6.415265083312988281e+00 -inf 6.415265083312988281e+00 6.854877948760986328e+00 5.607866764068603516e+00 6.829563617706298828e+00
6.429276466369628906e+00 -inf 6.429276466369628906e+00 6.849426746368408203e+00 5.616014957427978516e+00 6.823281764984130859e+00
6.440624237060546875e+00 -inf 6.440624237060546875e+00 6.844593524932861328e+00 5.605084896087646484e+00 6.818824291229248047e+00
6.451337814331054688e+00 2.148409843444824219e+00 6.451316833496093750e+00 6.839693069458007812e+00 5.596904277801513672e+00 6.814123630523681641e+00
6.461435794830322266e+00 1.994041681289672852e+00 6.461420059204101562e+00 6.835234642028808594e+00 5.593820095062255859e+00 6.809582233428955078e+00
6.470940589904785156e+00 -inf 6.470940589904785156e+00 6.830993175506591797e+00 5.591875553131103516e+00 6.805200099945068359e+00
6.480411052703857422e+00 -inf 6.480411052703857422e+00 6.826855182647705078e+00 5.583123683929443359e+00 6.801342964172363281e+00
6.489119529724121094e+00 -inf 6.489119529724121094e+00 6.822687149047851562e+00 5.562027931213378906e+00 6.798177719116210938e+00
6.496955394744873047e+00 -inf 6.496955394744873047e+00 6.819108963012695312e+00 5.554603576660156250e+00 6.794822216033935547e+00
6.503848075866699219e+00 -inf 6.503848075866699219e+00 6.815876007080078125e+00 5.548620223999023438e+00 6.791746616363525391e+00
6.510863304138183594e+00 -inf 6.510863304138183594e+00 6.812504768371582031e+00 5.545414447784423828e+00 6.788366317749023438e+00
6.519176483154296875e+00 -inf 6.519176483154296875e+00 6.808149337768554688e+00 5.555125713348388672e+00 6.783193111419677734e+00
6.526855945587158203e+00 -inf 6.526855945587158203e+00 6.804243564605712891e+00 5.586139678955078125e+00 6.777131080627441406e+00
6.533531665802001953e+00 -inf 6.533531665802001953e+00 6.799997806549072266e+00 5.600858211517333984e+00 6.771634578704833984e+00
6.540846347808837891e+00 -inf 6.540846347808837891e+00 6.795856475830078125e+00 5.610171794891357422e+00 6.766570568084716797e+00
6.549248695373535156e+00 -inf 6.549248695373535156e+00 6.791094779968261719e+00 5.627157688140869141e+00 6.760249614715576172e+00
6.560084819793701172e+00 -inf 6.560084819793701172e+00 6.784793853759765625e+00 5.644907951354980469e+00 6.752125263214111328e+00
6.571254253387451172e+00 -inf 6.571254253387451172e+00 6.777658939361572266e+00 5.663195610046386719e+00 6.742940425872802734e+00
6.582135677337646484e+00 3.076728343963623047e+00 6.582001209259033203e+00 6.770594120025634766e+00 5.664247989654541016e+00 6.735192298889160156e+00
6.593342781066894531e+00 3.016841173171997070e+00 6.593227863311767578e+00 6.763259410858154297e+00 5.672552585601806641e+00 6.726502895355224609e+00
6.606370925903320312e+00 2.646833181381225586e+00 6.606323242187500000e+00 6.754351615905761719e+00 5.665781974792480469e+00 6.717406749725341797e+00
6.621205806732177734e+00 2.463542938232421875e+00 6.621175289154052734e+00 6.743056774139404297e+00 5.661133289337158203e+00 6.705516338348388672e+00
6.636608123779296875e+00 -inf 6.636608123779296875e+00 6.731179237365722656e+00 5.650211811065673828e+00 6.693552970886230469e+00
6.652310371398925781e+00 1.657592773437500000e+00 6.652306079864501953e+00 6.718222618103027344e+00 5.634081363677978516e+00 6.680881977081298828e+00
6.667398452758789062e+00 2.325178384780883789e+00 6.667377948760986328e+00 6.704961776733398438e+00 5.636719226837158203e+00 6.666164398193359375e+00
6.683198928833007812e+00 2.879622697830200195e+00 6.683129787445068359e+00 6.689729213714599609e+00 5.640307426452636719e+00 6.649131774902343750e+00
6.698018074035644531e+00 3.569090127944946289e+00 6.697693824768066406e+00 6.674169540405273438e+00 5.640806198120117188e+00 6.631966590881347656e+00
6.711638450622558594e+00 3.928457975387573242e+00 6.710921764373779297e+00 6.659401893615722656e+00 5.654832363128662109e+00 6.614149093627929688e+00
6.723226547241210938e+00 4.163658142089843750e+00 6.722025394439697266e+00 6.646144390106201172e+00 5.672039985656738281e+00 6.597412109375000000e+00
6.733518123626708984e+00 4.292243480682373047e+00 6.731944084167480469e+00 6.633729934692382812e+00 5.686247825622558594e+00 6.581725120544433594e+00
6.743416786193847656e+00 4.345767974853515625e+00 6.741673946380615234e+00 6.621196746826171875e+00 5.693013668060302734e+00 6.566673755645751953e+00
6.752238750457763672e+00 4.407989025115966797e+00 6.750267982482910156e+00 6.609464168548583984e+00 5.704916477203369141e+00 6.551679611206054688e+00
6.759537220001220703e+00 4.466070652008056641e+00 6.757323265075683594e+00 6.599368572235107422e+00 5.702258586883544922e+00 6.540515422821044922e+00
6.765500545501708984e+00 4.503823757171630859e+00 6.763117313385009766e+00 6.590868473052978516e+00 5.710884094238281250e+00 6.529472827911376953e+00
6.770575046539306641e+00 4.512174129486083984e+00 6.768173694610595703e+00 6.583414554595947266e+00 5.713221549987792969e+00 6.520512104034423828e+00
6.775329589843750000e+00 4.521929740905761719e+00 6.772902011871337891e+00 6.576278686523437500e+00 5.710221290588378906e+00 6.512728691101074219e+00
6.778440952301025391e+00 4.538863182067871094e+00 6.775930404663085938e+00 6.571604728698730469e+00 5.709020137786865234e+00 6.507504940032958984e+00
6.779884815216064453e+00 4.518112659454345703e+00 6.777500152587890625e+00 6.569598674774169922e+00 5.704289913177490234e+00 6.505930900573730469e+00
6.780993461608886719e+00 4.557746410369873047e+00 6.778387546539306641e+00 6.568118572235107422e+00 5.719060897827148438e+00 6.501828193664550781e+00
6.782458305358886719e+00 4.606429100036621094e+00 6.779553890228271484e+00 6.565615653991699219e+00 5.741166591644287109e+00 6.495130062103271484e+00
6.783651828765869141e+00 4.647979259490966797e+00 6.780463218688964844e+00 6.563492774963378906e+00 5.760191440582275391e+00 6.489171504974365234e+00
6.784149646759033203e+00 4.642156600952148438e+00 6.781006813049316406e+00 6.561837196350097656e+00 5.765785217285156250e+00 6.486148834228515625e+00
6.784821987152099609e+00 4.699657917022705078e+00 6.781237125396728516e+00 6.561035633087158203e+00 5.765007019042968750e+00 6.485342979431152344e+00
6.784947395324707031e+00 4.727715015411376953e+00 6.781123161315917969e+00 6.561199665069580078e+00 5.763324260711669922e+00 6.485857486724853516e+00
6.784780502319335938e+00 4.739296913146972656e+00 6.780852317810058594e+00 6.561317920684814453e+00 5.760156631469726562e+00 6.486596107482910156e+00
6.784730911254882812e+00 4.752854824066162109e+00 6.780675888061523438e+00 6.559427738189697266e+00 5.753387451171875000e+00 6.485615730285644531e+00
6.784146308898925781e+00 4.729859828948974609e+00 6.780297756195068359e+00 6.560699462890625000e+00 5.756111621856689453e+00 6.486618518829345703e+00
6.782908916473388672e+00 4.689178943634033203e+00 6.779395103454589844e+00 6.562459468841552734e+00 5.756918430328369141e+00 6.488554954528808594e+00
6.781509876251220703e+00 4.658387184143066406e+00 6.778224945068359375e+00 6.565112113952636719e+00 5.752885341644287109e+00 6.492436885833740234e+00
6.779831886291503906e+00 4.579052925109863281e+00 6.777089118957519531e+00 6.567631721496582031e+00 5.733818531036376953e+00 6.498775959014892578e+00
6.777757644653320312e+00 4.531123161315917969e+00 6.775287628173828125e+00 6.571273803710937500e+00 5.720691204071044922e+00 6.505234241485595703e+00
6.775676727294921875e+00 4.489986419677734375e+00 6.773420810699462891e+00 6.575047969818115234e+00 5.723240852355957031e+00 6.509209156036376953e+00
6.773530483245849609e+00 4.428773880004882812e+00 6.771562576293945312e+00 6.578160762786865234e+00 5.731611251831054688e+00 6.511455059051513672e+00
6.771356105804443359e+00 4.417449951171875000e+00 6.769428253173828125e+00 6.581393241882324219e+00 5.737147808074951172e+00 6.514303684234619141e+00
6.768513202667236328e+00 4.421863079071044922e+00 6.766551971435546875e+00 6.585494995117187500e+00 5.748797416687011719e+00 6.517132759094238281e+00
6.764763832092285156e+00 4.389082431793212891e+00 6.762931346893310547e+00 6.590886592864990234e+00 5.758358001708984375e+00 6.521808147430419922e+00
6.760991573333740234e+00 4.299991130828857422e+00 6.759486675262451172e+00 6.596846580505371094e+00 5.769817829132080078e+00 6.526814460754394531e+00
6.757862567901611328e+00 4.310692787170410156e+00 6.756309509277343750e+00 6.601067066192626953e+00 5.775799274444580078e+00 6.530725479125976562e+00
6.755224227905273438e+00 4.385073184967041016e+00 6.753367900848388672e+00 6.603682041168212891e+00 5.783979415893554688e+00 6.532353878021240234e+00
6.752769470214843750e+00 4.383120536804199219e+00 6.750911235809326172e+00 6.606668472290039062e+00 5.778293132781982422e+00 6.536870479583740234e+00
6.749521255493164062e+00 4.285151958465576172e+00 6.748028278350830078e+00 6.610269546508789062e+00 5.758768081665039062e+00 6.544380187988281250e+00
6.746114730834960938e+00 4.201420783996582031e+00 6.744874477386474609e+00 6.614707946777343750e+00 5.736776828765869141e+00 6.552999973297119141e+00
6.742297172546386719e+00 4.143101215362548828e+00 6.741203784942626953e+00 6.619770050048828125e+00 5.714325428009033203e+00 6.562113761901855469e+00
6.736719608306884766e+00 4.065010070800781250e+00 6.735792636871337891e+00 6.627379417419433594e+00 5.698426723480224609e+00 6.572959423065185547e+00
6.728272914886474609e+00 4.051465988159179688e+00 6.727357864379882812e+00 6.637395858764648438e+00 5.666889190673828125e+00 6.588234424591064453e+00
6.717156410217285156e+00 4.036528587341308594e+00 6.716248512268066406e+00 6.651015758514404297e+00 5.637548923492431641e+00 6.606729030609130859e+00
6.704858303070068359e+00 4.053809165954589844e+00 6.703887939453125000e+00 6.664354801177978516e+00 5.620429039001464844e+00 6.623214721679687500e+00
6.691883087158203125e+00 3.885052680969238281e+00 6.691204071044921875e+00 6.677235126495361328e+00 5.602413177490234375e+00 6.639047622680664062e+00
6.678002357482910156e+00 3.738707304000854492e+00 6.677502155303955078e+00 6.690660476684570312e+00 5.578754901885986328e+00 6.655727863311767578e+00
6.664699554443359375e+00 3.718248605728149414e+00 6.664207458496093750e+00 6.703098773956298828e+00 5.561935901641845703e+00 6.670529842376708984e+00
6.649966239929199219e+00 2.937829732894897461e+00 6.649882793426513672e+00 6.716285705566406250e+00 5.552976608276367188e+00 6.685394763946533203e+00
6.635272026062011719e+00 -inf 6.635272026062011719e+00 6.728728771209716797e+00 5.520808219909667969e+00 6.700952053070068359e+00
6.619978427886962891e+00 -inf 6.619978427886962891e+00 6.740513801574707031e+00 5.482773303985595703e+00 6.715834617614746094e+00
6.602896690368652344e+00 -inf 6.602896690368652344e+00 6.752762794494628906e+00 5.466992378234863281e+00 6.729668140411376953e+00
6.584241867065429688e+00 1.655343294143676758e+00 6.584237098693847656e+00 6.765201568603515625e+00 5.445454120635986328e+00 6.743888378143310547e+00
6.564409255981445312e+00 -inf 6.564409255981445312e+00 6.777421951293945312e+00 5.423563957214355469e+00 6.757755756378173828e+00
6.540312290191650391e+00 1.969968914985656738e+00 6.540300846099853516e+00 6.791326522827148438e+00 5.414874076843261719e+00 6.772679328918457031e+00
6.514038085937500000e+00 -inf 6.514038085937500000e+00 6.805243968963623047e+00 5.404383182525634766e+00 6.787636280059814453e+00
6.483961582183837891e+00 -inf 6.483961582183837891e+00 6.819703102111816406e+00 5.373923778533935547e+00 6.803858280181884766e+00
6.456445693969726562e+00 -inf 6.456445693969726562e+00 6.830492973327636719e+00 5.361491680145263672e+00 6.815486907958984375e+00
6.424497604370117188e+00 -inf 6.424497604370117188e+00 6.844875335693359375e+00 5.334245204925537109e+00 6.831262588500976562e+00
6.398151874542236328e+00 -inf 6.398151874542236328e+00 6.854537963867187500e+00 5.334629058837890625e+00 6.841217517852783203e+00
6.374143123626708984e+00 -inf 6.374143123626708984e+00 6.862747669219970703e+00 5.347360610961914062e+00 6.849286079406738281e+00
6.352158546447753906e+00 -inf 6.352158546447753906e+00 6.869776725769042969e+00 5.343847274780273438e+00 6.856642246246337891e+00
6.330980300903320312e+00 -inf 6.330980300903320312e+00 6.876147747039794922e+00 5.369717121124267578e+00 6.862400531768798828e+00
6.309655666351318359e+00 1.657991647720336914e+00 6.309646606445312500e+00 6.882167816162109375e+00 5.381539821624755859e+00 6.868232250213623047e+00
6.288719177246093750e+00 1.987944722175598145e+00 6.288696765899658203e+00 6.887737274169921875e+00 5.387590408325195312e+00 6.873786449432373047e+00
6.267518997192382812e+00 -inf 6.267518997192382812e+00 6.893027782440185547e+00 5.427676677703857422e+00 6.877893447875976562e+00
6.245389938354492188e+00 1.730705499649047852e+00 6.245376110076904297e+00 6.898234367370605469e+00 5.461905479431152344e+00 6.882033824920654297e+00
6.224058151245117188e+00 -inf 6.224058151245117188e+00 6.902693748474121094e+00 5.484684944152832031e+00 6.885782241821289062e+00
6.201405048370361328e+00 -inf 6.201405048370361328e+00 6.907260417938232422e+00 5.512037754058837891e+00 6.889418601989746094e+00
6.175650596618652344e+00 -inf 6.175650596618652344e+00 6.912221431732177734e+00 5.549288272857666016e+00 6.892971515655517578e+00
6.149968147277832031e+00 -inf 6.149968147277832031e+00 6.916835308074951172e+00 5.593613624572753906e+00 6.895695686340332031e+00
6.122311592102050781e+00 -inf 6.122311592102050781e+00 6.921477317810058594e+00 5.640159606933593750e+00 6.898138523101806641e+00
6.090533733367919922e+00 -inf 6.090533733367919922e+00 6.926416397094726562e+00 5.698264122009277344e+00 6.899942874908447266e+00
6.056417942047119141e+00 -inf 6.056417942047119141e+00 6.931295394897460938e+00 5.757281780242919922e+00 6.901183128356933594e+00
6.050768375396728516e+00 -inf 6.050768375396728516e+00 6.932062149047851562e+00 5.764770507812500000e+00 6.901463508605957031e+00
5.990773677825927734e+00 -inf 5.990773677825927734e+00 6.939558982849121094e+00 5.822303295135498047e+00 6.905070781707763672e+00
5.959988594055175781e+00 -inf 5.959988594055175781e+00 6.942995071411132812e+00 5.851877212524414062e+00 6.906275272369384766e+00
5.929618835449218750e+00 -inf 5.929618835449218750e+00 6.946157455444335938e+00 5.878363609313964844e+00 6.907319068908691406e+00
5.898128986358642578e+00 -inf 5.898128986358642578e+00 6.949034214019775391e+00 5.919401645660400391e+00 6.906447887420654297e+00
5.869153022766113281e+00 -inf 5.869153022766113281e+00 6.951462268829345703e+00 5.944474697113037109e+00 6.906474113464355469e+00
5.841255664825439453e+00 -inf 5.841255664825439453e+00 6.953540325164794922e+00 5.953273773193359375e+00 6.907813072204589844e+00
5.816509723663330078e+00 -inf 5.816509723663330078e+00 6.955203533172607422e+00 5.952206611633300781e+00 6.909777164459228516e+00
5.795543193817138672e+00 -inf 5.795543193817138672e+00 6.956333160400390625e+00 5.951910018920898438e+00 6.911064147949218750e+00
5.774761676788330078e+00 -inf 5.774761676788330078e+00 6.957496643066406250e+00 5.948788166046142578e+00 6.912696361541748047e+00
5.754491329193115234e+00 -inf 5.754491329193115234e+00 6.958510875701904297e+00 5.949105739593505859e+00 6.913785934448242188e+00
5.738971233367919922e+00 -inf 5.738971233367919922e+00 6.959477424621582031e+00 5.953664779663085938e+00 6.914361000061035156e+00
5.728704452514648438e+00 -inf 5.728704452514648438e+00 6.960157394409179688e+00 5.964195728302001953e+00 6.913949012756347656e+00
5.720957756042480469e+00 -inf 5.720957756042480469e+00 6.960520267486572266e+00 5.966653347015380859e+00 6.914075851440429688e+00
5.716307163238525391e+00 -inf 5.716307163238525391e+00 6.960602283477783203e+00 5.973552227020263672e+00 6.913382530212402344e+00
5.708648681640625000e+00 -inf 5.708648681640625000e+00 6.960696220397949219e+00 5.987757205963134766e+00 6.911825180053710938e+00
5.697757244110107422e+00 -inf 5.697757244110107422e+00 6.961329460144042969e+00 6.013259887695312500e+00 6.909399032592773438e+00
5.688474655151367188e+00 -inf 5.688474655151367188e+00 6.961499691009521484e+00 6.034548759460449219e+00 6.906811714172363281e+00
5.682030677795410156e+00 -inf 5.682030677795410156e+00 6.961320877075195312e+00 6.053476333618164062e+00 6.904004573822021484e+00
5.676865577697753906e+00 -inf 5.676865577697753906e+00 6.961300373077392578e+00 6.069174289703369141e+00 6.901718139648437500e+00
5.671783447265625000e+00 -inf 5.671783447265625000e+00 6.960977077484130859e+00 6.079009056091308594e+00 6.899881362915039062e+00
5.667408466339111328e+00 -inf 5.667408466339111328e+00 6.961182594299316406e+00 6.082053661346435547e+00 6.899656772613525391e+00
5.662668704986572266e+00 -inf 5.662668704986572266e+00 6.960870742797851562e+00 6.090148925781250000e+00 6.898052692413330078e+00
5.659732818603515625e+00 -inf 5.659732818603515625e+00 6.960737705230712891e+00 6.097918510437011719e+00 6.896675109863281250e+00
5.655478000640869141e+00 -inf 5.655478000640869141e+00 6.959977149963378906e+00 6.095067024230957031e+00 6.896246433258056641e+00
5.655152320861816406e+00 -inf 5.655152320861816406e+00 6.959761142730712891e+00 6.086151599884033203e+00 6.897389411926269531e+00
5.661851882934570312e+00 -inf 5.661851882934570312e+00 6.959350585937500000e+00 6.072997570037841797e+00 6.898915290832519531e+00
5.663671016693115234e+00 -inf 5.663671016693115234e+00 6.958825111389160156e+00 6.054676055908203125e+00 6.900984764099121094e+00
5.664254665374755859e+00 -inf 5.664254665374755859e+00 6.958421707153320312e+00 6.040359497070312500e+00 6.902526855468750000e+00
5.665428638458251953e+00 -inf 5.665428638458251953e+00 6.957800388336181641e+00 6.026802539825439453e+00 6.903652667999267578e+00
5.668567657470703125e+00 -inf 5.668567657470703125e+00 6.957181930541992188e+00 6.015463829040527344e+00 6.904438495635986328e+00
5.672856330871582031e+00 -inf 5.672856330871582031e+00 6.956706047058105469e+00 6.009910583496093750e+00 6.904613494873046875e+00
5.676577091217041016e+00 -inf 5.676577091217041016e+00 6.956410408020019531e+00 6.000918865203857422e+00 6.905413150787353516e+00
5.678264141082763672e+00 -inf 5.678264141082763672e+00 6.955749988555908203e+00 5.989105224609375000e+00 6.906123638153076172e+00
5.681147098541259766e+00 -inf 5.681147098541259766e+00 6.955231189727783203e+00 5.971505165100097656e+00 6.907625675201416016e+00
5.682725906372070312e+00 -inf 5.682725906372070312e+00 6.954978466033935547e+00 5.958838462829589844e+00 6.908789634704589844e+00
5.684291839599609375e+00 -inf 5.684291839599609375e+00 6.953854560852050781e+00 5.940276622772216797e+00 6.909579753875732422e+00
5.685980796813964844e+00 -inf 5.685980796813964844e+00 6.953571319580078125e+00 5.929868221282958984e+00 6.910368919372558594e+00
5.690552711486816406e+00 -inf 5.690552711486816406e+00 6.953207015991210938e+00 5.928723812103271484e+00 6.910086631774902344e+00
5.694035053253173828e+00 -inf 5.694035053253173828e+00 6.952419757843017578e+00 5.924685001373291016e+00 6.909637451171875000e+00
5.700705528259277344e+00 -inf 5.700705528259277344e+00 6.951985836029052734e+00 5.927318572998046875e+00 6.908884525299072266e+00
5.710682392120361328e+00 -inf 5.710682392120361328e+00 6.951024532318115234e+00 5.929525375366210938e+00 6.907591342926025391e+00
5.731142997741699219e+00 -inf 5.731142997741699219e+00 6.949779987335205078e+00 5.924805164337158203e+00 6.906711101531982422e+00
5.756115913391113281e+00 -inf 5.756115913391113281e+00 6.948171138763427734e+00 5.918374538421630859e+00 6.905601978302001953e+00
5.775990962982177734e+00 -inf 5.775990962982177734e+00 6.946793079376220703e+00 5.910760879516601562e+00 6.904860973358154297e+00
5.796683788299560547e+00 -inf 5.796683788299560547e+00 6.945068836212158203e+00 5.903018951416015625e+00 6.903741836547851562e+00
5.814426898956298828e+00 -inf 5.814426898956298828e+00 6.943644046783447266e+00 5.917125701904296875e+00 6.900735855102539062e+00
5.828671455383300781e+00 -inf 5.828671455383300781e+00 6.942486286163330078e+00 5.937837123870849609e+00 6.897242069244384766e+00
5.841711997985839844e+00 -inf 5.841711997985839844e+00 6.941380500793457031e+00 5.953393459320068359e+00 6.894267082214355469e+00
5.858351230621337891e+00 -inf 5.858351230621337891e+00 6.939724922180175781e+00 5.965919494628906250e+00 6.890957355499267578e+00
5.880103111267089844e+00 -inf 5.880103111267089844e+00 6.937837123870849609e+00 5.983026027679443359e+00 6.886755943298339844e+00
5.901786804199218750e+00 -inf 5.901786804199218750e+00 6.935832977294921875e+00 5.993593215942382812e+00 6.883156299591064453e+00
5.923694133758544922e+00 -inf 5.923694133758544922e+00 6.933664321899414062e+00 6.004974365234375000e+00 6.879209995269775391e+00
5.948107719421386719e+00 -inf 5.948107719421386719e+00 6.931119918823242188e+00 6.019782543182373047e+00 6.874294281005859375e+00
5.973792552947998047e+00 -inf 5.973792552947998047e+00 6.928309440612792969e+00 6.036254405975341797e+00 6.868717670440673828e+00
5.999406337738037109e+00 -inf 5.999406337738037109e+00 6.925141334533691406e+00 6.050053119659423828e+00 6.862998008728027344e+00
6.019893169403076172e+00 -inf 6.019893169403076172e+00 6.922347545623779297e+00 6.059900760650634766e+00 6.858226776123046875e+00
6.038662433624267578e+00 -inf 6.038662433624267578e+00 6.919558525085449219e+00 6.069311141967773438e+00 6.853465080261230469e+00
6.056025028228759766e+00 -inf 6.056025028228759766e+00 6.916652202606201172e+00 6.084843158721923828e+00 6.847450256347656250e+00
6.071877956390380859e+00 -inf 6.071877956390380859e+00 6.913664340972900391e+00 6.094951152801513672e+00 6.842159748077392578e+00
6.086600780487060547e+00 -inf 6.086600780487060547e+00 6.911151885986328125e+00 6.099510192871093750e+00 6.838369846343994141e+00
6.102248668670654297e+00 -inf 6.102248668670654297e+00 6.907893180847167969e+00 6.089340209960937500e+00 6.836360454559326172e+00
6.120175838470458984e+00 -inf 6.120175838470458984e+00 6.904114246368408203e+00 6.079699993133544922e+00 6.833622455596923828e+00
6.135965347290039062e+00 -inf 6.135965347290039062e+00 6.899820327758789062e+00 6.056177139282226562e+00 6.832630634307861328e+00
6.149026870727539062e+00 -inf 6.149026870727539062e+00 6.896068572998046875e+00 6.012694835662841797e+00 6.835186481475830078e+00
6.160772800445556641e+00 -inf 6.160772800445556641e+00 6.893029689788818359e+00 5.960971355438232422e+00 6.839022636413574219e+00
6.170703411102294922e+00 -inf 6.170703411102294922e+00 6.889919281005859375e+00 5.900247573852539062e+00 6.842998981475830078e+00
6.178867816925048828e+00 -inf 6.178867816925048828e+00 6.887839794158935547e+00 5.847405433654785156e+00 6.846351146697998047e+00
6.186558723449707031e+00 -inf 6.186558723449707031e+00 6.884457111358642578e+00 5.780304431915283203e+00 6.848868846893310547e+00
6.195760250091552734e+00 -inf 6.195760250091552734e+00 6.881893157958984375e+00 5.731658458709716797e+00 6.850022792816162109e+00
6.205596446990966797e+00 -inf 6.205596446990966797e+00 6.879119396209716797e+00 5.697796821594238281e+00 6.849527359008789062e+00
6.216730594635009766e+00 -inf 6.216730594635009766e+00 6.876026630401611328e+00 5.667356491088867188e+00 6.848299026489257812e+00
6.228542804718017578e+00 -inf 6.228542804718017578e+00 6.872470855712890625e+00 5.647969722747802734e+00 6.845767498016357422e+00
6.242731094360351562e+00 -inf 6.242731094360351562e+00 6.868067264556884766e+00 5.636056423187255859e+00 6.841835975646972656e+00
6.258723258972167969e+00 -inf 6.258723258972167969e+00 6.863628387451171875e+00 5.631914138793945312e+00 6.837378025054931641e+00
6.276500225067138672e+00 -inf 6.276500225067138672e+00 6.858687877655029297e+00 5.632978439331054688e+00 6.832061290740966797e+00
6.298044204711914062e+00 -inf 6.298044204711914062e+00 6.852351665496826172e+00 5.649750232696533203e+00 6.824221134185791016e+00
6.325035095214843750e+00 -inf 6.325035095214843750e+00 6.843928813934326172e+00 5.665677547454833984e+00 6.814119338989257812e+00
6.352474689483642578e+00 -inf 6.352474689483642578e+00 6.834832668304443359e+00 5.687189579010009766e+00 6.802764415740966797e+00
6.375700950622558594e+00 2.830687284469604492e+00 6.375577449798583984e+00 6.826548099517822266e+00 5.721070766448974609e+00 6.791073322296142578e+00
6.394823074340820312e+00 3.035658597946166992e+00 6.394633293151855469e+00 6.819199085235595703e+00 5.745871067047119141e+00 6.780874252319335938e+00
6.411656379699707031e+00 1.972309708595275879e+00 6.411640644073486328e+00 6.812395095825195312e+00 5.768383979797363281e+00 6.771263122558593750e+00
6.426959037780761719e+00 -inf 6.426959037780761719e+00 6.805930614471435547e+00 5.805741310119628906e+00 6.760193824768066406e+00
6.440486431121826172e+00 -inf 6.440486431121826172e+00 6.799945354461669922e+00 5.843963146209716797e+00 6.749010086059570312e+00
6.452536106109619141e+00 -inf 6.452536106109619141e+00 6.794057369232177734e+00 5.879315376281738281e+00 6.737704277038574219e+00
6.465225219726562500e+00 -inf 6.465225219726562500e+00 6.787998199462890625e+00 5.916339397430419922e+00 6.725324630737304688e+00
6.477249622344970703e+00 -inf 6.477249622344970703e+00 6.781994819641113281e+00 5.952384948730468750e+00 6.712411880493164062e+00
6.485832691192626953e+00 -inf 6.485832691192626953e+00 6.776621818542480469e+00 5.970396041870117188e+00 6.702843666076660156e+00
6.492546081542968750e+00 2.286263227462768555e+00 6.492518424987792969e+00 6.771813392639160156e+00 5.981855869293212891e+00 6.694955825805664062e+00
6.498357295989990234e+00 2.383083581924438477e+00 6.498323917388916016e+00 6.767488002777099609e+00 5.984457015991210938e+00 6.689276695251464844e+00
6.503458499908447266e+00 1.984148740768432617e+00 6.503445148468017578e+00 6.764413356781005859e+00 5.990190029144287109e+00 6.684442520141601562e+00
6.507452487945556641e+00 -inf 6.507452487945556641e+00 6.760327339172363281e+00 5.973673343658447266e+00 6.682826995849609375e+00
6.510904788970947266e+00 -inf 6.510904788970947266e+00 6.757155895233154297e+00 5.947370052337646484e+00 6.684033870697021484e+00
6.513742923736572266e+00 -inf 6.513742923736572266e+00 6.753988742828369141e+00 5.911816120147705078e+00 6.686552047729492188e+00
6.516588211059570312e+00 -inf 6.516588211059570312e+00 6.751626014709472656e+00 5.870068073272705078e+00 6.690469264984130859e+00
6.518340587615966797e+00 -inf 6.518340587615966797e+00 6.748421669006347656e+00 5.816955566406250000e+00 6.694336414337158203e+00
6.519837856292724609e+00 -inf 6.519837856292724609e+00 6.747565746307373047e+00 5.750806331634521484e+00 6.701445102691650391e+00
6.521927356719970703e+00 -inf 6.521927356719970703e+00 6.746026992797851562e+00 5.687384605407714844e+00 6.706322193145751953e+00
6.523686885833740234e+00 -inf 6.523686885833740234e+00 6.745045661926269531e+00 5.640786170959472656e+00 6.709465980529785156e+00
6.525288105010986328e+00 -inf 6.525288105010986328e+00 6.744195461273193359e+00 5.610003948211669922e+00 6.711078643798828125e+00
6.526348590850830078e+00 -inf 6.526348590850830078e+00 6.743093013763427734e+00 5.584390640258789062e+00 6.711860179901123047e+00
6.526947975158691406e+00 -inf 6.526947975158691406e+00 6.742839813232421875e+00 5.572382450103759766e+00 6.712471485137939453e+00
6.527410984039306641e+00 -inf 6.527410984039306641e+00 6.742666244506835938e+00 5.573110580444335938e+00 6.712232112884521484e+00
6.528599262237548828e+00 -inf 6.528599262237548828e+00 6.741871356964111328e+00 5.569692134857177734e+00 6.711627006530761719e+00
6.529441356658935547e+00 -inf 6.529441356658935547e+00 6.741461753845214844e+00 5.573896408081054688e+00 6.710882663726806641e+00
6.529599666595458984e+00 -inf 6.529599666595458984e+00 6.741069793701171875e+00 5.573996067047119141e+00 6.710454940795898438e+00
6.528510570526123047e+00 -inf 6.528510570526123047e+00 6.741754531860351562e+00 5.583259582519531250e+00 6.710506439208984375e+00
6.527356147766113281e+00 -inf 6.527356147766113281e+00 6.742069244384765625e+00 5.585239410400390625e+00 6.710698127746582031e+00
6.526620864868164062e+00 -inf 6.526620864868164062e+00 6.742219448089599609e+00 5.587120056152343750e+00 6.710717201232910156e+00
6.526223182678222656e+00 -inf 6.526223182678222656e+00 6.742435455322265625e+00 5.598154544830322266e+00 6.710107803344726562e+00
6.526144027709960938e+00 -inf 6.526144027709960938e+00 6.741322994232177734e+00 5.592497825622558594e+00 6.709345340728759766e+00
