5.585157871246337891e+00 -inf 5.585157871246337891e+00 6.974642276763916016e+00 5.624945163726806641e+00 6.954782485961914062e+00
5.579483509063720703e+00 -inf 5.579483509063720703e+00 6.974586963653564453e+00 5.624546527862548828e+00 6.954742908477783203e+00
5.574052810668945312e+00 -inf 5.574052810668945312e+00 6.974561214447021484e+00 5.622653484344482422e+00 6.954804420471191406e+00
5.567421913146972656e+00 -inf 5.567421913146972656e+00 6.973765373229980469e+00 5.596868038177490234e+00 6.955136775970458984e+00
5.559915542602539062e+00 -inf 5.559915542602539062e+00 6.974721431732177734e+00 5.580384254455566406e+00 6.956841945648193359e+00
5.550915718078613281e+00 -inf 5.550915718078613281e+00 6.975219726562500000e+00 5.523075580596923828e+00 6.959609508514404297e+00
5.542388916015625000e+00 -inf 5.542388916015625000e+00 6.976621627807617188e+00 5.495687961578369141e+00 6.962028980255126953e+00
5.536477088928222656e+00 -inf 5.536477088928222656e+00 6.977836132049560547e+00 5.467066764831542969e+00 6.964227676391601562e+00
5.533657550811767578e+00 -inf 5.533657550811767578e+00 6.978215694427490234e+00 5.442384243011474609e+00 6.965381622314453125e+00
5.531942844390869141e+00 -inf 5.531942844390869141e+00 6.978930473327636719e+00 5.481253623962402344e+00 6.964898586273193359e+00
5.528363227844238281e+00 -inf 5.528363227844238281e+00 6.979662895202636719e+00 5.496265411376953125e+00 6.965154170989990234e+00
5.527384757995605469e+00 -inf 5.527384757995605469e+00 6.980293750762939453e+00 5.514664173126220703e+00 6.965168476104736328e+00
5.531529426574707031e+00 -inf 5.531529426574707031e+00 6.980729103088378906e+00 5.567344665527343750e+00 6.963632583618164062e+00
5.536455631256103516e+00 -inf 5.536455631256103516e+00 6.980887413024902344e+00 5.626298904418945312e+00 6.961254596710205078e+00
5.545001029968261719e+00 -inf 5.545001029968261719e+00 6.981017589569091797e+00 5.670826911926269531e+00 6.959217548370361328e+00
5.556410312652587891e+00 -inf 5.556410312652587891e+00 6.980845928192138672e+00 5.715103626251220703e+00 6.956630706787109375e+00
5.569640636444091797e+00 -inf 5.569640636444091797e+00 6.980565071105957031e+00 5.772937297821044922e+00 6.952768802642822266e+00
5.579423904418945312e+00 -inf 5.579423904418945312e+00 6.980397701263427734e+00 5.831419467926025391e+00 6.948431491851806641e+00
5.584034919738769531e+00 -inf 5.584034919738769531e+00 6.980447292327880859e+00 5.864690303802490234e+00 6.945836067199707031e+00
5.589825630187988281e+00 -inf 5.589825630187988281e+00 6.980423927307128906e+00 5.895370960235595703e+00 6.943165302276611328e+00
5.597627162933349609e+00 -inf 5.597627162933349609e+00 6.980313301086425781e+00 5.922700881958007812e+00 6.940509319305419922e+00
5.606482982635498047e+00 -inf 5.606482982635498047e+00 6.980147361755371094e+00 5.969633102416992188e+00 6.935542583465576172e+00
5.616964817047119141e+00 -inf 5.616964817047119141e+00 6.979290962219238281e+00 6.006967544555664062e+00 6.930346965789794922e+00
5.629361152648925781e+00 -inf 5.629361152648925781e+00 6.978515148162841797e+00 6.031920433044433594e+00 6.926397800445556641e+00
5.642484664916992188e+00 -inf 5.642484664916992188e+00 6.978128910064697266e+00 6.075909137725830078e+00 6.920012474060058594e+00
5.656553268432617188e+00 -inf 5.656553268432617188e+00 6.976878643035888672e+00 6.096934795379638672e+00 6.915476799011230469e+00
5.670008659362792969e+00 -inf 5.670008659362792969e+00 6.976150989532470703e+00 6.116208076477050781e+00 6.911630153656005859e+00
5.686695098876953125e+00 -inf 5.686695098876953125e+00 6.974515914916992188e+00 6.128134727478027344e+00 6.907782554626464844e+00
5.702397823333740234e+00 -inf 5.702397823333740234e+00 6.972359657287597656e+00 6.136456966400146484e+00 6.903861045837402344e+00
5.715358257293701172e+00 -inf 5.715358257293701172e+00 6.971077442169189453e+00 6.124755859375000000e+00 6.904334545135498047e+00
5.726473808288574219e+00 -inf 5.726473808288574219e+00 6.970458984375000000e+00 6.080909252166748047e+00 6.910498619079589844e+00
5.740447521209716797e+00 -inf 5.740447521209716797e+00 6.969796180725097656e+00 6.048190593719482422e+00 6.914385795593261719e+00
5.754602432250976562e+00 -inf 5.754602432250976562e+00 6.968182086944580078e+00 6.009976387023925781e+00 6.917522430419921875e+00
5.771051883697509766e+00 -inf 5.771051883697509766e+00 6.966495037078857422e+00 5.944722175598144531e+00 6.923090934753417969e+00
5.791610240936279297e+00 -inf 5.791610240936279297e+00 6.965312004089355469e+00 5.915778160095214844e+00 6.924725055694580078e+00
5.812393188476562500e+00 -inf 5.812393188476562500e+00 6.964032649993896484e+00 5.905156612396240234e+00 6.924349784851074219e+00
5.833484172821044922e+00 -inf 5.833484172821044922e+00 6.961933612823486328e+00 5.890185356140136719e+00 6.923462867736816406e+00
5.848513126373291016e+00 -inf 5.848513126373291016e+00 6.960919857025146484e+00 5.884187698364257812e+00 6.922907829284667969e+00
5.863811016082763672e+00 -inf 5.863811016082763672e+00 6.959835529327392578e+00 5.889703750610351562e+00 6.921215057373046875e+00
5.882516860961914062e+00 -inf 5.882516860961914062e+00 6.956909656524658203e+00 5.886131286621093750e+00 6.918348789215087891e+00
5.900414943695068359e+00 -inf 5.900414943695068359e+00 6.955430030822753906e+00 5.897218227386474609e+00 6.915684223175048828e+00
5.926558017730712891e+00 -inf 5.926558017730712891e+00 6.953111171722412109e+00 5.903744697570800781e+00 6.912508010864257812e+00
5.949309825897216797e+00 -inf 5.949309825897216797e+00 6.950981616973876953e+00 5.910943031311035156e+00 6.909452915191650391e+00
5.967404365539550781e+00 -inf 5.967404365539550781e+00 6.947872638702392578e+00 5.901259899139404297e+00 6.906998157501220703e+00
5.985667705535888672e+00 -inf 5.985667705535888672e+00 6.945993900299072266e+00 5.901112556457519531e+00 6.904948234558105469e+00
6.005837440490722656e+00 -inf 6.005837440490722656e+00 6.943331241607666016e+00 5.868943214416503906e+00 6.905104160308837891e+00
6.025597572326660156e+00 -inf 6.025597572326660156e+00 6.941082954406738281e+00 5.820470809936523438e+00 6.906871795654296875e+00
6.047091960906982422e+00 -inf 6.047091960906982422e+00 6.938515186309814453e+00 5.775114536285400391e+00 6.907631397247314453e+00
6.069202423095703125e+00 -inf 6.069202423095703125e+00 6.935691833496093750e+00 5.756424427032470703e+00 6.905954360961914062e+00
6.089686870574951172e+00 -inf 6.089686870574951172e+00 6.932920455932617188e+00 5.767103195190429688e+00 6.902214050292968750e+00
6.109763145446777344e+00 -inf 6.109763145446777344e+00 6.930038452148437500e+00 5.778929233551025391e+00 6.898234367370605469e+00
6.130070686340332031e+00 -inf 6.130070686340332031e+00 6.926957130432128906e+00 5.802229404449462891e+00 6.893081665039062500e+00
6.155132293701171875e+00 -inf 6.155132293701171875e+00 6.922357559204101562e+00 5.828103542327880859e+00 6.885913848876953125e+00
6.179542064666748047e+00 -inf 6.179542064666748047e+00 6.917946815490722656e+00 5.854018211364746094e+00 6.878744125366210938e+00
6.194269657135009766e+00 -inf 6.194269657135009766e+00 6.915270805358886719e+00 5.876938343048095703e+00 6.873570442199707031e+00
6.202749729156494141e+00 -inf 6.202749729156494141e+00 6.912898063659667969e+00 5.887934684753417969e+00 6.869828224182128906e+00
6.210253238677978516e+00 -inf 6.210253238677978516e+00 6.910821437835693359e+00 5.885691165924072266e+00 6.867768287658691406e+00
6.219707489013671875e+00 -inf 6.219707489013671875e+00 6.907307624816894531e+00 5.870019912719726562e+00 6.865501880645751953e+00
6.228450298309326172e+00 -inf 6.228450298309326172e+00 6.905291557312011719e+00 5.841527938842773438e+00 6.866074085235595703e+00
6.236280918121337891e+00 -inf 6.236280918121337891e+00 6.903710365295410156e+00 5.796555042266845703e+00 6.868377685546875000e+00
6.242803096771240234e+00 -inf 6.242803096771240234e+00 6.902373790740966797e+00 5.754026889801025391e+00 6.870359420776367188e+00
6.248568534851074219e+00 -inf 6.248568534851074219e+00 6.901185512542724609e+00 5.750526428222656250e+00 6.869347095489501953e+00
6.255511283874511719e+00 -inf 6.255511283874511719e+00 6.899717807769775391e+00 5.743722915649414062e+00 6.868282794952392578e+00
6.263941764831542969e+00 -inf 6.263941764831542969e+00 6.896518707275390625e+00 5.738906860351562500e+00 6.865205287933349609e+00
6.272601127624511719e+00 -inf 6.272601127624511719e+00 6.894567489624023438e+00 5.741661548614501953e+00 6.862899303436279297e+00
6.280133247375488281e+00 -inf 6.280133247375488281e+00 6.892842292785644531e+00 5.734308242797851562e+00 6.861597061157226562e+00
6.287649631500244141e+00 -inf 6.287649631500244141e+00 6.891101837158203125e+00 5.712168216705322266e+00 6.861340522766113281e+00
6.296601295471191406e+00 -inf 6.296601295471191406e+00 6.888948440551757812e+00 5.688889980316162109e+00 6.860647678375244141e+00
6.304385185241699219e+00 -inf 6.304385185241699219e+00 6.886340618133544922e+00 5.677640914916992188e+00 6.858615875244140625e+00
6.310933589935302734e+00 -inf 6.310933589935302734e+00 6.884698390960693359e+00 5.680863857269287109e+00 6.856650829315185547e+00
6.316970825195312500e+00 -inf 6.316970825195312500e+00 6.882548809051513672e+00 5.663438320159912109e+00 6.855501174926757812e+00
6.325272560119628906e+00 -inf 6.325272560119628906e+00 6.880261898040771484e+00 5.661902427673339844e+00 6.853166103363037109e+00
6.334606647491455078e+00 -inf 6.334606647491455078e+00 6.876843929290771484e+00 5.647894382476806641e+00 6.850421428680419922e+00
6.342313766479492188e+00 -inf 6.342313766479492188e+00 6.874492645263671875e+00 5.636630058288574219e+00 6.848622798919677734e+00
6.349266529083251953e+00 -inf 6.349266529083251953e+00 6.872463703155517578e+00 5.611565113067626953e+00 6.847968578338623047e+00
6.354859828948974609e+00 -inf 6.354859828948974609e+00 6.870910167694091797e+00 5.591422080993652344e+00 6.847469806671142578e+00
6.359013557434082031e+00 -inf 6.359013557434082031e+00 6.869792938232421875e+00 5.549007415771484375e+00 6.848531723022460938e+00
6.362594127655029297e+00 -inf 6.362594127655029297e+00 6.868813991546630859e+00 5.517389297485351562e+00 6.849034309387207031e+00
6.366537094116210938e+00 -inf 6.366537094116210938e+00 6.867722988128662109e+00 5.493008136749267578e+00 6.848999023437500000e+00
6.370164871215820312e+00 -inf 6.370164871215820312e+00 6.865922927856445312e+00 5.474957942962646484e+00 6.847900867462158203e+00
6.373651504516601562e+00 -inf 6.373651504516601562e+00 6.864943027496337891e+00 5.474767684936523438e+00 6.846887111663818359e+00
6.376606464385986328e+00 -inf 6.376606464385986328e+00 6.864119529724121094e+00 5.479011058807373047e+00 6.845848083496093750e+00
6.378670215606689453e+00 -inf 6.378670215606689453e+00 6.863584041595458984e+00 5.483459949493408203e+00 6.845097064971923828e+00
6.379792213439941406e+00 -inf 6.379792213439941406e+00 6.863354206085205078e+00 5.494311332702636719e+00 6.844378471374511719e+00
6.379965305328369141e+00 -inf 6.379965305328369141e+00 6.863459587097167969e+00 5.495293617248535156e+00 6.844444751739501953e+00
6.380052566528320312e+00 -inf 6.380052566528320312e+00 6.863569736480712891e+00 5.503858566284179688e+00 6.844172477722167969e+00
6.380969524383544922e+00 -inf 6.380969524383544922e+00 6.863416194915771484e+00 5.535640716552734375e+00 6.842503547668457031e+00
6.382052898406982422e+00 -inf 6.382052898406982422e+00 6.863203525543212891e+00 5.571309566497802734e+00 6.840440750122070312e+00
6.383887290954589844e+00 -inf 6.383887290954589844e+00 6.862745285034179688e+00 5.600052356719970703e+00 6.838354587554931641e+00
6.384363651275634766e+00 -inf 6.384363651275634766e+00 6.862770080566406250e+00 5.635728836059570312e+00 6.836226940155029297e+00
6.384189605712890625e+00 -inf 6.384189605712890625e+00 6.862991809844970703e+00 5.674838542938232422e+00 6.833877563476562500e+00
6.383354663848876953e+00 -inf 6.383354663848876953e+00 6.863426685333251953e+00 5.733007907867431641e+00 6.830009937286376953e+00
6.382718086242675781e+00 -inf 6.382718086242675781e+00 6.863789081573486328e+00 5.784525394439697266e+00 6.826008319854736328e+00
6.384368419647216797e+00 -inf 6.384368419647216797e+00 6.862739086151123047e+00 5.825912475585937500e+00 6.820887088775634766e+00
6.386183738708496094e+00 -inf 6.386183738708496094e+00 6.862300395965576172e+00 5.864674568176269531e+00 6.816277980804443359e+00
6.387499809265136719e+00 2.360635042190551758e+00 6.387458801269531250e+00 6.862036228179931641e+00 5.896075248718261719e+00 6.812326908111572266e+00
6.388260841369628906e+00 -inf 6.388260841369628906e+00 6.861281871795654297e+00 5.918654918670654297e+00 6.808655738830566406e+00
6.388883590698242188e+00 -inf 6.388883590698242188e+00 6.861228942871093750e+00 5.937671661376953125e+00 6.806083202362060547e+00
6.389171123504638672e+00 -inf 6.389171123504638672e+00 6.859556198120117188e+00 5.939320087432861328e+00 6.803958892822265625e+00
6.391660690307617188e+00 -inf 6.391660690307617188e+00 6.858901977539062500e+00 5.925659656524658203e+00 6.805051326751708984e+00
6.394340515136718750e+00 -inf 6.394340515136718750e+00 6.858191490173339844e+00 5.907376766204833984e+00 6.806608200073242188e+00
6.397573947906494141e+00 -inf 6.397573947906494141e+00 6.856619834899902344e+00 5.867736339569091797e+00 6.809608936309814453e+00
6.402118682861328125e+00 -inf 6.402118682861328125e+00 6.855220317840576172e+00 5.830096244812011719e+00 6.812166690826416016e+00
6.405607700347900391e+00 -inf 6.405607700347900391e+00 6.854186534881591797e+00 5.806033611297607422e+00 6.813464164733886719e+00
6.404754161834716797e+00 -inf 6.404754161834716797e+00 6.854307174682617188e+00 5.785263538360595703e+00 6.815585136413574219e+00
6.403048038482666016e+00 -inf 6.403048038482666016e+00 6.855099201202392578e+00 5.784197330474853516e+00 6.816550254821777344e+00
6.401040554046630859e+00 -inf 6.401040554046630859e+00 6.855988979339599609e+00 5.790634155273437500e+00 6.816921234130859375e+00
6.398816108703613281e+00 -inf 6.398816108703613281e+00 6.856945514678955078e+00 5.806831359863281250e+00 6.816415786743164062e+00
6.397018909454345703e+00 -inf 6.397018909454345703e+00 6.857741832733154297e+00 5.819963932037353516e+00 6.815985679626464844e+00
6.395832061767578125e+00 -inf 6.395832061767578125e+00 6.858305454254150391e+00 5.835962772369384766e+00 6.814960956573486328e+00
6.394674301147460938e+00 -inf 6.394674301147460938e+00 6.858846664428710938e+00 5.854093551635742188e+00 6.813614368438720703e+00
6.394015312194824219e+00 -inf 6.394015312194824219e+00 6.859231472015380859e+00 5.871491432189941406e+00 6.812089920043945312e+00
6.392704486846923828e+00 -inf 6.392704486846923828e+00 6.859122276306152344e+00 5.876611232757568359e+00 6.811377525329589844e+00
6.390518188476562500e+00 -inf 6.390518188476562500e+00 6.860049247741699219e+00 5.899735450744628906e+00 6.809649944305419922e+00
6.382214546203613281e+00 2.307166099548339844e+00 6.382178306579589844e+00 6.862987041473388672e+00 5.914937019348144531e+00 6.811054229736328125e+00
6.367793083190917969e+00 -inf 6.367793083190917969e+00 6.866978645324707031e+00 5.925212383270263672e+00 6.814240932464599609e+00
6.353581428527832031e+00 -inf 6.353581428527832031e+00 6.871575355529785156e+00 5.938746452331542969e+00 6.817670345306396484e+00
6.341018199920654297e+00 -inf 6.341018199920654297e+00 6.874112606048583984e+00 5.924264430999755859e+00 6.822407722473144531e+00
6.330469608306884766e+00 -inf 6.330469608306884766e+00 6.877311706542968750e+00 5.905882835388183594e+00 6.828259944915771484e+00
6.321282863616943359e+00 -inf 6.321282863616943359e+00 6.880041122436523438e+00 5.884922504425048828e+00 6.833738327026367188e+00
6.312633991241455078e+00 -inf 6.312633991241455078e+00 6.882565975189208984e+00 5.853526115417480469e+00 6.839918136596679688e+00
6.302843093872070312e+00 -inf 6.302843093872070312e+00 6.885322093963623047e+00 5.864870548248291016e+00 6.841778278350830078e+00
6.289955139160156250e+00 -inf 6.289955139160156250e+00 6.888057231903076172e+00 5.858481407165527344e+00 6.845465183258056641e+00
6.275961875915527344e+00 2.267766714096069336e+00 6.275919437408447266e+00 6.891694545745849609e+00 5.882123947143554688e+00 6.846987247467041016e+00
6.261073589324951172e+00 -inf 6.261073589324951172e+00 6.895411491394042969e+00 5.914927482604980469e+00 6.847430706024169922e+00
6.245654106140136719e+00 -inf 6.245654106140136719e+00 6.899054527282714844e+00 5.928891181945800781e+00 6.849851608276367188e+00
6.231774806976318359e+00 -inf 6.231774806976318359e+00 6.901655197143554688e+00 5.924280643463134766e+00 6.853309631347656250e+00
6.217982769012451172e+00 -inf 6.217982769012451172e+00 6.903726100921630859e+00 5.897748470306396484e+00 6.858627796173095703e+00
6.202566146850585938e+00 -inf 6.202566146850585938e+00 6.906990051269531250e+00 5.886754512786865234e+00 6.863424301147460938e+00
6.187566757202148438e+00 -inf 6.187566757202148438e+00 6.910022735595703125e+00 5.876139163970947266e+00 6.867871761322021484e+00
6.173782825469970703e+00 -inf 6.173782825469970703e+00 6.912715435028076172e+00 5.870073795318603516e+00 6.871447563171386719e+00
6.160531044006347656e+00 -inf 6.160531044006347656e+00 6.914818763732910156e+00 5.862077236175537109e+00 6.874544620513916016e+00
6.149932384490966797e+00 -inf 6.149932384490966797e+00 6.916784763336181641e+00 5.861251354217529297e+00 6.876780986785888672e+00
6.140120506286621094e+00 -inf 6.140120506286621094e+00 6.918550968170166016e+00 5.863591194152832031e+00 6.878491878509521484e+00
6.129301548004150391e+00 -inf 6.129301548004150391e+00 6.920459747314453125e+00 5.864965438842773438e+00 6.880451679229736328e+00
6.119699478149414062e+00 -inf 6.119699478149414062e+00 6.922119140625000000e+00 5.861012935638427734e+00 6.882649421691894531e+00
6.110659599304199219e+00 -inf 6.110659599304199219e+00 6.923646450042724609e+00 5.855667591094970703e+00 6.884825229644775391e+00
6.101318836212158203e+00 -inf 6.101318836212158203e+00 6.925183773040771484e+00 5.859691619873046875e+00 6.886128902435302734e+00
6.092934608459472656e+00 -inf 6.092934608459472656e+00 6.926561832427978516e+00 5.877033233642578125e+00 6.885973930358886719e+00
6.085008621215820312e+00 -inf 6.085008621215820312e+00 6.927837371826171875e+00 5.884899616241455078e+00 6.886599063873291016e+00
6.076395034790039062e+00 -inf 6.076395034790039062e+00 6.929180145263671875e+00 5.902114868164062500e+00 6.886328220367431641e+00
6.067722320556640625e+00 -inf 6.067722320556640625e+00 6.929513454437255859e+00 5.912393093109130859e+00 6.885616779327392578e+00
6.059053421020507812e+00 -inf 6.059053421020507812e+00 6.930830001831054688e+00 5.925293445587158203e+00 6.885683536529541016e+00
6.049261569976806641e+00 -inf 6.049261569976806641e+00 6.932263374328613281e+00 5.927689552307128906e+00 6.887011051177978516e+00
6.039451122283935547e+00 -inf 6.039451122283935547e+00 6.933663368225097656e+00 5.930793762207031250e+00 6.888223648071289062e+00
6.030024051666259766e+00 -inf 6.030024051666259766e+00 6.934987068176269531e+00 5.942523956298828125e+00 6.888383865356445312e+00
6.019163131713867188e+00 -inf 6.019163131713867188e+00 6.936438083648681641e+00 5.961749553680419922e+00 6.887774944305419922e+00
6.007686614990234375e+00 -inf 6.007686614990234375e+00 6.937909603118896484e+00 5.984638214111328125e+00 6.886635780334472656e+00
5.995858192443847656e+00 -inf 5.995858192443847656e+00 6.939075469970703125e+00 6.013929367065429688e+00 6.884144783020019531e+00
5.984068393707275391e+00 -inf 5.984068393707275391e+00 6.940491676330566406e+00 6.049033641815185547e+00 6.880813121795654297e+00
5.972846031188964844e+00 -inf 5.972846031188964844e+00 6.941821575164794922e+00 6.074501991271972656e+00 6.878470420837402344e+00
5.961997509002685547e+00 -inf 5.961997509002685547e+00 6.943078041076660156e+00 6.100048542022705078e+00 6.875784873962402344e+00
5.951457977294921875e+00 -inf 5.951457977294921875e+00 6.943654537200927734e+00 6.109253883361816406e+00 6.874898910522460938e+00
5.942037582397460938e+00 -inf 5.942037582397460938e+00 6.944383621215820312e+00 6.120222091674804688e+00 6.873847484588623047e+00
5.932950496673583984e+00 -inf 5.932950496673583984e+00 6.944784164428710938e+00 6.112583160400390625e+00 6.875650882720947266e+00
5.924309730529785156e+00 -inf 5.924309730529785156e+00 6.945623397827148438e+00 6.099855422973632812e+00 6.878787994384765625e+00
5.914835929870605469e+00 -inf 5.914835929870605469e+00 6.946655273437500000e+00 6.088425159454345703e+00 6.881858825683593750e+00
5.904243469238281250e+00 -inf 5.904243469238281250e+00 6.947765350341796875e+00 6.075916290283203125e+00 6.885120868682861328e+00
5.893417835235595703e+00 -inf 5.893417835235595703e+00 6.948867321014404297e+00 6.078649997711181641e+00 6.885969638824462891e+00
5.881584644317626953e+00 -inf 5.881584644317626953e+00 6.949547767639160156e+00 6.088299751281738281e+00 6.885235309600830078e+00
5.868467330932617188e+00 -inf 5.868467330932617188e+00 6.950787544250488281e+00 6.098111152648925781e+00 6.885091304779052734e+00
5.855965614318847656e+00 -inf 5.855965614318847656e+00 6.951633930206298828e+00 6.111322879791259766e+00 6.883883953094482422e+00
5.844183444976806641e+00 -inf 5.844183444976806641e+00 6.952710151672363281e+00 6.121920108795166016e+00 6.883332252502441406e+00
5.831788063049316406e+00 -inf 5.831788063049316406e+00 6.953797817230224609e+00 6.118980407714843750e+00 6.885113716125488281e+00
5.821307182312011719e+00 -inf 5.821307182312011719e+00 6.954726696014404297e+00 6.108652591705322266e+00 6.887942790985107422e+00
5.811609268188476562e+00 -inf 5.811609268188476562e+00 6.955574512481689453e+00 6.115103244781494141e+00 6.887851715087890625e+00
5.802248954772949219e+00 -inf 5.802248954772949219e+00 6.956376552581787109e+00 6.118705749511718750e+00 6.888179302215576172e+00
5.794607162475585938e+00 -inf 5.794607162475585938e+00 6.956721782684326172e+00 6.125630378723144531e+00 6.887395858764648438e+00
5.786778926849365234e+00 -inf 5.786778926849365234e+00 6.957398891448974609e+00 6.132825851440429688e+00 6.886934757232666016e+00
5.779447078704833984e+00 -inf 5.779447078704833984e+00 6.957836627960205078e+00 6.142847061157226562e+00 6.885662078857421875e+00
5.772572040557861328e+00 -inf 5.772572040557861328e+00 6.958050251007080078e+00 6.162744998931884766e+00 6.882219791412353516e+00
5.768249034881591797e+00 -inf 5.768249034881591797e+00 6.958471775054931641e+00 6.179003238677978516e+00 6.879553794860839844e+00
5.765772342681884766e+00 -inf 5.765772342681884766e+00 6.958190917968750000e+00 6.188078880310058594e+00 6.877383708953857422e+00
5.762157917022705078e+00 -inf 5.762157917022705078e+00 6.958557605743408203e+00 6.196548938751220703e+00 6.876073837280273438e+00
5.756413459777832031e+00 -inf 5.756413459777832031e+00 6.959055900573730469e+00 6.195229053497314453e+00 6.876952171325683594e+00
5.750057220458984375e+00 -inf 5.750057220458984375e+00 6.959587097167968750e+00 6.199629783630371094e+00 6.876674175262451172e+00
5.743782997131347656e+00 -inf 5.743782997131347656e+00 6.960123062133789062e+00 6.205683231353759766e+00 6.876039981842041016e+00
5.738698959350585938e+00 -inf 5.738698959350585938e+00 6.960067749023437500e+00 6.205509662628173828e+00 6.876009941101074219e+00
5.737018108367919922e+00 -inf 5.737018108367919922e+00 6.959371089935302734e+00 6.202956199645996094e+00 6.875708103179931641e+00
5.734753131866455078e+00 -inf 5.734753131866455078e+00 6.959057331085205078e+00 6.188899040222167969e+00 6.878259658813476562e+00
5.730012416839599609e+00 -inf 5.730012416839599609e+00 6.958730697631835938e+00 6.152478694915771484e+00 6.884957313537597656e+00
5.725471496582031250e+00 -inf 5.725471496582031250e+00 6.958644390106201172e+00 6.101637363433837891e+00 6.893651008605957031e+00
5.721635341644287109e+00 -inf 5.721635341644287109e+00 6.959019660949707031e+00 6.055197715759277344e+00 6.901132106781005859e+00
5.718214988708496094e+00 -inf 5.718214988708496094e+00 6.959350585937500000e+00 6.023635864257812500e+00 6.905825138092041016e+00
5.713663578033447266e+00 -inf 5.713663578033447266e+00 6.958734035491943359e+00 6.010414600372314453e+00 6.906835079193115234e+00
5.711051940917968750e+00 -inf 5.711051940917968750e+00 6.957310676574707031e+00 5.986952781677246094e+00 6.908131122589111328e+00
5.710296630859375000e+00 -inf 5.710296630859375000e+00 6.957404136657714844e+00 5.948700428009033203e+00 6.912603378295898438e+00
5.709427356719970703e+00 -inf 5.709427356719970703e+00 6.956188201904296875e+00 5.869761466979980469e+00 6.919052124023437500e+00
5.709025382995605469e+00 -inf 5.709025382995605469e+00 6.956124305725097656e+00 5.768116950988769531e+00 6.926999568939208984e+00
5.710257530212402344e+00 -inf 5.710257530212402344e+00 6.956028938293457031e+00 5.683520317077636719e+00 6.932199001312255859e+00
5.711048126220703125e+00 -inf 5.711048126220703125e+00 6.955938339233398438e+00 5.596409797668457031e+00 6.936532974243164062e+00
5.712723255157470703e+00 -inf 5.712723255157470703e+00 6.955792903900146484e+00 5.507827281951904297e+00 6.940028667449951172e+00
5.714166164398193359e+00 -inf 5.714166164398193359e+00 6.955854415893554688e+00 5.472351551055908203e+00 6.941349506378173828e+00
5.714203834533691406e+00 -inf 5.714203834533691406e+00 6.954947948455810547e+00 5.457515239715576172e+00 6.940908432006835938e+00
5.714417934417724609e+00 -inf 5.714417934417724609e+00 6.955049514770507812e+00 5.457493782043457031e+00 6.941014289855957031e+00
5.714052677154541016e+00 -inf 5.714052677154541016e+00 6.955163955688476562e+00 5.495248317718505859e+00 6.939835548400878906e+00
5.713388442993164062e+00 -inf 5.713388442993164062e+00 6.955275535583496094e+00 5.527882575988769531e+00 6.938732147216796875e+00
5.713941574096679688e+00 -inf 5.713941574096679688e+00 6.955348491668701172e+00 5.591633796691894531e+00 6.936133384704589844e+00
5.716176033020019531e+00 -inf 5.716176033020019531e+00 6.954723834991455078e+00 5.662989616394042969e+00 6.931952476501464844e+00
5.720335006713867188e+00 -inf 5.720335006713867188e+00 6.954581737518310547e+00 5.721821308135986328e+00 6.928396224975585938e+00
5.724909782409667969e+00 -inf 5.724909782409667969e+00 6.954095840454101562e+00 5.750335693359375000e+00 6.926043510437011719e+00
5.728442668914794922e+00 -inf 5.728442668914794922e+00 6.954010486602783203e+00 5.779192447662353516e+00 6.923955440521240234e+00
5.732619762420654297e+00 -inf 5.732619762420654297e+00 6.953851222991943359e+00 5.807534694671630859e+00 6.921680927276611328e+00
5.735246181488037109e+00 -inf 5.735246181488037109e+00 6.953003406524658203e+00 5.823918342590332031e+00 6.919479846954345703e+00
5.733465194702148438e+00 -inf 5.733465194702148438e+00 6.953200340270996094e+00 5.832396030426025391e+00 6.919004917144775391e+00
5.727379322052001953e+00 -inf 5.727379322052001953e+00 6.953663825988769531e+00 5.832931995391845703e+00 6.919462680816650391e+00
5.720705509185791016e+00 -inf 5.720705509185791016e+00 6.954142093658447266e+00 5.840102195739746094e+00 6.919387817382812500e+00
5.715269088745117188e+00 -inf 5.715269088745117188e+00 6.954527854919433594e+00 5.863952636718750000e+00 6.917760372161865234e+00
5.713844776153564453e+00 -inf 5.713844776153564453e+00 6.954712390899658203e+00 5.882554054260253906e+00 6.916279792785644531e+00
5.713757514953613281e+00 -inf 5.713757514953613281e+00 6.954816341400146484e+00 5.913116931915283203e+00 6.913454055786132812e+00
5.713714122772216797e+00 -inf 5.713714122772216797e+00 6.954919338226318359e+00 5.943424701690673828e+00 6.910419940948486328e+00
5.712691307067871094e+00 -inf 5.712691307067871094e+00 6.955049991607666016e+00 6.003260612487792969e+00 6.903589725494384766e+00
5.712102890014648438e+00 -inf 5.712102890014648438e+00 6.955147266387939453e+00 6.056404590606689453e+00 6.896530628204345703e+00
5.712402820587158203e+00 -inf 5.712402820587158203e+00 6.955213546752929688e+00 6.088127613067626953e+00 6.891825675964355469e+00
5.711847782135009766e+00 -inf 5.711847782135009766e+00 6.954689502716064453e+00 6.101023197174072266e+00 6.889154434204101562e+00
5.712233543395996094e+00 -inf 5.712233543395996094e+00 6.954745292663574219e+00 6.119712829589843750e+00 6.886097908020019531e+00
5.713216304779052734e+00 -inf 5.713216304779052734e+00 6.954761981964111328e+00 6.139634609222412109e+00 6.882612228393554688e+00
5.715561389923095703e+00 -inf 5.715561389923095703e+00 6.954695224761962891e+00 6.149677276611328125e+00 6.880693912506103516e+00
5.719092369079589844e+00 -inf 5.719092369079589844e+00 6.953664779663085938e+00 6.163891792297363281e+00 6.876771450042724609e+00
5.723921298980712891e+00 -inf 5.723921298980712891e+00 6.953366756439208984e+00 6.173856258392333984e+00 6.874457359313964844e+00
5.724926471710205078e+00 -inf 5.724926471710205078e+00 6.953407287597656250e+00 6.183372497558593750e+00 6.872584342956542969e+00
5.724052429199218750e+00 -inf 5.724052429199218750e+00 6.953474044799804688e+00 6.199536800384521484e+00 6.869283676147460938e+00
5.721723079681396484e+00 -inf 5.721723079681396484e+00 6.952993392944335938e+00 6.209771633148193359e+00 6.866476535797119141e+00
5.721680641174316406e+00 -inf 5.721680641174316406e+00 6.953100204467773438e+00 6.223536491394042969e+00 6.863512992858886719e+00
5.723366737365722656e+00 -inf 5.723366737365722656e+00 6.952815532684326172e+00 6.237735271453857422e+00 6.859841346740722656e+00
5.728881359100341797e+00 -inf 5.728881359100341797e+00 6.951992988586425781e+00 6.242540836334228516e+00 6.857664585113525391e+00
5.738395214080810547e+00 -inf 5.738395214080810547e+00 6.949516773223876953e+00 6.222506046295166016e+00 6.859342575073242188e+00
5.749489307403564453e+00 -inf 5.749489307403564453e+00 6.948274612426757812e+00 6.184840679168701172e+00 6.866088867187500000e+00
5.767586231231689453e+00 -inf 5.767586231231689453e+00 6.944827556610107422e+00 6.123035907745361328e+00 6.873872280120849609e+00
5.788548469543457031e+00 -inf 5.788548469543457031e+00 6.943495273590087891e+00 6.058337688446044922e+00 6.882879734039306641e+00
5.811629295349121094e+00 -inf 5.811629295349121094e+00 6.941027641296386719e+00 6.008497238159179688e+00 6.887083530426025391e+00
5.835119247436523438e+00 -inf 5.835119247436523438e+00 6.937664031982421875e+00 5.960249900817871094e+00 6.889322757720947266e+00
5.854137420654296875e+00 -inf 5.854137420654296875e+00 6.936261653900146484e+00 5.902793407440185547e+00 6.894068241119384766e+00
5.869241237640380859e+00 -inf 5.869241237640380859e+00 6.935106277465820312e+00 5.822786331176757812e+00 6.900208473205566406e+00
5.881826877593994141e+00 -inf 5.881826877593994141e+00 6.934114933013916016e+00 5.739432334899902344e+00 6.905449867248535156e+00
5.890756607055664062e+00 -inf 5.890756607055664062e+00 6.933414459228515625e+00 5.664087772369384766e+00 6.909403800964355469e+00
5.898130416870117188e+00 -inf 5.898130416870117188e+00 6.932837009429931641e+00 5.615454196929931641e+00 6.911404132843017578e+00
5.904117584228515625e+00 -inf 5.904117584228515625e+00 6.931358814239501953e+00 5.557467937469482422e+00 6.912598609924316406e+00
5.906540870666503906e+00 -inf 5.906540870666503906e+00 6.931171417236328125e+00 5.512412071228027344e+00 6.914288520812988281e+00
5.907470703125000000e+00 -inf 5.907470703125000000e+00 6.931145191192626953e+00 5.472071170806884766e+00 6.915785789489746094e+00
5.908295154571533203e+00 -inf 5.908295154571533203e+00 6.930508613586425781e+00 5.431446075439453125e+00 6.916522502899169922e+00
5.910132884979248047e+00 -inf 5.910132884979248047e+00 6.929899215698242188e+00 5.374454498291015625e+00 6.917640209197998047e+00
5.910122871398925781e+00 -inf 5.910122871398925781e+00 6.928668498992919922e+00 5.278421878814697266e+00 6.918840885162353516e+00
5.908381938934326172e+00 -inf 5.908381938934326172e+00 6.928897857666015625e+00 5.200326919555664062e+00 6.920708179473876953e+00
5.905897617340087891e+00 -inf 5.905897617340087891e+00 6.929214000701904297e+00 5.161170482635498047e+00 6.921741485595703125e+00
5.902426719665527344e+00 -inf 5.902426719665527344e+00 6.929605484008789062e+00 5.148386001586914062e+00 6.922358036041259766e+00
5.896993637084960938e+00 -inf 5.896993637084960938e+00 6.930130481719970703e+00 5.150638580322265625e+00 6.922853946685791016e+00
5.889948844909667969e+00 -inf 5.889948844909667969e+00 6.930805206298828125e+00 5.176163673400878906e+00 6.923096179962158203e+00
5.889593601226806641e+00 -inf 5.889593601226806641e+00 6.930839538574218750e+00 5.173033714294433594e+00 6.923187255859375000e+00
