5.585157394409179688e+00 -inf 5.585157394409179688e+00 6.974761962890625000e+00 5.240874767303466797e+00 6.966673374176025391e+00
5.579492092132568359e+00 -inf 5.579492092132568359e+00 6.974702358245849609e+00 5.436945915222167969e+00 6.961925506591796875e+00
5.574082851409912109e+00 -inf 5.574082851409912109e+00 6.974670410156250000e+00 5.504154682159423828e+00 6.959717750549316406e+00
5.567506313323974609e+00 -inf 5.567506313323974609e+00 6.974489688873291016e+00 5.512962818145751953e+00 6.959217548370361328e+00
5.560249805450439453e+00 -inf 5.560249805450439453e+00 6.975466251373291016e+00 5.512591838836669922e+00 6.960243701934814453e+00
5.550981998443603516e+00 -inf 5.550981998443603516e+00 6.975696086883544922e+00 5.478496551513671875e+00 6.961648464202880859e+00
5.543186187744140625e+00 -inf 5.543186187744140625e+00 6.976213932037353516e+00 5.438333511352539062e+00 6.963440895080566406e+00
5.538171768188476562e+00 -inf 5.538171768188476562e+00 6.976515293121337891e+00 5.371372699737548828e+00 6.965597629547119141e+00
5.537870407104492188e+00 -inf 5.537870407104492188e+00 6.977334976196289062e+00 5.347985744476318359e+00 6.967017173767089844e+00
5.536268234252929688e+00 -inf 5.536268234252929688e+00 6.978128433227539062e+00 5.321503639221191406e+00 6.968445301055908203e+00
5.533897876739501953e+00 -inf 5.533897876739501953e+00 6.978792190551757812e+00 5.313506126403808594e+00 6.969303131103515625e+00
5.533960342407226562e+00 -inf 5.533960342407226562e+00 6.979189872741699219e+00 5.277400970458984375e+00 6.970473289489746094e+00
5.536588668823242188e+00 -inf 5.536588668823242188e+00 6.979543685913085938e+00 5.273695945739746094e+00 6.970910072326660156e+00
5.543464183807373047e+00 -inf 5.543464183807373047e+00 6.979863166809082031e+00 5.302759170532226562e+00 6.970631599426269531e+00
5.552199840545654297e+00 -inf 5.552199840545654297e+00 6.979986667633056641e+00 5.363871574401855469e+00 6.969344615936279297e+00
5.562348365783691406e+00 -inf 5.562348365783691406e+00 6.980016708374023438e+00 5.428023815155029297e+00 6.967659473419189453e+00
5.573965072631835938e+00 -inf 5.573965072631835938e+00 6.979815959930419922e+00 5.480222702026367188e+00 6.965847969055175781e+00
5.583014488220214844e+00 -inf 5.583014488220214844e+00 6.979693889617919922e+00 5.537882328033447266e+00 6.963700294494628906e+00
5.595751285552978516e+00 -inf 5.595751285552978516e+00 6.979407787322998047e+00 5.596687793731689453e+00 6.961032867431640625e+00
5.611899375915527344e+00 -inf 5.611899375915527344e+00 6.978949546813964844e+00 5.656679153442382812e+00 6.957763195037841797e+00
5.625417232513427734e+00 -inf 5.625417232513427734e+00 6.978579044342041016e+00 5.697624206542968750e+00 6.955220222473144531e+00
5.637804508209228516e+00 -inf 5.637804508209228516e+00 6.978229045867919922e+00 5.749395847320556641e+00 6.951798439025878906e+00
5.649547100067138672e+00 -inf 5.649547100067138672e+00 6.977900505065917969e+00 5.810756206512451172e+00 6.947290420532226562e+00
5.661897659301757812e+00 -inf 5.661897659301757812e+00 6.976847648620605469e+00 5.850939273834228516e+00 6.943068504333496094e+00
5.676664352416992188e+00 -inf 5.676664352416992188e+00 6.975986480712890625e+00 5.900514602661132812e+00 6.937859535217285156e+00
5.693233966827392578e+00 -inf 5.693233966827392578e+00 6.975200653076171875e+00 5.949090480804443359e+00 6.932249069213867188e+00
5.712857246398925781e+00 -inf 5.712857246398925781e+00 6.973925590515136719e+00 5.983333587646484375e+00 6.927109718322753906e+00
5.729022979736328125e+00 -inf 5.729022979736328125e+00 6.972490310668945312e+00 6.016159057617187500e+00 6.921599388122558594e+00
5.747568607330322266e+00 -inf 5.747568607330322266e+00 6.970877170562744141e+00 6.026150226593017578e+00 6.918519973754882812e+00
5.748771667480468750e+00 -inf 5.748771667480468750e+00 6.970817089080810547e+00 6.026360511779785156e+00 6.918426513671875000e+00
5.779307842254638672e+00 -inf 5.779307842254638672e+00 6.966558456420898438e+00 6.020619392395019531e+00 6.914357662200927734e+00
5.792788982391357422e+00 -inf 5.792788982391357422e+00 6.964433193206787109e+00 5.983582496643066406e+00 6.916496276855468750e+00
5.804753780364990234e+00 -inf 5.804753780364990234e+00 6.963766574859619141e+00 5.940208435058593750e+00 6.920549392700195312e+00
5.818832397460937500e+00 -inf 5.818832397460937500e+00 6.962059974670410156e+00 5.880546092987060547e+00 6.924483299255371094e+00
5.831658363342285156e+00 -inf 5.831658363342285156e+00 6.960570812225341797e+00 5.827408313751220703e+00 6.927371978759765625e+00
5.841965675354003906e+00 -inf 5.841965675354003906e+00 6.959585189819335938e+00 5.784460067749023438e+00 6.929552555084228516e+00
5.852043151855468750e+00 -inf 5.852043151855468750e+00 6.958449363708496094e+00 5.735797405242919922e+00 6.931628227233886719e+00
5.863568782806396484e+00 -inf 5.863568782806396484e+00 6.957627296447753906e+00 5.694634437561035156e+00 6.933252811431884766e+00
5.873961448669433594e+00 -inf 5.873961448669433594e+00 6.956552028656005859e+00 5.662500381469726562e+00 6.933905601501464844e+00
5.888398170471191406e+00 -inf 5.888398170471191406e+00 6.955393314361572266e+00 5.629297256469726562e+00 6.934397220611572266e+00
5.909557819366455078e+00 -inf 5.909557819366455078e+00 6.953184127807617188e+00 5.605462551116943359e+00 6.933232784271240234e+00
5.938881874084472656e+00 -inf 5.938881874084472656e+00 6.950176239013671875e+00 5.588742733001708984e+00 6.930856704711914062e+00
5.961798191070556641e+00 -inf 5.961798191070556641e+00 6.947750568389892578e+00 5.607866764068603516e+00 6.927425384521484375e+00
5.978812217712402344e+00 -inf 5.978812217712402344e+00 6.945730686187744141e+00 5.616014957427978516e+00 6.924911022186279297e+00
5.995262622833251953e+00 -inf 5.995262622833251953e+00 6.943524360656738281e+00 5.605084896087646484e+00 6.923130512237548828e+00
6.011113643646240234e+00 -inf 6.011113643646240234e+00 6.941199779510498047e+00 5.597058773040771484e+00 6.921077728271484375e+00
6.032983303070068359e+00 -inf 6.032983303070068359e+00 6.938335895538330078e+00 5.593929290771484375e+00 6.918227195739746094e+00
6.060053825378417969e+00 -inf 6.060053825378417969e+00 6.934681892395019531e+00 5.591875553131103516e+00 6.914496898651123047e+00
6.083543300628662109e+00 -inf 6.083543300628662109e+00 6.931460380554199219e+00 5.583123683929443359e+00 6.911536693572998047e+00
6.105521202087402344e+00 -inf 6.105521202087402344e+00 6.928022861480712891e+00 5.562027931213378906e+00 6.908910751342773438e+00
6.124921321868896484e+00 -inf 6.124921321868896484e+00 6.925063133239746094e+00 5.554603576660156250e+00 6.906151294708251953e+00
6.143620491027832031e+00 -inf 6.143620491027832031e+00 6.922042846679687500e+00 5.548620223999023438e+00 6.903261661529541016e+00
6.159739971160888672e+00 -inf 6.159739971160888672e+00 6.919331550598144531e+00 5.545414447784423828e+00 6.900572776794433594e+00
6.172845363616943359e+00 -inf 6.172845363616943359e+00 6.916852474212646484e+00 5.555125713348388672e+00 6.897548198699951172e+00
6.184109687805175781e+00 -inf 6.184109687805175781e+00 6.914842605590820312e+00 5.586139678955078125e+00 6.893974781036376953e+00
6.194845199584960938e+00 -inf 6.194845199584960938e+00 6.912261962890625000e+00 5.600858211517333984e+00 6.890524864196777344e+00
6.204592227935791016e+00 -inf 6.204592227935791016e+00 6.910241603851318359e+00 5.610171794891357422e+00 6.887915611267089844e+00
6.213423252105712891e+00 -inf 6.213423252105712891e+00 6.908426284790039062e+00 5.627157688140869141e+00 6.885085105895996094e+00
6.220663070678710938e+00 -inf 6.220663070678710938e+00 6.906964778900146484e+00 5.644907951354980469e+00 6.882536888122558594e+00
6.227853775024414062e+00 -inf 6.227853775024414062e+00 6.905197143554687500e+00 5.663195610046386719e+00 6.879580020904541016e+00
6.235348701477050781e+00 -inf 6.235348701477050781e+00 6.903478622436523438e+00 5.665369510650634766e+00 6.877624511718750000e+00
6.242804527282714844e+00 -inf 6.242804527282714844e+00 6.901911258697509766e+00 5.673511505126953125e+00 6.875452518463134766e+00
6.249779701232910156e+00 -inf 6.249779701232910156e+00 6.900422573089599609e+00 5.666197299957275391e+00 6.874329090118408203e+00
6.256793498992919922e+00 -inf 6.256793498992919922e+00 6.898535728454589844e+00 5.661408901214599609e+00 6.872620582580566406e+00
6.264366626739501953e+00 -inf 6.264366626739501953e+00 6.896865367889404297e+00 5.650211811065673828e+00 6.871529102325439453e+00
6.270821094512939453e+00 -inf 6.270821094512939453e+00 6.895416259765625000e+00 5.634127140045166016e+00 6.870943546295166016e+00
6.275568962097167969e+00 -inf 6.275568962097167969e+00 6.894353389739990234e+00 5.636930942535400391e+00 6.869655609130859375e+00
6.279240131378173828e+00 -inf 6.279240131378173828e+00 6.893321514129638672e+00 5.641060352325439453e+00 6.868320465087890625e+00
6.281956672668457031e+00 -inf 6.281956672668457031e+00 6.892380237579345703e+00 5.644472599029541016e+00 6.867119789123535156e+00
6.283737659454345703e+00 -inf 6.283737659454345703e+00 6.892005920410156250e+00 5.662911415100097656e+00 6.865592002868652344e+00
6.285251617431640625e+00 -inf 6.285251617431640625e+00 6.891746044158935547e+00 5.685306072235107422e+00 6.863871574401855469e+00
6.287453174591064453e+00 -inf 6.287453174591064453e+00 6.891300678253173828e+00 5.703433036804199219e+00 6.862166881561279297e+00
6.290609836578369141e+00 -inf 6.290609836578369141e+00 6.890638828277587891e+00 5.712110519409179688e+00 6.860848903656005859e+00
6.294404983520507812e+00 -inf 6.294404983520507812e+00 6.889819622039794922e+00 5.726302146911621094e+00 6.858943462371826172e+00
6.299797058105468750e+00 -inf 6.299797058105468750e+00 6.888571262359619141e+00 5.726765155792236328e+00 6.857569217681884766e+00
6.305635929107666016e+00 -inf 6.305635929107666016e+00 6.887188434600830078e+00 5.737040519714355469e+00 6.855311393737792969e+00
6.311339378356933594e+00 -inf 6.311339378356933594e+00 6.885807991027832031e+00 5.739731788635253906e+00 6.853618621826171875e+00
6.317807197570800781e+00 1.724598884582519531e+00 6.317796230316162109e+00 6.884191989898681641e+00 5.737455368041992188e+00 6.852054119110107422e+00
6.325119972229003906e+00 -inf 6.325119972229003906e+00 6.882319927215576172e+00 5.737422466278076172e+00 6.850040435791015625e+00
6.332843780517578125e+00 -inf 6.332843780517578125e+00 6.880305767059326172e+00 5.731695175170898438e+00 6.848310470581054688e+00
6.340845584869384766e+00 -inf 6.340845584869384766e+00 6.878180980682373047e+00 5.748027801513671875e+00 6.844742774963378906e+00
6.348708629608154297e+00 -inf 6.348708629608154297e+00 6.875835895538330078e+00 5.771898269653320312e+00 6.840229511260986328e+00
6.354958534240722656e+00 -inf 6.354958534240722656e+00 6.873888492584228516e+00 5.792500019073486328e+00 6.836300373077392578e+00
6.358930110931396484e+00 -inf 6.358930110931396484e+00 6.872274398803710938e+00 5.797285079956054688e+00 6.834102630615234375e+00
6.361213207244873047e+00 -inf 6.361213207244873047e+00 6.871746063232421875e+00 5.800848960876464844e+00 6.833196640014648438e+00
6.362091064453125000e+00 -inf 6.362091064453125000e+00 6.871661663055419922e+00 5.801597595214843750e+00 6.833034515380859375e+00
6.360605716705322266e+00 -inf 6.360605716705322266e+00 6.872060775756835938e+00 5.799693584442138672e+00 6.833647251129150391e+00
6.359370231628417969e+00 -inf 6.359370231628417969e+00 6.871467590332031250e+00 5.794731616973876953e+00 6.833456039428710938e+00
6.357870101928710938e+00 -inf 6.357870101928710938e+00 6.872067928314208984e+00 5.795182228088378906e+00 6.834070682525634766e+00
6.355945110321044922e+00 -inf 6.355945110321044922e+00 6.872533321380615234e+00 5.792571544647216797e+00 6.834815979003906250e+00
6.353458404541015625e+00 -inf 6.353458404541015625e+00 6.873500347137451172e+00 5.786488056182861328e+00 6.836417675018310547e+00
6.350646972656250000e+00 -inf 6.350646972656250000e+00 6.874232292175292969e+00 5.763211250305175781e+00 6.839225292205810547e+00
6.347610950469970703e+00 -inf 6.347610950469970703e+00 6.875253677368164062e+00 5.747889995574951172e+00 6.841591835021972656e+00
6.343752384185791016e+00 -inf 6.343752384185791016e+00 6.876616001129150391e+00 5.747909069061279297e+00 6.843061447143554688e+00
6.340459346771240234e+00 -inf 6.340459346771240234e+00 6.877481460571289062e+00 5.752714633941650391e+00 6.843609333038330078e+00
6.336041450500488281e+00 -inf 6.336041450500488281e+00 6.878699302673339844e+00 5.757466316223144531e+00 6.844538688659667969e+00
6.329046726226806641e+00 -inf 6.329046726226806641e+00 6.880561828613281250e+00 5.768787384033203125e+00 6.845619201660156250e+00
6.320969104766845703e+00 -inf 6.320969104766845703e+00 6.882646560668945312e+00 5.776529312133789062e+00 6.847226142883300781e+00
6.311207294464111328e+00 -inf 6.311207294464111328e+00 6.885486602783203125e+00 5.784295558929443359e+00 6.849644660949707031e+00
6.298204898834228516e+00 -inf 6.298204898834228516e+00 6.888735294342041016e+00 5.790432453155517578e+00 6.852644443511962891e+00
6.282384872436523438e+00 -inf 6.282384872436523438e+00 6.892148494720458984e+00 5.800975799560546875e+00 6.855433464050292969e+00
6.263721466064453125e+00 -inf 6.263721466064453125e+00 6.896360874176025391e+00 5.795433521270751953e+00 6.860495567321777344e+00
6.241891860961914062e+00 -inf 6.241891860961914062e+00 6.900843620300292969e+00 5.773121833801269531e+00 6.867210388183593750e+00
6.221139907836914062e+00 -inf 6.221139907836914062e+00 6.905142307281494141e+00 5.749255657196044922e+00 6.873699188232421875e+00
6.202718734741210938e+00 -inf 6.202718734741210938e+00 6.908812046051025391e+00 5.725828170776367188e+00 6.879336833953857422e+00
6.182228565216064453e+00 -inf 6.182228565216064453e+00 6.912892341613769531e+00 5.708411693572998047e+00 6.884887218475341797e+00
6.159422874450683594e+00 -inf 6.159422874450683594e+00 6.916708946228027344e+00 5.677291870117187500e+00 6.890933990478515625e+00
6.134951591491699219e+00 -inf 6.134951591491699219e+00 6.921011924743652344e+00 5.648298263549804688e+00 6.897192001342773438e+00
6.111045360565185547e+00 -inf 6.111045360565185547e+00 6.924484729766845703e+00 5.632052898406982422e+00 6.901751041412353516e+00
6.086096763610839844e+00 -inf 6.086096763610839844e+00 6.927659034729003906e+00 5.610660076141357422e+00 6.906207084655761719e+00
6.062804698944091797e+00 -inf 6.062804698944091797e+00 6.930627822875976562e+00 5.584986686706542969e+00 6.910576820373535156e+00
6.043989181518554688e+00 -inf 6.043989181518554688e+00 6.933057785034179688e+00 5.568116188049316406e+00 6.913897991180419922e+00
6.025346279144287109e+00 -inf 6.025346279144287109e+00 6.935492515563964844e+00 5.554028511047363281e+00 6.917063236236572266e+00
6.004168510437011719e+00 -inf 6.004168510437011719e+00 6.938141345977783203e+00 5.520808219909667969e+00 6.921203136444091797e+00
5.982567787170410156e+00 -inf 5.982567787170410156e+00 6.940472126007080078e+00 5.482773303985595703e+00 6.925063610076904297e+00
5.964710712432861328e+00 -inf 5.964710712432861328e+00 6.942225456237792969e+00 5.466992378234863281e+00 6.927437305450439453e+00
5.948878765106201172e+00 -inf 5.948878765106201172e+00 6.943647861480712891e+00 5.445524215698242188e+00 6.929630279541015625e+00
5.934089183807373047e+00 -inf 5.934089183807373047e+00 6.944847583770751953e+00 5.423563957214355469e+00 6.931569576263427734e+00
5.919246196746826172e+00 -inf 5.919246196746826172e+00 6.946126461029052734e+00 5.415030002593994141e+00 6.933150291442871094e+00
5.902018070220947266e+00 -inf 5.902018070220947266e+00 6.947635173797607422e+00 5.404383182525634766e+00 6.935021877288818359e+00
5.882949352264404297e+00 -inf 5.882949352264404297e+00 6.949220657348632812e+00 5.373923778533935547e+00 6.937517166137695312e+00
5.861331939697265625e+00 -inf 5.861331939697265625e+00 6.950010299682617188e+00 5.361491680145263672e+00 6.938662052154541016e+00
5.836989402770996094e+00 -inf 5.836989402770996094e+00 6.953200340270996094e+00 5.334245204925537109e+00 6.942628860473632812e+00
5.808030128479003906e+00 -inf 5.808030128479003906e+00 6.955447673797607422e+00 5.334629058837890625e+00 6.944922924041748047e+00
5.774514198303222656e+00 -inf 5.774514198303222656e+00 6.957847595214843750e+00 5.347360610961914062e+00 6.947066307067871094e+00
5.737125396728515625e+00 -inf 5.737125396728515625e+00 6.960298061370849609e+00 5.343847274780273438e+00 6.949665546417236328e+00
5.698482990264892578e+00 -inf 5.698482990264892578e+00 6.962604999542236328e+00 5.369717121124267578e+00 6.951370716094970703e+00
5.660771846771240234e+00 -inf 5.660771846771240234e+00 6.964667320251464844e+00 5.381621837615966797e+00 6.953172683715820312e+00
5.625498294830322266e+00 -inf 5.625498294830322266e+00 6.966436862945556641e+00 5.387763500213623047e+00 6.954824924468994141e+00
5.594252109527587891e+00 -inf 5.594252109527587891e+00 6.967913627624511719e+00 5.427676677703857422e+00 6.955211639404296875e+00
5.559997558593750000e+00 -inf 5.559997558593750000e+00 6.969393730163574219e+00 5.461986064910888672e+00 6.955678462982177734e+00
5.524442195892333984e+00 -inf 5.524442195892333984e+00 6.970556259155273438e+00 5.484684944152832031e+00 6.956131935119628906e+00
5.490094184875488281e+00 -inf 5.490094184875488281e+00 6.971690177917480469e+00 5.512037754058837891e+00 6.956353664398193359e+00
5.456390380859375000e+00 -inf 5.456390380859375000e+00 6.972790241241455078e+00 5.549288272857666016e+00 6.956095695495605469e+00
5.426980972290039062e+00 -inf 5.426980972290039062e+00 6.973700523376464844e+00 5.593613624572753906e+00 6.955211639404296875e+00
5.401335239410400391e+00 -inf 5.401335239410400391e+00 6.974471569061279297e+00 5.640159606933593750e+00 6.953876495361328125e+00
5.377457618713378906e+00 -inf 5.377457618713378906e+00 6.975188732147216797e+00 5.698264122009277344e+00 6.951605319976806641e+00
5.354867935180664062e+00 -inf 5.354867935180664062e+00 6.975832462310791016e+00 5.757281780242919922e+00 6.948749542236328125e+00
5.351483821868896484e+00 -inf 5.351483821868896484e+00 6.975929737091064453e+00 5.764770507812500000e+00 6.948366641998291016e+00
5.314661502838134766e+00 -inf 5.314661502838134766e+00 6.976954460144042969e+00 5.822303295135498047e+00 6.945418357849121094e+00
5.302009105682373047e+00 -inf 5.302009105682373047e+00 6.977313041687011719e+00 5.851877212524414062e+00 6.943495273590087891e+00
5.293307304382324219e+00 -inf 5.293307304382324219e+00 6.977595329284667969e+00 5.878363609313964844e+00 6.941584587097167969e+00
5.281549930572509766e+00 -inf 5.281549930572509766e+00 6.977784633636474609e+00 5.919401645660400391e+00 6.938054561614990234e+00
5.267807960510253906e+00 -inf 5.267807960510253906e+00 6.977974414825439453e+00 5.944474697113037109e+00 6.935784816741943359e+00
5.255069732666015625e+00 -inf 5.255069732666015625e+00 6.978064537048339844e+00 5.953273773193359375e+00 6.934977054595947266e+00
5.244862079620361328e+00 -inf 5.244862079620361328e+00 6.978075504302978516e+00 5.952206611633300781e+00 6.935099124908447266e+00
5.237183570861816406e+00 -inf 5.237183570861816406e+00 6.977872848510742188e+00 5.951910018920898438e+00 6.934906482696533203e+00
5.233365058898925781e+00 -inf 5.233365058898925781e+00 6.977711200714111328e+00 5.948788166046142578e+00 6.935052394866943359e+00
5.228974342346191406e+00 -inf 5.228974342346191406e+00 6.977520942687988281e+00 5.949105739593505859e+00 6.934808731079101562e+00
5.226453781127929688e+00 -inf 5.226453781127929688e+00 6.977582454681396484e+00 5.953664779663085938e+00 6.934401988983154297e+00
5.230451107025146484e+00 -inf 5.230451107025146484e+00 6.977576732635498047e+00 5.964195728302001953e+00 6.933280944824218750e+00
5.238598823547363281e+00 -inf 5.238598823547363281e+00 6.977345466613769531e+00 5.966653347015380859e+00 6.932759284973144531e+00
5.244852066040039062e+00 -inf 5.244852066040039062e+00 6.977053642272949219e+00 5.973552227020263672e+00 6.931684970855712891e+00
5.247290134429931641e+00 -inf 5.247290134429931641e+00 6.976684093475341797e+00 5.987757205963134766e+00 6.929678916931152344e+00
5.256862640380859375e+00 -inf 5.256862640380859375e+00 6.976537704467773438e+00 6.013259887695312500e+00 6.926501274108886719e+00
5.264719009399414062e+00 -inf 5.264719009399414062e+00 6.976076126098632812e+00 6.034548759460449219e+00 6.923307418823242188e+00
5.272065162658691406e+00 -inf 5.272065162658691406e+00 6.975436210632324219e+00 6.053476333618164062e+00 6.920075416564941406e+00
5.283648490905761719e+00 -inf 5.283648490905761719e+00 6.974928379058837891e+00 6.069174289703369141e+00 6.917315483093261719e+00
5.293876647949218750e+00 -inf 5.293876647949218750e+00 6.974151611328125000e+00 6.079009056091308594e+00 6.915011405944824219e+00
5.298236846923828125e+00 -inf 5.298236846923828125e+00 6.974040031433105469e+00 6.082053661346435547e+00 6.914439201354980469e+00
5.300501346588134766e+00 -inf 5.300501346588134766e+00 6.973452091217041016e+00 6.090148925781250000e+00 6.912560462951660156e+00
5.302679061889648438e+00 -inf 5.302679061889648438e+00 6.973131656646728516e+00 6.097918510437011719e+00 6.911007404327392578e+00
5.304255008697509766e+00 -inf 5.304255008697509766e+00 6.972155570983886719e+00 6.095067024230957031e+00 6.910319328308105469e+00
5.305475711822509766e+00 -inf 5.305475711822509766e+00 6.971905708312988281e+00 6.086151599884033203e+00 6.911379814147949219e+00
5.305569648742675781e+00 -inf 5.305569648742675781e+00 6.971833705902099609e+00 6.072997570037841797e+00 6.913231372833251953e+00
5.308333396911621094e+00 -inf 5.308333396911621094e+00 6.971351623535156250e+00 6.054676055908203125e+00 6.915267467498779297e+00
5.315690994262695312e+00 -inf 5.315690994262695312e+00 6.970826625823974609e+00 6.040359497070312500e+00 6.916608333587646484e+00
5.327723503112792969e+00 -inf 5.327723503112792969e+00 6.970006465911865234e+00 6.026802539825439453e+00 6.917452812194824219e+00
5.341063022613525391e+00 -inf 5.341063022613525391e+00 6.969252109527587891e+00 6.015463829040527344e+00 6.918042659759521484e+00
5.352331161499023438e+00 -inf 5.352331161499023438e+00 6.968739032745361328e+00 6.009910583496093750e+00 6.918156623840332031e+00
5.364517211914062500e+00 -inf 5.364517211914062500e+00 6.968344211578369141e+00 6.000918865203857422e+00 6.918810844421386719e+00
5.373383045196533203e+00 -inf 5.373383045196533203e+00 6.967571735382080078e+00 5.989105224609375000e+00 6.919354915618896484e+00
5.381711483001708984e+00 -inf 5.381711483001708984e+00 6.966999530792236328e+00 5.971505165100097656e+00 6.920737266540527344e+00
5.387639045715332031e+00 -inf 5.387639045715332031e+00 6.966683387756347656e+00 5.958838462829589844e+00 6.921787261962890625e+00
5.392229080200195312e+00 -inf 5.392229080200195312e+00 6.965550899505615234e+00 5.940276622772216797e+00 6.922513008117675781e+00
5.398776531219482422e+00 -inf 5.398776531219482422e+00 6.965187549591064453e+00 5.929868221282958984e+00 6.923182964324951172e+00
5.407032966613769531e+00 -inf 5.407032966613769531e+00 6.964847087860107422e+00 5.928723812103271484e+00 6.922924995422363281e+00
5.414537429809570312e+00 -inf 5.414537429809570312e+00 6.964067459106445312e+00 5.924685001373291016e+00 6.922473430633544922e+00
5.425415992736816406e+00 -inf 5.425415992736816406e+00 6.963685989379882812e+00 5.927318572998046875e+00 6.921787738800048828e+00
5.438941001892089844e+00 -inf 5.438941001892089844e+00 6.962900638580322266e+00 5.929525375366210938e+00 6.920696735382080078e+00
5.454206943511962891e+00 -inf 5.454206943511962891e+00 6.962398529052734375e+00 5.924805164337158203e+00 6.920624256134033203e+00
5.472207546234130859e+00 -inf 5.472207546234130859e+00 6.961785793304443359e+00 5.918374538421630859e+00 6.920594692230224609e+00
5.487110614776611328e+00 -inf 5.487110614776611328e+00 6.961225032806396484e+00 5.910760879516601562e+00 6.920729637145996094e+00
5.503996849060058594e+00 -inf 5.503996849060058594e+00 6.960356235504150391e+00 5.903018951416015625e+00 6.920526504516601562e+00
5.518229007720947266e+00 -inf 5.518229007720947266e+00 6.959723472595214844e+00 5.917125701904296875e+00 6.918452739715576172e+00
5.533944606781005859e+00 -inf 5.533944606781005859e+00 6.959063529968261719e+00 5.937837123870849609e+00 6.915601253509521484e+00
5.556224346160888672e+00 -inf 5.556224346160888672e+00 6.958114147186279297e+00 5.953393459320068359e+00 6.912877559661865234e+00
5.573929309844970703e+00 -inf 5.573929309844970703e+00 6.957114696502685547e+00 5.965919494628906250e+00 6.910367965698242188e+00
5.592485904693603516e+00 -inf 5.592485904693603516e+00 6.956285953521728516e+00 5.983026027679443359e+00 6.907453060150146484e+00
5.610140323638916016e+00 -inf 5.610140323638916016e+00 6.955454349517822266e+00 5.993593215942382812e+00 6.905243873596191406e+00
5.628918170928955078e+00 -inf 5.628918170928955078e+00 6.954502105712890625e+00 6.004974365234375000e+00 6.902757644653320312e+00
5.647632122039794922e+00 -inf 5.647632122039794922e+00 6.953520774841308594e+00 6.019782543182373047e+00 6.899736881256103516e+00
5.667336463928222656e+00 -inf 5.667336463928222656e+00 6.952466487884521484e+00 6.036254405975341797e+00 6.896317481994628906e+00
5.683847904205322266e+00 -inf 5.683847904205322266e+00 6.951384544372558594e+00 6.050053119659423828e+00 6.893140792846679688e+00
5.698472499847412109e+00 -inf 5.698472499847412109e+00 6.950298786163330078e+00 6.059900760650634766e+00 6.890463352203369141e+00
5.715178489685058594e+00 -inf 5.715178489685058594e+00 6.948983669281005859e+00 6.069311141967773438e+00 6.887541770935058594e+00
5.730138778686523438e+00 -inf 5.730138778686523438e+00 6.947562217712402344e+00 6.084843158721923828e+00 6.883483886718750000e+00
5.744624137878417969e+00 -inf 5.744624137878417969e+00 6.945967197418212891e+00 6.094951152801513672e+00 6.879999160766601562e+00
5.762286186218261719e+00 -inf 5.762286186218261719e+00 6.944500923156738281e+00 6.099510192871093750e+00 6.877536773681640625e+00
5.780651569366455078e+00 -inf 5.780651569366455078e+00 6.942466259002685547e+00 6.089340209960937500e+00 6.876843929290771484e+00
5.799264430999755859e+00 -inf 5.799264430999755859e+00 6.940310955047607422e+00 6.079699993133544922e+00 6.875896930694580078e+00
5.819929599761962891e+00 -inf 5.819929599761962891e+00 6.937276363372802734e+00 6.056177139282226562e+00 6.876050472259521484e+00
5.837502002716064453e+00 -inf 5.837502002716064453e+00 6.934575557708740234e+00 6.012694835662841797e+00 6.879203796386718750e+00
5.849669933319091797e+00 -inf 5.849669933319091797e+00 6.932770729064941406e+00 5.960971355438232422e+00 6.883763790130615234e+00
5.857755184173583984e+00 -inf 5.857755184173583984e+00 6.930958271026611328e+00 5.900247573852539062e+00 6.888482570648193359e+00
5.866783142089843750e+00 -inf 5.866783142089843750e+00 6.929719448089599609e+00 5.847405433654785156e+00 6.892215251922607422e+00
5.874663829803466797e+00 -inf 5.874663829803466797e+00 6.927359104156494141e+00 5.780304431915283203e+00 6.895246028900146484e+00
5.882997512817382812e+00 -inf 5.882997512817382812e+00 6.925977230072021484e+00 5.731658458709716797e+00 6.897287368774414062e+00
5.892251968383789062e+00 -inf 5.892251968383789062e+00 6.924486637115478516e+00 5.697796821594238281e+00 6.897921562194824219e+00
5.902535438537597656e+00 -inf 5.902535438537597656e+00 6.922899723052978516e+00 5.667356491088867188e+00 6.898091316223144531e+00
5.908554553985595703e+00 -inf 5.908554553985595703e+00 6.921501159667968750e+00 5.647969722747802734e+00 6.897728443145751953e+00
5.913125038146972656e+00 -inf 5.913125038146972656e+00 6.920062065124511719e+00 5.636056423187255859e+00 6.896871089935302734e+00
5.919110298156738281e+00 -inf 5.919110298156738281e+00 6.918980121612548828e+00 5.631914138793945312e+00 6.895956039428710938e+00
5.925642967224121094e+00 -inf 5.925642967224121094e+00 6.917955875396728516e+00 5.632978439331054688e+00 6.894818782806396484e+00
5.932097911834716797e+00 -inf 5.932097911834716797e+00 6.916841030120849609e+00 5.649750232696533203e+00 6.892702102661132812e+00
5.936846733093261719e+00 -inf 5.936846733093261719e+00 6.915858745574951172e+00 5.665677547454833984e+00 6.890733242034912109e+00
5.941693305969238281e+00 -inf 5.941693305969238281e+00 6.914987087249755859e+00 5.687189579010009766e+00 6.888492107391357422e+00
5.948397159576416016e+00 -inf 5.948397159576416016e+00 6.913975715637207031e+00 5.721629142761230469e+00 6.885150909423828125e+00
5.958223819732666016e+00 -inf 5.958223819732666016e+00 6.912604808807373047e+00 5.746716976165771484e+00 6.881903171539306641e+00
5.968563079833984375e+00 -inf 5.968563079833984375e+00 6.911186695098876953e+00 5.768453598022460938e+00 6.878739833831787109e+00
5.978418350219726562e+00 -inf 5.978418350219726562e+00 6.909875869750976562e+00 5.805741310119628906e+00 6.874287128448486328e+00
5.987441539764404297e+00 -inf 5.987441539764404297e+00 6.908657550811767578e+00 5.843963146209716797e+00 6.869527816772460938e+00
5.996694564819335938e+00 -inf 5.996694564819335938e+00 6.907126903533935547e+00 5.879315376281738281e+00 6.864351749420166016e+00
6.007596492767333984e+00 -inf 6.007596492767333984e+00 6.905638217926025391e+00 5.916339397430419922e+00 6.858675956726074219e+00
6.021869182586669922e+00 -inf 6.021869182586669922e+00 6.903671741485595703e+00 5.952384948730468750e+00 6.852148532867431641e+00
6.032431602478027344e+00 -inf 6.032431602478027344e+00 6.901472091674804688e+00 5.970396041870117188e+00 6.847334384918212891e+00
6.040968418121337891e+00 -inf 6.040968418121337891e+00 6.899308681488037109e+00 5.981943130493164062e+00 6.843318939208984375e+00
6.050766468048095703e+00 -inf 6.050766468048095703e+00 6.897003650665283203e+00 5.984565734863281250e+00 6.840331077575683594e+00
6.061003208160400391e+00 -inf 6.061003208160400391e+00 6.895311355590820312e+00 5.990232944488525391e+00 6.837602615356445312e+00
6.072799205780029297e+00 -inf 6.072799205780029297e+00 6.892158508300781250e+00 5.973673343658447266e+00 6.836323261260986328e+00
6.086607933044433594e+00 -inf 6.086607933044433594e+00 6.889127254486083984e+00 5.947370052337646484e+00 6.836387634277343750e+00
6.100683212280273438e+00 -inf 6.100683212280273438e+00 6.885709762573242188e+00 5.911816120147705078e+00 6.836951255798339844e+00
6.113989353179931641e+00 -inf 6.113989353179931641e+00 6.882976055145263672e+00 5.870068073272705078e+00 6.838630199432373047e+00
6.127327919006347656e+00 -inf 6.127327919006347656e+00 6.879037857055664062e+00 5.816955566406250000e+00 6.839660644531250000e+00
6.142487525939941406e+00 -inf 6.142487525939941406e+00 6.876330375671386719e+00 5.750806331634521484e+00 6.842518806457519531e+00
6.154793739318847656e+00 -inf 6.154793739318847656e+00 6.873814105987548828e+00 5.687384605407714844e+00 6.844579696655273438e+00
6.164971828460693359e+00 -inf 6.164971828460693359e+00 6.871889591217041016e+00 5.640786170959472656e+00 6.845601558685302734e+00
6.174021720886230469e+00 -inf 6.174021720886230469e+00 6.870175838470458984e+00 5.610003948211669922e+00 6.845638751983642578e+00
6.183078289031982422e+00 -inf 6.183078289031982422e+00 6.868010044097900391e+00 5.584390640258789062e+00 6.844797134399414062e+00
6.192484855651855469e+00 -inf 6.192484855651855469e+00 6.866118907928466797e+00 5.572382450103759766e+00 6.843454837799072266e+00
6.202059268951416016e+00 -inf 6.202059268951416016e+00 6.864150524139404297e+00 5.573110580444335938e+00 6.841341972351074219e+00
6.210827827453613281e+00 -inf 6.210827827453613281e+00 6.862158298492431641e+00 5.569692134857177734e+00 6.839426517486572266e+00
6.218864440917968750e+00 -inf 6.218864440917968750e+00 6.860426902770996094e+00 5.573896408081054688e+00 6.837373256683349609e+00
6.225451946258544922e+00 -inf 6.225451946258544922e+00 6.858677387237548828e+00 5.573996067047119141e+00 6.835523128509521484e+00
6.231742382049560547e+00 -inf 6.231742382049560547e+00 6.857219696044921875e+00 5.583259582519531250e+00 6.833470821380615234e+00
6.236128807067871094e+00 -inf 6.236128807067871094e+00 6.855879306793212891e+00 5.585239410400390625e+00 6.831943511962890625e+00
6.240212440490722656e+00 -inf 6.240212440490722656e+00 6.854652881622314453e+00 5.587120056152343750e+00 6.830540657043457031e+00
6.245158195495605469e+00 -inf 6.245158195495605469e+00 6.853421211242675781e+00 5.598154544830322266e+00 6.828597068786621094e+00
6.250384807586669922e+00 -inf 6.250384807586669922e+00 6.851218700408935547e+00 5.592497825622558594e+00 6.826597690582275391e+00
