5.572837352752685547e+00 -inf 5.572837352752685547e+00 6.968104839324951172e+00 6.026178359985351562e+00 6.915387630462646484e+00
5.569150924682617188e+00 -inf 5.569150924682617188e+00 6.967716217041015625e+00 6.011247634887695312e+00 6.916841030120849609e+00
5.561590194702148438e+00 -inf 5.561590194702148438e+00 6.967503547668457031e+00 6.003104209899902344e+00 6.917603492736816406e+00
5.557987213134765625e+00 -inf 5.557987213134765625e+00 6.966830253601074219e+00 5.990088462829589844e+00 6.918409347534179688e+00
5.549620628356933594e+00 -inf 5.549620628356933594e+00 6.966702461242675781e+00 5.982571601867675781e+00 6.919145584106445312e+00
5.541579723358154297e+00 -inf 5.541579723358154297e+00 6.966986179351806641e+00 5.963219165802001953e+00 6.921645164489746094e+00
5.529218673706054688e+00 -inf 5.529218673706054688e+00 6.965404510498046875e+00 5.950102806091308594e+00 6.921314716339111328e+00
5.518200874328613281e+00 -inf 5.518200874328613281e+00 6.964612007141113281e+00 5.935753345489501953e+00 6.921946048736572266e+00
5.509292602539062500e+00 -inf 5.509292602539062500e+00 6.964674949645996094e+00 5.927851200103759766e+00 6.922822475433349609e+00
5.503829479217529297e+00 -inf 5.503829479217529297e+00 6.964015960693359375e+00 5.950400829315185547e+00 6.919744968414306641e+00
5.505080699920654297e+00 -inf 5.505080699920654297e+00 6.965203285217285156e+00 5.974473953247070312e+00 6.918403148651123047e+00
5.507225036621093750e+00 -inf 5.507225036621093750e+00 6.965772628784179688e+00 6.011394500732421875e+00 6.914637088775634766e+00
5.498682975769042969e+00 -inf 5.498682975769042969e+00 6.966354846954345703e+00 6.053620338439941406e+00 6.909723281860351562e+00
5.506575584411621094e+00 -inf 5.506575584411621094e+00 6.966364860534667969e+00 6.089301586151123047e+00 6.904523849487304688e+00
5.522456169128417969e+00 -inf 5.522456169128417969e+00 6.966688632965087891e+00 6.125720500946044922e+00 6.899049758911132812e+00
5.532480239868164062e+00 -inf 5.532480239868164062e+00 6.967275619506835938e+00 6.156095504760742188e+00 6.894409179687500000e+00
5.536221504211425781e+00 -inf 5.536221504211425781e+00 6.967860221862792969e+00 6.177206993103027344e+00 6.891136646270751953e+00
5.545710563659667969e+00 -inf 5.545710563659667969e+00 6.968266963958740234e+00 6.195213794708251953e+00 6.888059139251708984e+00
5.544251918792724609e+00 -inf 5.544251918792724609e+00 6.969306945800781250e+00 6.210244655609130859e+00 6.886205196380615234e+00
5.550530910491943359e+00 -inf 5.550530910491943359e+00 6.969569206237792969e+00 6.222013473510742188e+00 6.884001731872558594e+00
5.557832241058349609e+00 -inf 5.557832241058349609e+00 6.969508647918701172e+00 6.231364250183105469e+00 6.881864547729492188e+00
5.565845489501953125e+00 -inf 5.565845489501953125e+00 6.969538211822509766e+00 6.243629932403564453e+00 6.879109382629394531e+00
5.579412460327148438e+00 -inf 5.579412460327148438e+00 6.969248771667480469e+00 6.252474308013916016e+00 6.876677989959716797e+00
5.593126773834228516e+00 -inf 5.593126773834228516e+00 6.969563961029052734e+00 6.263947010040283203e+00 6.874299526214599609e+00
5.609334945678710938e+00 -inf 5.609334945678710938e+00 6.969067096710205078e+00 6.268213748931884766e+00 6.872627258300781250e+00
5.620753288269042969e+00 -inf 5.620753288269042969e+00 6.968400478363037109e+00 6.258810997009277344e+00 6.874105453491210938e+00
5.633685111999511719e+00 -inf 5.633685111999511719e+00 6.967338085174560547e+00 6.231822490692138672e+00 6.879103183746337891e+00
5.648080348968505859e+00 -inf 5.648080348968505859e+00 6.967299461364746094e+00 6.187095165252685547e+00 6.888527393341064453e+00
5.656727313995361328e+00 -inf 5.656727313995361328e+00 6.967426300048828125e+00 6.141204357147216797e+00 6.897252559661865234e+00
5.660940170288085938e+00 -inf 5.660940170288085938e+00 6.966406345367431641e+00 6.094852924346923828e+00 6.903716087341308594e+00
5.660663127899169922e+00 -inf 5.660663127899169922e+00 6.966732501983642578e+00 6.061977863311767578e+00 6.908977985382080078e+00
5.658826828002929688e+00 -inf 5.658826828002929688e+00 6.966214656829833984e+00 6.033075332641601562e+00 6.912351131439208984e+00
5.656880378723144531e+00 -inf 5.656880378723144531e+00 6.964638233184814453e+00 5.992751121520996094e+00 6.915641784667968750e+00
5.652855396270751953e+00 -inf 5.652855396270751953e+00 6.965165138244628906e+00 5.954984664916992188e+00 6.920524120330810547e+00
5.651212692260742188e+00 -inf 5.651212692260742188e+00 6.965161800384521484e+00 5.897295951843261719e+00 6.926330089569091797e+00
5.644201278686523438e+00 -inf 5.644201278686523438e+00 6.965511798858642578e+00 5.857799053192138672e+00 6.930226325988769531e+00
5.636597633361816406e+00 -inf 5.636597633361816406e+00 6.965218544006347656e+00 5.817014694213867188e+00 6.933192729949951172e+00
5.627484321594238281e+00 -inf 5.627484321594238281e+00 6.964903354644775391e+00 5.753580093383789062e+00 6.937350749969482422e+00
5.618324756622314453e+00 -inf 5.618324756622314453e+00 6.965683460235595703e+00 5.658833503723144531e+00 6.943711280822753906e+00
5.607150554656982422e+00 -inf 5.607150554656982422e+00 6.966259479522705078e+00 5.579026699066162109e+00 6.948078632354736328e+00
5.591019630432128906e+00 -inf 5.591019630432128906e+00 6.966645240783691406e+00 5.514399051666259766e+00 6.951038360595703125e+00
5.584995746612548828e+00 -inf 5.584995746612548828e+00 6.967241764068603516e+00 5.500340938568115234e+00 6.952161788940429688e+00
5.575109958648681641e+00 -inf 5.575109958648681641e+00 6.967967987060546875e+00 5.537587642669677734e+00 6.951539993286132812e+00
5.567100524902343750e+00 -inf 5.567100524902343750e+00 6.968370437622070312e+00 5.628302097320556641e+00 6.948054790496826172e+00
5.553964614868164062e+00 -inf 5.553964614868164062e+00 6.969408988952636719e+00 5.737997531890869141e+00 6.943140029907226562e+00
5.533768653869628906e+00 -inf 5.533768653869628906e+00 6.970252513885498047e+00 5.836557388305664062e+00 6.937096118927001953e+00
5.509884834289550781e+00 -inf 5.509884834289550781e+00 6.971093177795410156e+00 5.904505252838134766e+00 6.932141304016113281e+00
5.480806350708007812e+00 -inf 5.480806350708007812e+00 6.972720146179199219e+00 5.948992252349853516e+00 6.929520606994628906e+00
5.448240756988525391e+00 -inf 5.448240756988525391e+00 6.973897933959960938e+00 5.986624240875244141e+00 6.926703453063964844e+00
5.416144371032714844e+00 -inf 5.416144371032714844e+00 6.974882602691650391e+00 6.028966903686523438e+00 6.922677516937255859e+00
5.381845951080322266e+00 -inf 5.381845951080322266e+00 6.975750446319580078e+00 6.082196235656738281e+00 6.916378974914550781e+00
5.346077919006347656e+00 -inf 5.346077919006347656e+00 6.976343154907226562e+00 6.140875339508056641e+00 6.907770156860351562e+00
5.297883510589599609e+00 -inf 5.297883510589599609e+00 6.977362632751464844e+00 6.198647975921630859e+00 6.898293972015380859e+00
5.253237724304199219e+00 -inf 5.253237724304199219e+00 6.978321552276611328e+00 6.232112407684326172e+00 6.892460823059082031e+00
5.208201885223388672e+00 -inf 5.208201885223388672e+00 6.978972434997558594e+00 6.249420166015625000e+00 6.889383792877197266e+00
5.156325817108154297e+00 -inf 5.156325817108154297e+00 6.980360031127929688e+00 6.274133682250976562e+00 6.885244846343994141e+00
5.119646072387695312e+00 -inf 5.119646072387695312e+00 6.981138706207275391e+00 6.311686038970947266e+00 6.876524925231933594e+00
5.087572097778320312e+00 -inf 5.087572097778320312e+00 6.981889724731445312e+00 6.353624820709228516e+00 6.865345954895019531e+00
5.056413173675537109e+00 -inf 5.056413173675537109e+00 6.982139110565185547e+00 6.396199703216552734e+00 6.851691722869873047e+00
5.012000560760498047e+00 -inf 5.012000560760498047e+00 6.982376098632812500e+00 6.425425529479980469e+00 6.841295719146728516e+00
4.970421791076660156e+00 -inf 4.970421791076660156e+00 6.982657909393310547e+00 6.440337181091308594e+00 6.835829257965087891e+00
4.909275054931640625e+00 -inf 4.909275054931640625e+00 6.982882499694824219e+00 6.447881698608398438e+00 6.833073616027832031e+00
4.893329620361328125e+00 -inf 4.893329620361328125e+00 6.983014106750488281e+00 6.453627586364746094e+00 6.830871582031250000e+00
4.843678474426269531e+00 -inf 4.843678474426269531e+00 6.983034610748291016e+00 6.460550308227539062e+00 6.827963352203369141e+00
4.802695751190185547e+00 -inf 4.802695751190185547e+00 6.983681678771972656e+00 6.473593235015869141e+00 6.823180675506591797e+00
4.734062194824218750e+00 -inf 4.734062194824218750e+00 6.983487606048583984e+00 6.488943099975585938e+00 6.815852642059326172e+00
4.681991577148437500e+00 -inf 4.681991577148437500e+00 6.983609676361083984e+00 6.502953052520751953e+00 6.809275150299072266e+00
4.612876892089843750e+00 -inf 4.612876892089843750e+00 6.983215332031250000e+00 6.509544372558593750e+00 6.805388450622558594e+00
4.539151668548583984e+00 -inf 4.539151668548583984e+00 6.983144760131835938e+00 6.501079559326171875e+00 6.809504032135009766e+00
4.488803863525390625e+00 -inf 4.488803863525390625e+00 6.983361721038818359e+00 6.482808589935302734e+00 6.818529129028320312e+00
4.445661544799804688e+00 -inf 4.445661544799804688e+00 6.983512878417968750e+00 6.462650775909423828e+00 6.827743530273437500e+00
4.367198944091796875e+00 -inf 4.367198944091796875e+00 6.983001232147216797e+00 6.445231914520263672e+00 6.834327697753906250e+00
4.345461845397949219e+00 -inf 4.345461845397949219e+00 6.981685638427734375e+00 6.427378654479980469e+00 6.839586257934570312e+00
4.332935333251953125e+00 -inf 4.332935333251953125e+00 6.981902122497558594e+00 6.400261878967285156e+00 6.849937915802001953e+00
4.309303283691406250e+00 -inf 4.309303283691406250e+00 6.981719017028808594e+00 6.363992214202880859e+00 6.861879348754882812e+00
4.282168865203857422e+00 -inf 4.282168865203857422e+00 6.982210159301757812e+00 6.319637775421142578e+00 6.875703334808349609e+00
4.247176647186279297e+00 -inf 4.247176647186279297e+00 6.980116367340087891e+00 6.267584800720214844e+00 6.886531352996826172e+00
4.238204956054687500e+00 -inf 4.238204956054687500e+00 6.980504512786865234e+00 6.223104000091552734e+00 6.897051334381103516e+00
4.217684745788574219e+00 -inf 4.217684745788574219e+00 6.979530334472656250e+00 6.189227581024169922e+00 6.902739048004150391e+00
4.171672344207763672e+00 -inf 4.171672344207763672e+00 6.978377342224121094e+00 6.149360656738281250e+00 6.908691406250000000e+00
4.156419277191162109e+00 -inf 4.156419277191162109e+00 6.978497982025146484e+00 6.117982387542724609e+00 6.914068222045898438e+00
4.147544384002685547e+00 -inf 4.147544384002685547e+00 6.978563308715820312e+00 6.085958957672119141e+00 6.919052600860595703e+00
4.152331829071044922e+00 -inf 4.152331829071044922e+00 6.978665828704833984e+00 6.073550224304199219e+00 6.920962333679199219e+00
4.153378486633300781e+00 -inf 4.153378486633300781e+00 6.977605819702148438e+00 6.083325386047363281e+00 6.918340682983398438e+00
4.146698951721191406e+00 -inf 4.146698951721191406e+00 6.977072238922119141e+00 6.098245143890380859e+00 6.915500640869140625e+00
4.137468338012695312e+00 -inf 4.137468338012695312e+00 6.977005481719970703e+00 6.090257167816162109e+00 6.916627883911132812e+00
4.117786884307861328e+00 -inf 4.117786884307861328e+00 6.976447105407714844e+00 6.051895618438720703e+00 6.921436309814453125e+00
4.096257686614990234e+00 -inf 4.096257686614990234e+00 6.975330829620361328e+00 5.996354103088378906e+00 6.927173614501953125e+00
4.076930999755859375e+00 -inf 4.076930999755859375e+00 6.974617958068847656e+00 5.934473514556884766e+00 6.933100700378417969e+00
4.055103302001953125e+00 -inf 4.055103302001953125e+00 6.974967479705810547e+00 5.873515129089355469e+00 6.939148426055908203e+00
4.024071216583251953e+00 -inf 4.024071216583251953e+00 6.974822521209716797e+00 5.825239181518554688e+00 6.942902565002441406e+00
4.016067028045654297e+00 -inf 4.016067028045654297e+00 6.974861145019531250e+00 5.770134449005126953e+00 6.946872711181640625e+00
3.965252637863159180e+00 -inf 3.965252637863159180e+00 6.974693775177001953e+00 5.757891178131103516e+00 6.947498321533203125e+00
3.900405645370483398e+00 -inf 3.900405645370483398e+00 6.975081443786621094e+00 5.789231300354003906e+00 6.945806980133056641e+00
3.989307403564453125e+00 -inf 3.989307403564453125e+00 6.975120067596435547e+00 5.822327613830566406e+00 6.943444252014160156e+00
4.023097038269042969e+00 -inf 4.023097038269042969e+00 6.975008010864257812e+00 5.841469287872314453e+00 6.941839694976806641e+00
4.044704437255859375e+00 -inf 4.044704437255859375e+00 6.974928379058837891e+00 5.884359836578369141e+00 6.938159942626953125e+00
4.116294860839843750e+00 -inf 4.116294860839843750e+00 6.974744319915771484e+00 5.916725635528564453e+00 6.934979915618896484e+00
4.197199344635009766e+00 -inf 4.197199344635009766e+00 6.974843025207519531e+00 5.943538665771484375e+00 6.932428836822509766e+00
4.228004455566406250e+00 -inf 4.228004455566406250e+00 6.974279403686523438e+00 5.988412380218505859e+00 6.926922798156738281e+00
4.281163692474365234e+00 -inf 4.281163692474365234e+00 6.974304199218750000e+00 6.032244682312011719e+00 6.921604633331298828e+00
4.366007804870605469e+00 -inf 4.366007804870605469e+00 6.974643230438232422e+00 6.078776359558105469e+00 6.915609836578369141e+00
4.380096435546875000e+00 -inf 4.380096435546875000e+00 6.974432468414306641e+00 6.127402782440185547e+00 6.907806396484375000e+00
4.448992729187011719e+00 -inf 4.448992729187011719e+00 6.974040985107421875e+00 6.169142246246337891e+00 6.900017261505126953e+00
4.513884067535400391e+00 -inf 4.513884067535400391e+00 6.974090099334716797e+00 6.205689430236816406e+00 6.892931938171386719e+00
4.519054412841796875e+00 -inf 4.519054412841796875e+00 6.973164558410644531e+00 6.230872631072998047e+00 6.886441707611083984e+00
4.564007759094238281e+00 -inf 4.564007759094238281e+00 6.973142623901367188e+00 6.247453689575195312e+00 6.882662773132324219e+00
4.607249736785888672e+00 -inf 4.607249736785888672e+00 6.973436355590820312e+00 6.260606765747070312e+00 6.879922866821289062e+00
4.644307136535644531e+00 -inf 4.644307136535644531e+00 6.972778320312500000e+00 6.269898414611816406e+00 6.876840114593505859e+00
4.685683250427246094e+00 -inf 4.685683250427246094e+00 6.973004341125488281e+00 6.283777713775634766e+00 6.873623371124267578e+00
4.721641063690185547e+00 -inf 4.721641063690185547e+00 6.972681045532226562e+00 6.301044940948486328e+00 6.868659496307373047e+00
4.756524085998535156e+00 -inf 4.756524085998535156e+00 6.971995353698730469e+00 6.315813541412353516e+00 6.863695621490478516e+00
4.776865959167480469e+00 -inf 4.776865959167480469e+00 6.972038269042968750e+00 6.328244686126708984e+00 6.860164642333984375e+00
4.799716472625732422e+00 -inf 4.799716472625732422e+00 6.972227096557617188e+00 6.338405609130859375e+00 6.857379436492919922e+00
4.818634033203125000e+00 -inf 4.818634033203125000e+00 6.971534729003906250e+00 6.340801715850830078e+00 6.855747699737548828e+00
4.835334300994873047e+00 -inf 4.835334300994873047e+00 6.971556186676025391e+00 6.342501163482666016e+00 6.855255603790283203e+00
4.854660511016845703e+00 -inf 4.854660511016845703e+00 6.971534729003906250e+00 6.346896171569824219e+00 6.853868961334228516e+00
4.856945037841796875e+00 -inf 4.856945037841796875e+00 6.971388816833496094e+00 6.353495121002197266e+00 6.851602077484130859e+00
4.873362064361572266e+00 -inf 4.873362064361572266e+00 6.971310615539550781e+00 6.370714664459228516e+00 6.845882415771484375e+00
4.888159275054931641e+00 -inf 4.888159275054931641e+00 6.971309661865234375e+00 6.388591289520263672e+00 6.839727878570556641e+00
4.894290924072265625e+00 -inf 4.894290924072265625e+00 6.971183300018310547e+00 6.399338722229003906e+00 6.835686206817626953e+00
4.902193546295166016e+00 -inf 4.902193546295166016e+00 6.970553398132324219e+00 6.399984836578369141e+00 6.834588527679443359e+00
4.905342102050781250e+00 -inf 4.905342102050781250e+00 6.969470024108886719e+00 6.389437198638916016e+00 6.836933135986328125e+00
4.910471439361572266e+00 -inf 4.910471439361572266e+00 6.969421863555908203e+00 6.364867210388183594e+00 6.845312118530273438e+00
4.918457984924316406e+00 -inf 4.918457984924316406e+00 6.968472480773925781e+00 6.340719699859619141e+00 6.851770877838134766e+00
4.927706241607666016e+00 -inf 4.927706241607666016e+00 6.967280864715576172e+00 6.314846515655517578e+00 6.857913017272949219e+00
4.933778762817382812e+00 -inf 4.933778762817382812e+00 6.966438770294189453e+00 6.299885749816894531e+00 6.861031532287597656e+00
4.942604064941406250e+00 -inf 4.942604064941406250e+00 6.964253425598144531e+00 6.286085605621337891e+00 6.861983299255371094e+00
4.949124813079833984e+00 -inf 4.949124813079833984e+00 6.964243412017822266e+00 6.285767555236816406e+00 6.862054824829101562e+00
4.955441474914550781e+00 -inf 4.955441474914550781e+00 6.964248657226562500e+00 6.282404899597167969e+00 6.862949848175048828e+00
4.959351062774658203e+00 -inf 4.959351062774658203e+00 6.964349746704101562e+00 6.273713588714599609e+00 6.865331172943115234e+00
4.960706233978271484e+00 -inf 4.960706233978271484e+00 6.962366104125976562e+00 6.255954742431640625e+00 6.867297172546386719e+00
4.960239887237548828e+00 -inf 4.960239887237548828e+00 6.962262630462646484e+00 6.244532108306884766e+00 6.869919300079345703e+00
4.957917213439941406e+00 -inf 4.957917213439941406e+00 6.960950374603271484e+00 6.226664066314697266e+00 6.872438430786132812e+00
4.953568458557128906e+00 -inf 4.953568458557128906e+00 6.960418224334716797e+00 6.201691627502441406e+00 6.877245903015136719e+00
4.947749614715576172e+00 -inf 4.947749614715576172e+00 6.960271835327148438e+00 6.176271438598632812e+00 6.882251262664794922e+00
4.940172195434570312e+00 -inf 4.940172195434570312e+00 6.959757328033447266e+00 6.140867233276367188e+00 6.888284683227539062e+00
4.934294223785400391e+00 -inf 4.934294223785400391e+00 6.959943771362304688e+00 6.083341598510742188e+00 6.898033142089843750e+00
4.929991722106933594e+00 -inf 4.929991722106933594e+00 6.959914684295654297e+00 6.040608406066894531e+00 6.904191017150878906e+00
4.923264980316162109e+00 -inf 4.923264980316162109e+00 6.960029602050781250e+00 6.019783973693847656e+00 6.907095909118652344e+00
4.917409896850585938e+00 -inf 4.917409896850585938e+00 6.959902286529541016e+00 6.003277778625488281e+00 6.909047126770019531e+00
4.911502838134765625e+00 -inf 4.911502838134765625e+00 6.960210323333740234e+00 6.017910003662109375e+00 6.907541751861572266e+00
4.902832508087158203e+00 -inf 4.902832508087158203e+00 6.960222244262695312e+00 6.030791759490966797e+00 6.905866146087646484e+00
4.889802455902099609e+00 -inf 4.889802455902099609e+00 6.959269046783447266e+00 6.024840831756591797e+00 6.905574798583984375e+00
4.873613834381103516e+00 -inf 4.873613834381103516e+00 6.959546566009521484e+00 6.010143756866455078e+00 6.907785415649414062e+00
4.866786479949951172e+00 -inf 4.866786479949951172e+00 6.958973884582519531e+00 5.996182918548583984e+00 6.908877849578857422e+00
4.856840610504150391e+00 -inf 4.856840610504150391e+00 6.959183216094970703e+00 5.970465660095214844e+00 6.912153720855712891e+00
4.820327758789062500e+00 -inf 4.820327758789062500e+00 6.959026336669921875e+00 5.926055908203125000e+00 6.916782379150390625e+00
4.741253376007080078e+00 -inf 4.741253376007080078e+00 6.959427356719970703e+00 5.901955127716064453e+00 6.919610023498535156e+00
4.708149909973144531e+00 -inf 4.708149909973144531e+00 6.959477424621582031e+00 5.888834953308105469e+00 6.920904159545898438e+00
4.700562953948974609e+00 -inf 4.700562953948974609e+00 6.959193706512451172e+00 5.905804634094238281e+00 6.918982028961181641e+00
4.684421539306640625e+00 -inf 4.684421539306640625e+00 6.959248542785644531e+00 5.948791027069091797e+00 6.914637565612792969e+00
4.631124973297119141e+00 -inf 4.631124973297119141e+00 6.959454059600830078e+00 6.003537178039550781e+00 6.908509731292724609e+00
4.604618549346923828e+00 -inf 4.604618549346923828e+00 6.959668159484863281e+00 6.064332008361816406e+00 6.900557041168212891e+00
4.597135066986083984e+00 -inf 4.597135066986083984e+00 6.959989547729492188e+00 6.107500076293945312e+00 6.894262313842773438e+00
4.594949722290039062e+00 -inf 4.594949722290039062e+00 6.960287570953369141e+00 6.139095306396484375e+00 6.889225482940673828e+00
4.592282295227050781e+00 -inf 4.592282295227050781e+00 6.960182189941406250e+00 6.163629531860351562e+00 6.884589672088623047e+00
4.550953388214111328e+00 -inf 4.550953388214111328e+00 6.960135459899902344e+00 6.187291145324707031e+00 6.879885196685791016e+00
4.556431770324707031e+00 -inf 4.556431770324707031e+00 6.961100101470947266e+00 6.208598613739013672e+00 6.876601696014404297e+00
4.518971920013427734e+00 -inf 4.518971920013427734e+00 6.961085319519042969e+00 6.224256038665771484e+00 6.873146057128906250e+00
4.506589412689208984e+00 -inf 4.506589412689208984e+00 6.960849761962890625e+00 6.242057800292968750e+00 6.868756771087646484e+00
4.496231555938720703e+00 -inf 4.496231555938720703e+00 6.960985183715820312e+00 6.253456115722656250e+00 6.866189002990722656e+00
4.446790218353271484e+00 -inf 4.446790218353271484e+00 6.961225986480712891e+00 6.269535064697265625e+00 6.862476825714111328e+00
4.454811096191406250e+00 -inf 4.454811096191406250e+00 6.960582733154296875e+00 6.282241821289062500e+00 6.858358383178710938e+00
4.444443225860595703e+00 -inf 4.444443225860595703e+00 6.960844993591308594e+00 6.291975498199462891e+00 6.856073379516601562e+00
4.424310684204101562e+00 -inf 4.424310684204101562e+00 6.961111545562744141e+00 6.292111396789550781e+00 6.856374263763427734e+00
4.337395191192626953e+00 -inf 4.337395191192626953e+00 6.960591793060302734e+00 6.276446819305419922e+00 6.859895229339599609e+00
4.298188686370849609e+00 -inf 4.298188686370849609e+00 6.960436820983886719e+00 6.254167079925537109e+00 6.865332126617431641e+00
4.300072193145751953e+00 -inf 4.300072193145751953e+00 6.960907459259033203e+00 6.243115425109863281e+00 6.868577957153320312e+00
4.309052467346191406e+00 -inf 4.309052467346191406e+00 6.960488319396972656e+00 6.242374420166015625e+00 6.868235111236572266e+00
4.336153030395507812e+00 -inf 4.336153030395507812e+00 6.960883140563964844e+00 6.253399848937988281e+00 6.866075515747070312e+00
4.355801582336425781e+00 -inf 4.355801582336425781e+00 6.960363388061523438e+00 6.261127948760986328e+00 6.863519668579101562e+00
4.363114356994628906e+00 -inf 4.363114356994628906e+00 6.960701465606689453e+00 6.261075973510742188e+00 6.863955497741699219e+00
4.373245239257812500e+00 -inf 4.373245239257812500e+00 6.959992885589599609e+00 6.249594688415527344e+00 6.865893363952636719e+00
4.366678714752197266e+00 -inf 4.366678714752197266e+00 6.959638595581054688e+00 6.231787204742431641e+00 6.869658470153808594e+00
4.400019168853759766e+00 -inf 4.400019168853759766e+00 6.959087371826171875e+00 6.217046260833740234e+00 6.872309207916259766e+00
4.421391010284423828e+00 -inf 4.421391010284423828e+00 6.958794116973876953e+00 6.206903934478759766e+00 6.874165058135986328e+00
4.423984050750732422e+00 -inf 4.423984050750732422e+00 6.959076404571533203e+00 6.199192047119140625e+00 6.876147270202636719e+00
4.430748462677001953e+00 -inf 4.430748462677001953e+00 6.958441734313964844e+00 6.184706687927246094e+00 6.878372192382812500e+00
4.431388378143310547e+00 -inf 4.431388378143310547e+00 6.958246707916259766e+00 6.165809631347656250e+00 6.881867885589599609e+00
4.424369812011718750e+00 -inf 4.424369812011718750e+00 6.957838058471679688e+00 6.143954277038574219e+00 6.885463714599609375e+00
4.415067195892333984e+00 -inf 4.415067195892333984e+00 6.957227706909179688e+00 6.120931625366210938e+00 6.888796329498291016e+00
4.402524471282958984e+00 -inf 4.402524471282958984e+00 6.957679748535156250e+00 6.085561752319335938e+00 6.895077228546142578e+00
4.387050628662109375e+00 -inf 4.387050628662109375e+00 6.957195281982421875e+00 6.027487277984619141e+00 6.902875900268554688e+00
4.338965415954589844e+00 -inf 4.338965415954589844e+00 6.957373619079589844e+00 5.965057373046875000e+00 6.910753726959228516e+00
4.297483444213867188e+00 -inf 4.297483444213867188e+00 6.957379341125488281e+00 5.922112941741943359e+00 6.915369033813476562e+00
4.275714397430419922e+00 -inf 4.275714397430419922e+00 6.957320690155029297e+00 5.895103931427001953e+00 6.917956829071044922e+00
4.251553058624267578e+00 -inf 4.251553058624267578e+00 6.957626819610595703e+00 5.882182598114013672e+00 6.919496536254882812e+00
4.204461574554443359e+00 -inf 4.204461574554443359e+00 6.957249164581298828e+00 5.875632762908935547e+00 6.919681072235107422e+00
4.106044769287109375e+00 -inf 4.106044769287109375e+00 6.957483768463134766e+00 5.897870063781738281e+00 6.917871475219726562e+00
4.053450107574462891e+00 -inf 4.053450107574462891e+00 6.957152843475341797e+00 5.934949874877929688e+00 6.913793563842773438e+00
4.020246028900146484e+00 -inf 4.020246028900146484e+00 6.956663608551025391e+00 5.973406314849853516e+00 6.909005641937255859e+00
3.992921590805053711e+00 -inf 3.992921590805053711e+00 6.956271171569824219e+00 6.001713275909423828e+00 6.905158042907714844e+00
3.981211662292480469e+00 -inf 3.981211662292480469e+00 6.956231594085693359e+00 5.999494075775146484e+00 6.905389785766601562e+00
3.953335285186767578e+00 -inf 3.953335285186767578e+00 6.956020832061767578e+00 5.997488975524902344e+00 6.905401706695556641e+00
3.895878553390502930e+00 -inf 3.895878553390502930e+00 6.956418037414550781e+00 5.989888668060302734e+00 6.906777381896972656e+00
3.884129285812377930e+00 -inf 3.884129285812377930e+00 6.956287384033203125e+00 5.980181217193603516e+00 6.907792568206787109e+00
3.876691579818725586e+00 -inf 3.876691579818725586e+00 6.956090450286865234e+00 5.991929531097412109e+00 6.906161785125732422e+00
3.824303150177001953e+00 -inf 3.824303150177001953e+00 6.956167221069335938e+00 6.022817611694335938e+00 6.902330875396728516e+00
3.783381938934326172e+00 -inf 3.783381938934326172e+00 6.956451416015625000e+00 6.058674335479736328e+00 6.897695064544677734e+00
3.734503984451293945e+00 -inf 3.734503984451293945e+00 6.956633567810058594e+00 6.085591316223144531e+00 6.893863677978515625e+00
3.677742242813110352e+00 -inf 3.677742242813110352e+00 6.956620216369628906e+00 6.111752033233642578e+00 6.889635562896728516e+00
3.635065078735351562e+00 -inf 3.635065078735351562e+00 6.956569194793701172e+00 6.138906478881835938e+00 6.884875774383544922e+00
3.584368228912353516e+00 -inf 3.584368228912353516e+00 6.956940650939941406e+00 6.164700984954833984e+00 6.880522727966308594e+00
3.542136192321777344e+00 -inf 3.542136192321777344e+00 6.956851482391357422e+00 6.198870658874511719e+00 6.873521804809570312e+00
3.471932888031005859e+00 -inf 3.471932888031005859e+00 6.956342697143554688e+00 6.234349727630615234e+00 6.865002632141113281e+00
3.368552207946777344e+00 -inf 3.368552207946777344e+00 6.956816196441650391e+00 6.269285678863525391e+00 6.856998920440673828e+00
3.320672035217285156e+00 -inf 3.320672035217285156e+00 6.957220077514648438e+00 6.299703598022460938e+00 6.849297046661376953e+00
3.241085529327392578e+00 -inf 3.241085529327392578e+00 6.956607341766357422e+00 6.322917938232421875e+00 6.841719627380371094e+00
3.128281116485595703e+00 -inf 3.128281116485595703e+00 6.956242561340332031e+00 6.333424568176269531e+00 6.838007926940917969e+00
2.987350463867187500e+00 -inf 2.987350463867187500e+00 6.956414222717285156e+00 6.336236476898193359e+00 6.837350368499755859e+00
2.955331802368164062e+00 -inf 2.955331802368164062e+00 6.956696987152099609e+00 6.334298133850097656e+00 6.838331222534179688e+00
2.902068614959716797e+00 -inf 2.902068614959716797e+00 6.956744670867919922e+00 6.334026813507080078e+00 6.838479042053222656e+00
2.833416223526000977e+00 -inf 2.833416223526000977e+00 6.956647872924804688e+00 6.344083786010742188e+00 6.835154533386230469e+00
2.750892639160156250e+00 -inf 2.750892639160156250e+00 6.956164836883544922e+00 6.355746746063232422e+00 6.830677509307861328e+00
2.793750524520874023e+00 -inf 2.793750524520874023e+00 6.956511020660400391e+00 6.367642402648925781e+00 6.827084541320800781e+00
2.830421924591064453e+00 -inf 2.830421924591064453e+00 6.956504344940185547e+00 6.380134582519531250e+00 6.822652339935302734e+00
2.867257833480834961e+00 -inf 2.867257833480834961e+00 6.955088138580322266e+00 6.374318122863769531e+00 6.822813987731933594e+00
2.958071708679199219e+00 -inf 2.958071708679199219e+00 6.955345630645751953e+00 6.361214637756347656e+00 6.827731132507324219e+00
2.947110176086425781e+00 -inf 2.947110176086425781e+00 6.955434322357177734e+00 6.355100154876708984e+00 6.829918861389160156e+00
3.052131175994873047e+00 -inf 3.052131175994873047e+00 6.955074310302734375e+00 6.349957942962646484e+00 6.831149578094482422e+00
3.071846246719360352e+00 -inf 3.071846246719360352e+00 6.953457832336425781e+00 6.347455978393554688e+00 6.829824924468994141e+00
3.098541021347045898e+00 -inf 3.098541021347045898e+00 6.953701972961425781e+00 6.348150730133056641e+00 6.829920291900634766e+00
3.163244485855102539e+00 -inf 3.163244485855102539e+00 6.952944755554199219e+00 6.333679199218750000e+00 6.833592891693115234e+00
3.185697555541992188e+00 -inf 3.185697555541992188e+00 6.953519344329833984e+00 6.309778690338134766e+00 6.841630458831787109e+00
3.239557027816772461e+00 -inf 3.239557027816772461e+00 6.953088760375976562e+00 6.278161525726318359e+00 6.849954605102539062e+00
3.271830797195434570e+00 -inf 3.271830797195434570e+00 6.952777385711669922e+00 6.256639480590820312e+00 6.855156898498535156e+00
3.325949192047119141e+00 -inf 3.325949192047119141e+00 6.952373981475830078e+00 6.249806880950927734e+00 6.856359004974365234e+00
3.423724412918090820e+00 -inf 3.423724412918090820e+00 6.951221466064453125e+00 6.234145164489746094e+00 6.858723163604736328e+00
3.500743627548217773e+00 -inf 3.500743627548217773e+00 6.951320171356201172e+00 6.213116645812988281e+00 6.863688945770263672e+00
3.561910390853881836e+00 -inf 3.561910390853881836e+00 6.951256752014160156e+00 6.184345722198486328e+00 6.869792938232421875e+00
3.625034570693969727e+00 -inf 3.625034570693969727e+00 6.950144767761230469e+00 6.147366523742675781e+00 6.875726222991943359e+00
3.704858779907226562e+00 -inf 3.704858779907226562e+00 6.949240684509277344e+00 6.104650974273681641e+00 6.882209300994873047e+00
3.737799167633056641e+00 -inf 3.737799167633056641e+00 6.949275970458984375e+00 6.073093414306640625e+00 6.887300014495849609e+00
3.746660947799682617e+00 -inf 3.746660947799682617e+00 6.949240684509277344e+00 6.012017726898193359e+00 6.895913124084472656e+00
3.807424783706665039e+00 -inf 3.807424783706665039e+00 6.947588443756103516e+00 5.931530952453613281e+00 6.903579235076904297e+00
3.851693868637084961e+00 -inf 3.851693868637084961e+00 6.947793483734130859e+00 5.883294105529785156e+00 6.908644676208496094e+00
3.913610696792602539e+00 -inf 3.913610696792602539e+00 6.947744369506835938e+00 5.845470428466796875e+00 6.911995887756347656e+00
3.960836410522460938e+00 -inf 3.960836410522460938e+00 6.947352409362792969e+00 5.779642105102539062e+00 6.916784763336181641e+00
3.945744752883911133e+00 -inf 3.945744752883911133e+00 6.947309017181396484e+00 5.754001617431640625e+00 6.918549537658691406e+00
3.964405775070190430e+00 -inf 3.964405775070190430e+00 6.947320461273193359e+00 5.761005401611328125e+00 6.918078422546386719e+00
3.925319194793701172e+00 -inf 3.925319194793701172e+00 6.947557449340820312e+00 5.761635780334472656e+00 6.918288230895996094e+00
3.922429800033569336e+00 -inf 3.922429800033569336e+00 6.947110176086425781e+00 5.782010555267333984e+00 6.916351318359375000e+00
3.959098577499389648e+00 -inf 3.959098577499389648e+00 6.946860313415527344e+00 5.813605785369873047e+00 6.913669586181640625e+00
4.004001617431640625e+00 -inf 4.004001617431640625e+00 6.946991920471191406e+00 5.851002693176269531e+00 6.910699367523193359e+00
4.060778141021728516e+00 -inf 4.060778141021728516e+00 6.946823596954345703e+00 5.874488830566406250e+00 6.908407688140869141e+00
4.028245449066162109e+00 -inf 4.028245449066162109e+00 6.946947574615478516e+00 5.898289203643798828e+00 6.906274795532226562e+00
4.017754077911376953e+00 -inf 4.017754077911376953e+00 6.946707248687744141e+00 5.928673267364501953e+00 6.902908325195312500e+00
4.050985336303710938e+00 -inf 4.050985336303710938e+00 6.946683406829833984e+00 5.964823722839355469e+00 6.898862838745117188e+00
