5.572837352752685547e+00 -inf 5.572837352752685547e+00 6.968104839324951172e+00 6.026178359985351562e+00 6.915387630462646484e+00
5.569153785705566406e+00 -inf 5.569153785705566406e+00 6.967713356018066406e+00 6.011324882507324219e+00 6.916828632354736328e+00
5.561592102050781250e+00 -inf 5.561592102050781250e+00 6.967145919799804688e+00 6.002779006958007812e+00 6.917242050170898438e+00
5.557990074157714844e+00 -inf 5.557990074157714844e+00 6.966978073120117188e+00 5.990349769592285156e+00 6.918544292449951172e+00
5.549620628356933594e+00 -inf 5.549620628356933594e+00 6.966938018798828125e+00 5.983136653900146484e+00 6.919342517852783203e+00
5.541564941406250000e+00 -inf 5.541564941406250000e+00 6.967137336730957031e+00 5.960609436035156250e+00 6.922099113464355469e+00
5.529236316680908203e+00 -inf 5.529236316680908203e+00 6.965689182281494141e+00 5.943626403808593750e+00 6.922315597534179688e+00
5.518286228179931641e+00 -inf 5.518286228179931641e+00 6.965421199798583984e+00 5.934334278106689453e+00 6.922984600067138672e+00
5.509101867675781250e+00 -inf 5.509101867675781250e+00 6.964593410491943359e+00 5.913735389709472656e+00 6.924136161804199219e+00
5.503270149230957031e+00 -inf 5.503270149230957031e+00 6.962540149688720703e+00 5.914757728576660156e+00 6.921781539916992188e+00
5.506633281707763672e+00 -inf 5.506633281707763672e+00 6.961938858032226562e+00 5.919602394104003906e+00 6.920640468597412109e+00
5.505943775177001953e+00 -inf 5.505943775177001953e+00 6.961482048034667969e+00 5.942142009735107422e+00 6.917821407318115234e+00
5.496464729309082031e+00 -inf 5.496464729309082031e+00 6.960824012756347656e+00 5.973824024200439453e+00 6.913598060607910156e+00
5.502526283264160156e+00 -inf 5.502526283264160156e+00 6.960080623626708984e+00 6.004714012145996094e+00 6.909069061279296875e+00
5.518109321594238281e+00 -inf 5.518109321594238281e+00 6.959010124206542969e+00 6.034718036651611328e+00 6.903964042663574219e+00
5.528175354003906250e+00 -inf 5.528175354003906250e+00 6.957951545715332031e+00 6.068698883056640625e+00 6.897946357727050781e+00
5.529037475585937500e+00 -inf 5.529037475585937500e+00 6.957066535949707031e+00 6.093359470367431641e+00 6.893145561218261719e+00
5.533001422882080078e+00 -inf 5.533001422882080078e+00 6.956223011016845703e+00 6.106425762176513672e+00 6.890054702758789062e+00
5.535429954528808594e+00 -inf 5.535429954528808594e+00 6.955435276031494141e+00 6.127399444580078125e+00 6.885579109191894531e+00
5.543644428253173828e+00 -inf 5.543644428253173828e+00 6.953949928283691406e+00 6.146959781646728516e+00 6.880313396453857422e+00
5.551449298858642578e+00 -inf 5.551449298858642578e+00 6.952430248260498047e+00 6.163692474365234375e+00 6.875335693359375000e+00
5.556685924530029297e+00 -inf 5.556685924530029297e+00 6.950944900512695312e+00 6.166784286499023438e+00 6.872955799102783203e+00
5.569782733917236328e+00 -inf 5.569782733917236328e+00 6.950454711914062500e+00 6.165599346160888672e+00 6.872601985931396484e+00
5.581774234771728516e+00 -inf 5.581774234771728516e+00 6.949453353881835938e+00 6.163473606109619141e+00 6.871821403503417969e+00
5.591583728790283203e+00 -inf 5.591583728790283203e+00 6.947712898254394531e+00 6.155533790588378906e+00 6.871283531188964844e+00
5.601294994354248047e+00 -inf 5.601294994354248047e+00 6.946692466735839844e+00 6.141035079956054688e+00 6.872809410095214844e+00
5.610390186309814453e+00 -inf 5.610390186309814453e+00 6.946248054504394531e+00 6.129393100738525391e+00 6.874410152435302734e+00
5.624192714691162109e+00 -inf 5.624192714691162109e+00 6.944758892059326172e+00 6.110585212707519531e+00 6.875963687896728516e+00
5.633945465087890625e+00 -inf 5.633945465087890625e+00 6.944168567657470703e+00 6.082867145538330078e+00 6.879864692687988281e+00
5.638214111328125000e+00 -inf 5.638214111328125000e+00 6.943493843078613281e+00 6.052161216735839844e+00 6.883795738220214844e+00
5.642470359802246094e+00 -inf 5.642470359802246094e+00 6.943238735198974609e+00 6.035501480102539062e+00 6.885906696319580078e+00
5.647087097167968750e+00 -inf 5.647087097167968750e+00 6.942256927490234375e+00 6.024637222290039062e+00 6.886301517486572266e+00
5.650333881378173828e+00 -inf 5.650333881378173828e+00 6.942645072937011719e+00 6.013998508453369141e+00 6.888184070587158203e+00
5.649455547332763672e+00 -inf 5.649455547332763672e+00 6.941322803497314453e+00 5.999335289001464844e+00 6.888613224029541016e+00
5.651156902313232422e+00 -inf 5.651156902313232422e+00 6.941608905792236328e+00 5.985069751739501953e+00 6.890742778778076172e+00
5.647629737854003906e+00 -inf 5.647629737854003906e+00 6.942203521728515625e+00 5.963157653808593750e+00 6.894053936004638672e+00
5.647250175476074219e+00 -inf 5.647250175476074219e+00 6.942339420318603516e+00 5.938287734985351562e+00 6.897029876708984375e+00
5.642881870269775391e+00 -inf 5.642881870269775391e+00 6.942862033843994141e+00 5.915048599243164062e+00 6.900087833404541016e+00
5.637699127197265625e+00 -inf 5.637699127197265625e+00 6.943575382232666016e+00 5.909916400909423828e+00 6.901401996612548828e+00
5.629652500152587891e+00 -inf 5.629652500152587891e+00 6.942506313323974609e+00 5.894282817840576172e+00 6.901790618896484375e+00
5.617655754089355469e+00 -inf 5.617655754089355469e+00 6.943224430084228516e+00 5.890456199645996094e+00 6.902952671051025391e+00
5.605311393737792969e+00 -inf 5.605311393737792969e+00 6.944325447082519531e+00 5.869189262390136719e+00 6.906167507171630859e+00
5.587924957275390625e+00 -inf 5.587924957275390625e+00 6.945741653442382812e+00 5.848815441131591797e+00 6.909531116485595703e+00
5.571927547454833984e+00 -inf 5.571927547454833984e+00 6.946725368499755859e+00 5.840270519256591797e+00 6.911333084106445312e+00
5.554316997528076172e+00 -inf 5.554316997528076172e+00 6.947384834289550781e+00 5.848370552062988281e+00 6.911351680755615234e+00
5.531896114349365234e+00 -inf 5.531896114349365234e+00 6.948897361755371094e+00 5.844096660614013672e+00 6.913364887237548828e+00
5.501063346862792969e+00 -inf 5.501063346862792969e+00 6.950812339782714844e+00 5.826070785522460938e+00 6.916938304901123047e+00
5.470532894134521484e+00 -inf 5.470532894134521484e+00 6.952344894409179688e+00 5.810130596160888672e+00 6.919857978820800781e+00
5.437579631805419922e+00 -inf 5.437579631805419922e+00 6.953965187072753906e+00 5.797432422637939453e+00 6.922570705413818359e+00
5.400423526763916016e+00 -inf 5.400423526763916016e+00 6.955741405487060547e+00 5.809741973876953125e+00 6.923546791076660156e+00
5.355742931365966797e+00 -inf 5.355742931365966797e+00 6.957742214202880859e+00 5.830831527709960938e+00 6.924043655395507812e+00
5.319904327392578125e+00 -inf 5.319904327392578125e+00 6.958790779113769531e+00 5.828387260437011719e+00 6.925372123718261719e+00
5.282299041748046875e+00 -inf 5.282299041748046875e+00 6.960037708282470703e+00 5.807672977447509766e+00 6.928328990936279297e+00
5.243550777435302734e+00 -inf 5.243550777435302734e+00 6.962003707885742188e+00 5.793030738830566406e+00 6.931527614593505859e+00
5.203117370605468750e+00 -inf 5.203117370605468750e+00 6.963521957397460938e+00 5.788018703460693359e+00 6.933516502380371094e+00
5.157442569732666016e+00 -inf 5.157442569732666016e+00 6.964880466461181641e+00 5.814665317535400391e+00 6.933008193969726562e+00
5.106997966766357422e+00 -inf 5.106997966766357422e+00 6.966590404510498047e+00 5.849543571472167969e+00 6.932085514068603516e+00
5.057939529418945312e+00 -inf 5.057939529418945312e+00 6.967854499816894531e+00 5.897208213806152344e+00 6.929281711578369141e+00
5.017036437988281250e+00 -inf 5.017036437988281250e+00 6.967889785766601562e+00 5.915674686431884766e+00 6.927564144134521484e+00
4.982534885406494141e+00 -inf 4.982534885406494141e+00 6.969095706939697266e+00 5.915493011474609375e+00 6.928905010223388672e+00
4.921749114990234375e+00 -inf 4.921749114990234375e+00 6.969859600067138672e+00 5.879741668701171875e+00 6.933052062988281250e+00
4.893294334411621094e+00 -inf 4.893294334411621094e+00 6.970363140106201172e+00 5.830244541168212891e+00 6.937712669372558594e+00
4.857327461242675781e+00 -inf 4.857327461242675781e+00 6.969864845275878906e+00 5.771343231201171875e+00 6.941460609436035156e+00
4.846706390380859375e+00 -inf 4.846706390380859375e+00 6.971131324768066406e+00 5.777334213256835938e+00 6.942405223846435547e+00
4.841073036193847656e+00 -inf 4.841073036193847656e+00 6.971899032592773438e+00 5.771616935729980469e+00 6.943613529205322266e+00
4.835012435913085938e+00 -inf 4.835012435913085938e+00 6.972829341888427734e+00 5.761961460113525391e+00 6.945246696472167969e+00
4.806134700775146484e+00 -inf 4.806134700775146484e+00 6.973455905914306641e+00 5.783758163452148438e+00 6.944448471069335938e+00
4.750803947448730469e+00 -inf 4.750803947448730469e+00 6.974002361297607422e+00 5.844823360443115234e+00 6.940485954284667969e+00
4.746321201324462891e+00 -inf 4.746321201324462891e+00 6.974279880523681641e+00 5.916923522949218750e+00 6.934452056884765625e+00
4.743807315826416016e+00 -inf 4.743807315826416016e+00 6.974737644195556641e+00 5.995703697204589844e+00 6.926587104797363281e+00
4.725360393524169922e+00 -inf 4.725360393524169922e+00 6.975491046905517578e+00 6.065725803375244141e+00 6.918444156646728516e+00
4.676626682281494141e+00 -inf 4.676626682281494141e+00 6.975493907928466797e+00 6.127741813659667969e+00 6.908987998962402344e+00
4.650349140167236328e+00 -inf 4.650349140167236328e+00 6.975737094879150391e+00 6.174905300140380859e+00 6.900953292846679688e+00
4.611157894134521484e+00 -inf 4.611157894134521484e+00 6.976275920867919922e+00 6.205748558044433594e+00 6.895553588867187500e+00
4.517236709594726562e+00 -inf 4.517236709594726562e+00 6.976627826690673828e+00 6.217936038970947266e+00 6.893447875976562500e+00
4.446333408355712891e+00 -inf 4.446333408355712891e+00 6.977050781250000000e+00 6.226257801055908203e+00 6.892184734344482422e+00
4.422987937927246094e+00 -inf 4.422987937927246094e+00 6.977944374084472656e+00 6.229639530181884766e+00 6.892539978027343750e+00
4.360479354858398438e+00 -inf 4.360479354858398438e+00 6.977829933166503906e+00 6.221807956695556641e+00 6.894083976745605469e+00
4.318106174468994141e+00 -inf 4.318106174468994141e+00 6.977804183959960938e+00 6.216902732849121094e+00 6.895089626312255859e+00
4.303945541381835938e+00 -inf 4.303945541381835938e+00 6.978391170501708984e+00 6.207350730895996094e+00 6.897773742675781250e+00
4.284430027008056641e+00 -inf 4.284430027008056641e+00 6.978633403778076172e+00 6.195013523101806641e+00 6.900537490844726562e+00
4.262466430664062500e+00 -inf 4.262466430664062500e+00 6.979053974151611328e+00 6.185032844543457031e+00 6.902978897094726562e+00
4.259747982025146484e+00 -inf 4.259747982025146484e+00 6.979210853576660156e+00 6.186719417572021484e+00 6.902842044830322266e+00
4.240582942962646484e+00 -inf 4.240582942962646484e+00 6.979440212249755859e+00 6.190707683563232422e+00 6.902345180511474609e+00
4.216495037078857422e+00 -inf 4.216495037078857422e+00 6.979058265686035156e+00 6.191599845886230469e+00 6.901713848114013672e+00
4.231872558593750000e+00 -inf 4.231872558593750000e+00 6.979502677917480469e+00 6.202439308166503906e+00 6.900103569030761719e+00
4.229237079620361328e+00 -inf 4.229237079620361328e+00 6.979146003723144531e+00 6.216587066650390625e+00 6.896778106689453125e+00
4.229313850402832031e+00 -inf 4.229313850402832031e+00 6.979314804077148438e+00 6.230490207672119141e+00 6.894023418426513672e+00
4.228297710418701172e+00 -inf 4.228297710418701172e+00 6.979230880737304688e+00 6.239736557006835938e+00 6.891887187957763672e+00
4.220053672790527344e+00 -inf 4.220053672790527344e+00 6.979169845581054688e+00 6.243931770324707031e+00 6.890872955322265625e+00
4.181219100952148438e+00 -inf 4.181219100952148438e+00 6.979324817657470703e+00 6.243156909942626953e+00 6.891237258911132812e+00
4.166578292846679688e+00 -inf 4.166578292846679688e+00 6.979503154754638672e+00 6.242277145385742188e+00 6.891652107238769531e+00
4.176940917968750000e+00 -inf 4.176940917968750000e+00 6.979658126831054688e+00 6.241600513458251953e+00 6.891993999481201172e+00
4.218564510345458984e+00 -inf 4.218564510345458984e+00 6.979922294616699219e+00 6.239541053771972656e+00 6.892776966094970703e+00
4.260328292846679688e+00 -inf 4.260328292846679688e+00 6.979834079742431641e+00 6.236583232879638672e+00 6.893323421478271484e+00
4.301017284393310547e+00 -inf 4.301017284393310547e+00 6.979616641998291016e+00 6.237929344177246094e+00 6.892760276794433594e+00
4.331873893737792969e+00 -inf 4.331873893737792969e+00 6.979764938354492188e+00 6.240319728851318359e+00 6.892410755157470703e+00
4.349130630493164062e+00 -inf 4.349130630493164062e+00 6.979423522949218750e+00 6.246097087860107422e+00 6.890694618225097656e+00
4.362968921661376953e+00 -inf 4.362968921661376953e+00 6.979540824890136719e+00 6.258222103118896484e+00 6.888043403625488281e+00
4.379048824310302734e+00 -inf 4.379048824310302734e+00 6.979298114776611328e+00 6.268164634704589844e+00 6.885375976562500000e+00
4.429567813873291016e+00 -inf 4.429567813873291016e+00 6.979207992553710938e+00 6.276994705200195312e+00 6.883105278015136719e+00
4.470830440521240234e+00 -inf 4.470830440521240234e+00 6.979379177093505859e+00 6.288801193237304688e+00 6.880345344543457031e+00
4.489968299865722656e+00 -inf 4.489968299865722656e+00 6.979360580444335938e+00 6.299782752990722656e+00 6.877464294433593750e+00
4.519732475280761719e+00 -inf 4.519732475280761719e+00 6.979447841644287109e+00 6.312991142272949219e+00 6.874015331268310547e+00
4.558150291442871094e+00 -inf 4.558150291442871094e+00 6.979201316833496094e+00 6.326127052307128906e+00 6.870017051696777344e+00
4.586503982543945312e+00 -inf 4.586503982543945312e+00 6.978665828704833984e+00 6.335086822509765625e+00 6.866728305816650391e+00
4.611344814300537109e+00 -inf 4.611344814300537109e+00 6.978564262390136719e+00 6.341627120971679688e+00 6.864655494689941406e+00
4.635559082031250000e+00 -inf 4.635559082031250000e+00 6.978524208068847656e+00 6.346775054931640625e+00 6.863048076629638672e+00
4.657908916473388672e+00 -inf 4.657908916473388672e+00 6.978405475616455078e+00 6.344896316528320312e+00 6.863462924957275391e+00
4.668248653411865234e+00 -inf 4.668248653411865234e+00 6.978230476379394531e+00 6.349288940429687500e+00 6.861895084381103516e+00
4.677209377288818359e+00 -inf 4.677209377288818359e+00 6.977814197540283203e+00 6.355254173278808594e+00 6.859499931335449219e+00
4.689179420471191406e+00 -inf 4.689179420471191406e+00 6.977314949035644531e+00 6.357337474822998047e+00 6.858187675476074219e+00
4.696941375732421875e+00 -inf 4.696941375732421875e+00 6.976916790008544922e+00 6.353809356689453125e+00 6.858772754669189453e+00
4.704821586608886719e+00 -inf 4.704821586608886719e+00 6.976625919342041016e+00 6.344402313232421875e+00 6.861293792724609375e+00
4.707857131958007812e+00 -inf 4.707857131958007812e+00 6.976758480072021484e+00 6.327384471893310547e+00 6.866511344909667969e+00
4.708944320678710938e+00 -inf 4.708944320678710938e+00 6.976848602294921875e+00 6.308054447174072266e+00 6.872055530548095703e+00
4.711049079895019531e+00 -inf 4.711049079895019531e+00 6.976672172546386719e+00 6.302947521209716797e+00 6.873214721679687500e+00
4.710839748382568359e+00 -inf 4.710839748382568359e+00 6.975644588470458984e+00 6.298462390899658203e+00 6.873111724853515625e+00
4.710034847259521484e+00 -inf 4.710034847259521484e+00 6.975665569305419922e+00 6.293166160583496094e+00 6.874538421630859375e+00
4.707077980041503906e+00 -inf 4.707077980041503906e+00 6.975614547729492188e+00 6.285179138183593750e+00 6.876544475555419922e+00
4.690322875976562500e+00 -inf 4.690322875976562500e+00 6.974514007568359375e+00 6.264615535736083984e+00 6.880293846130371094e+00
4.665382385253906250e+00 -inf 4.665382385253906250e+00 6.974171161651611328e+00 6.239997863769531250e+00 6.885633468627929688e+00
4.657797336578369141e+00 -inf 4.657797336578369141e+00 6.973895072937011719e+00 6.210308551788330078e+00 6.891741752624511719e+00
4.647916793823242188e+00 -inf 4.647916793823242188e+00 6.973496437072753906e+00 6.176412582397460938e+00 6.898005008697509766e+00
4.634193897247314453e+00 -inf 4.634193897247314453e+00 6.972538948059082031e+00 6.128154754638671875e+00 6.905472755432128906e+00
4.617397308349609375e+00 -inf 4.617397308349609375e+00 6.972230911254882812e+00 6.088312149047851562e+00 6.911429882049560547e+00
4.596385002136230469e+00 -inf 4.596385002136230469e+00 6.972451686859130859e+00 6.070478916168212891e+00 6.914299964904785156e+00
4.581105709075927734e+00 -inf 4.581105709075927734e+00 6.972149848937988281e+00 6.052651405334472656e+00 6.916451930999755859e+00
4.537075042724609375e+00 -inf 4.537075042724609375e+00 6.971850395202636719e+00 6.033267974853515625e+00 6.918700218200683594e+00
4.525448799133300781e+00 -inf 4.525448799133300781e+00 6.970999717712402344e+00 6.014073848724365234e+00 6.920180797576904297e+00
4.497464656829833984e+00 -inf 4.497464656829833984e+00 6.970772266387939453e+00 5.992555618286132812e+00 6.922525882720947266e+00
4.476165294647216797e+00 -inf 4.476165294647216797e+00 6.970901489257812500e+00 5.967790603637695312e+00 6.925487995147705078e+00
4.457509994506835938e+00 -inf 4.457509994506835938e+00 6.971091270446777344e+00 5.959570884704589844e+00 6.926595211029052734e+00
4.384920597076416016e+00 -inf 4.384920597076416016e+00 6.970803260803222656e+00 5.956466674804687500e+00 6.926609516143798828e+00
4.338887691497802734e+00 -inf 4.338887691497802734e+00 6.970099925994873047e+00 5.955167770385742188e+00 6.925970077514648438e+00
4.320741653442382812e+00 -inf 4.320741653442382812e+00 6.968191623687744141e+00 5.924933910369873047e+00 6.926984786987304688e+00
4.298489093780517578e+00 -inf 4.298489093780517578e+00 6.967370510101318359e+00 5.890734195709228516e+00 6.929349899291992188e+00
4.186320781707763672e+00 -inf 4.186320781707763672e+00 6.967032432556152344e+00 5.842242717742919922e+00 6.933162689208984375e+00
4.126597881317138672e+00 -inf 4.126597881317138672e+00 6.965879917144775391e+00 5.783660411834716797e+00 6.936351299285888672e+00
4.070127010345458984e+00 -inf 4.070127010345458984e+00 6.966283321380615234e+00 5.732315540313720703e+00 6.940172672271728516e+00
4.023515224456787109e+00 -inf 4.023515224456787109e+00 6.966246604919433594e+00 5.690570354461669922e+00 6.942594051361083984e+00
3.984711408615112305e+00 -inf 3.984711408615112305e+00 6.965731143951416016e+00 5.703945159912109375e+00 6.941287517547607422e+00
3.962027788162231445e+00 -inf 3.962027788162231445e+00 6.965583801269531250e+00 5.725521087646484375e+00 6.939848899841308594e+00
3.923438549041748047e+00 -inf 3.923438549041748047e+00 6.963263511657714844e+00 5.686191558837890625e+00 6.939688205718994141e+00
3.884502649307250977e+00 -inf 3.884502649307250977e+00 6.962651729583740234e+00 5.649647712707519531e+00 6.940996170043945312e+00
3.793481349945068359e+00 -inf 3.793481349945068359e+00 6.962583541870117188e+00 5.566466808319091797e+00 6.944778442382812500e+00
3.737399101257324219e+00 -inf 3.737399101257324219e+00 6.963052749633789062e+00 5.474064826965332031e+00 6.948733329772949219e+00
3.721649169921875000e+00 -inf 3.721649169921875000e+00 6.962391853332519531e+00 5.387814998626708984e+00 6.950668334960937500e+00
3.737676858901977539e+00 -inf 3.737676858901977539e+00 6.962022304534912109e+00 5.316731452941894531e+00 6.952080726623535156e+00
3.735058546066284180e+00 -inf 3.735058546066284180e+00 6.961884975433349609e+00 5.289093971252441406e+00 6.952559471130371094e+00
3.641622304916381836e+00 -inf 3.641622304916381836e+00 6.961606025695800781e+00 5.319918632507324219e+00 6.951580524444580078e+00
3.673622608184814453e+00 -inf 3.673622608184814453e+00 6.961016178131103516e+00 5.383342266082763672e+00 6.949377536773681641e+00
3.672600984573364258e+00 -inf 3.672600984573364258e+00 6.960700511932373047e+00 5.453521251678466797e+00 6.946977615356445312e+00
3.612507104873657227e+00 -inf 3.612507104873657227e+00 6.960733413696289062e+00 5.511797904968261719e+00 6.945004940032958984e+00
3.647019386291503906e+00 -inf 3.647019386291503906e+00 6.960056304931640625e+00 5.564610958099365234e+00 6.942223072052001953e+00
3.703227043151855469e+00 -inf 3.703227043151855469e+00 6.959899425506591797e+00 5.653104305267333984e+00 6.937923908233642578e+00
3.728148460388183594e+00 -inf 3.728148460388183594e+00 6.959667682647705078e+00 5.722108364105224609e+00 6.933779239654541016e+00
3.786326408386230469e+00 -inf 3.786326408386230469e+00 6.959257125854492188e+00 5.798847675323486328e+00 6.928152561187744141e+00
3.886046886444091797e+00 -inf 3.886046886444091797e+00 6.958933830261230469e+00 5.871983051300048828e+00 6.921844959259033203e+00
3.975206851959228516e+00 -inf 3.975206851959228516e+00 6.958407402038574219e+00 5.939616203308105469e+00 6.914688587188720703e+00
4.054450035095214844e+00 -inf 4.054450035095214844e+00 6.957778930664062500e+00 5.978965282440185547e+00 6.909602165222167969e+00
4.149244308471679688e+00 -inf 4.149244308471679688e+00 6.957579135894775391e+00 6.001550197601318359e+00 6.906650066375732422e+00
4.235932350158691406e+00 -inf 4.235932350158691406e+00 6.955957412719726562e+00 6.011245250701904297e+00 6.903598308563232422e+00
4.250814437866210938e+00 -inf 4.250814437866210938e+00 6.955872058868408203e+00 6.014636993408203125e+00 6.903065681457519531e+00
4.240107059478759766e+00 -inf 4.240107059478759766e+00 6.954789638519287109e+00 6.018451213836669922e+00 6.901346206665039062e+00
4.284859657287597656e+00 -inf 4.284859657287597656e+00 6.954388141632080078e+00 6.028614997863769531e+00 6.899541854858398438e+00
4.314835548400878906e+00 -inf 4.314835548400878906e+00 6.954336643218994141e+00 6.036172866821289062e+00 6.898456096649169922e+00
4.365947246551513672e+00 -inf 4.365947246551513672e+00 6.953705310821533203e+00 6.046951293945312500e+00 6.896234035491943359e+00
4.415604591369628906e+00 -inf 4.415604591369628906e+00 6.953032970428466797e+00 6.061700820922851562e+00 6.893335342407226562e+00
4.426899433135986328e+00 -inf 4.426899433135986328e+00 6.952342033386230469e+00 6.073681831359863281e+00 6.890745639801025391e+00
4.454397201538085938e+00 -inf 4.454397201538085938e+00 6.951645851135253906e+00 6.091921329498291016e+00 6.887089729309082031e+00
4.492225646972656250e+00 -inf 4.492225646972656250e+00 6.950857639312744141e+00 6.105700016021728516e+00 6.883920669555664062e+00
4.514414787292480469e+00 -inf 4.514414787292480469e+00 6.950165748596191406e+00 6.111535549163818359e+00 6.882131576538085938e+00
4.530927658081054688e+00 -inf 4.530927658081054688e+00 6.949780464172363281e+00 6.113541126251220703e+00 6.881339550018310547e+00
4.537607669830322266e+00 -inf 4.537607669830322266e+00 6.948840141296386719e+00 6.115988731384277344e+00 6.879818916320800781e+00
4.566371917724609375e+00 -inf 4.566371917724609375e+00 6.948618412017822266e+00 6.122826099395751953e+00 6.878368377685546875e+00
4.547799110412597656e+00 -inf 4.547799110412597656e+00 6.947349548339843750e+00 6.121823787689208984e+00 6.877053737640380859e+00
4.566391468048095703e+00 -inf 4.566391468048095703e+00 6.947545051574707031e+00 6.118036270141601562e+00 6.877943992614746094e+00
4.577336788177490234e+00 -inf 4.577336788177490234e+00 6.947454452514648438e+00 6.107493877410888672e+00 6.879645824432373047e+00
4.589210987091064453e+00 -inf 4.589210987091064453e+00 6.947263717651367188e+00 6.100509643554687500e+00 6.880592346191406250e+00
4.599893569946289062e+00 -inf 4.599893569946289062e+00 6.946722030639648438e+00 6.098105907440185547e+00 6.880358695983886719e+00
4.609567165374755859e+00 -inf 4.609567165374755859e+00 6.946502208709716797e+00 6.104825019836425781e+00 6.878982543945312500e+00
4.600902557373046875e+00 -inf 4.600902557373046875e+00 6.946735858917236328e+00 6.112607479095458984e+00 6.877933025360107422e+00
4.601134300231933594e+00 -inf 4.601134300231933594e+00 6.946524620056152344e+00 6.110711574554443359e+00 6.878011226654052734e+00
4.596807003021240234e+00 -inf 4.596807003021240234e+00 6.946054458618164062e+00 6.110128879547119141e+00 6.877559185028076172e+00
4.598075389862060547e+00 -inf 4.598075389862060547e+00 6.944102287292480469e+00 6.080510139465332031e+00 6.880162239074707031e+00
4.600909233093261719e+00 -inf 4.600909233093261719e+00 6.944029331207275391e+00 6.037944793701171875e+00 6.886464118957519531e+00
4.598085880279541016e+00 -inf 4.598085880279541016e+00 6.944098949432373047e+00 5.987923145294189453e+00 6.893187999725341797e+00
4.595574855804443359e+00 -inf 4.595574855804443359e+00 6.944289684295654297e+00 5.930675029754638672e+00 6.900018215179443359e+00
4.578441143035888672e+00 -inf 4.578441143035888672e+00 6.944338798522949219e+00 5.905522346496582031e+00 6.902688026428222656e+00
4.572197437286376953e+00 -inf 4.572197437286376953e+00 6.944666385650634766e+00 5.912029743194580078e+00 6.902387619018554688e+00
4.569148540496826172e+00 -inf 4.569148540496826172e+00 6.944258213043212891e+00 5.912707328796386719e+00 6.901868820190429688e+00
4.564764976501464844e+00 -inf 4.564764976501464844e+00 6.944516658782958984e+00 5.927749633789062500e+00 6.900582790374755859e+00
4.560612678527832031e+00 -inf 4.560612678527832031e+00 6.944427967071533203e+00 5.940496921539306641e+00 6.899105072021484375e+00
4.533469676971435547e+00 -inf 4.533469676971435547e+00 6.944405078887939453e+00 5.952997684478759766e+00 6.897682189941406250e+00
4.523842334747314453e+00 -inf 4.523842334747314453e+00 6.944537162780761719e+00 5.963518142700195312e+00 6.896617889404296875e+00
4.500681400299072266e+00 -inf 4.500681400299072266e+00 6.944637775421142578e+00 5.978526115417480469e+00 6.894946098327636719e+00
4.489979743957519531e+00 -inf 4.489979743957519531e+00 6.944173812866210938e+00 5.987958431243896484e+00 6.893267154693603516e+00
4.477104663848876953e+00 -inf 4.477104663848876953e+00 6.944111347198486328e+00 5.990099430084228516e+00 6.892930030822753906e+00
4.460250854492187500e+00 -inf 4.460250854492187500e+00 6.944569110870361328e+00 5.968428611755371094e+00 6.896077632904052734e+00
4.441476345062255859e+00 -inf 4.441476345062255859e+00 6.944359302520751953e+00 5.938397884368896484e+00 6.899259090423583984e+00
4.435914993286132812e+00 -inf 4.435914993286132812e+00 6.944531917572021484e+00 5.901028156280517578e+00 6.903349876403808594e+00
4.458931446075439453e+00 -inf 4.458931446075439453e+00 6.944193840026855469e+00 5.870715618133544922e+00 6.905883312225341797e+00
4.493295192718505859e+00 -inf 4.493295192718505859e+00 6.943534851074218750e+00 5.851032257080078125e+00 6.906937599182128906e+00
4.544562339782714844e+00 -inf 4.544562339782714844e+00 6.943754673004150391e+00 5.856965541839599609e+00 6.906651020050048828e+00
4.574522972106933594e+00 -inf 4.574522972106933594e+00 6.943434238433837891e+00 5.884590625762939453e+00 6.903748512268066406e+00
4.627082347869873047e+00 -inf 4.627082347869873047e+00 6.943158626556396484e+00 5.925477027893066406e+00 6.899322032928466797e+00
4.677896499633789062e+00 -inf 4.677896499633789062e+00 6.942846298217773438e+00 5.946984291076660156e+00 6.896625995635986328e+00
4.718476295471191406e+00 -inf 4.718476295471191406e+00 6.942719936370849609e+00 5.967325687408447266e+00 6.894140243530273438e+00
4.770409584045410156e+00 -inf 4.770409584045410156e+00 6.942234039306640625e+00 5.986131668090820312e+00 6.891313552856445312e+00
4.835207462310791016e+00 -inf 4.835207462310791016e+00 6.941448688507080078e+00 6.006311416625976562e+00 6.887847423553466797e+00
4.894546508789062500e+00 -inf 4.894546508789062500e+00 6.941299438476562500e+00 6.031059741973876953e+00 6.884318828582763672e+00
4.926878452301025391e+00 -inf 4.926878452301025391e+00 6.940944671630859375e+00 6.056025981903076172e+00 6.880293846130371094e+00
4.965448856353759766e+00 -inf 4.965448856353759766e+00 6.940707206726074219e+00 6.082446575164794922e+00 6.875916004180908203e+00
5.004848957061767578e+00 -inf 5.004848957061767578e+00 6.940460681915283203e+00 6.113036632537841797e+00 6.870497226715087891e+00
5.035961627960205078e+00 -inf 5.035961627960205078e+00 6.940029621124267578e+00 6.139311313629150391e+00 6.865223884582519531e+00
5.054911613464355469e+00 -inf 5.054911613464355469e+00 6.940204143524169922e+00 6.163533687591552734e+00 6.860725879669189453e+00
5.072894573211669922e+00 -inf 5.072894573211669922e+00 6.940351009368896484e+00 6.184482097625732422e+00 6.856572151184082031e+00
5.092595577239990234e+00 -inf 5.092595577239990234e+00 6.940194606781005859e+00 6.203063964843750000e+00 6.852323055267333984e+00
5.110988140106201172e+00 -inf 5.110988140106201172e+00 6.939718246459960938e+00 6.216540813446044922e+00 6.848655223846435547e+00
5.124872684478759766e+00 -inf 5.124872684478759766e+00 6.940048217773437500e+00 6.228914737701416016e+00 6.846126556396484375e+00
5.137109279632568359e+00 -inf 5.137109279632568359e+00 6.939925670623779297e+00 6.231555938720703125e+00 6.845334529876708984e+00
5.159230709075927734e+00 -inf 5.159230709075927734e+00 6.939971446990966797e+00 6.219037055969238281e+00 6.848382949829101562e+00
5.169859886169433594e+00 -inf 5.169859886169433594e+00 6.939435005187988281e+00 6.182489395141601562e+00 6.855885505676269531e+00
5.182843208312988281e+00 -inf 5.182843208312988281e+00 6.939064502716064453e+00 6.127278327941894531e+00 6.866309165954589844e+00
5.196213722229003906e+00 -inf 5.196213722229003906e+00 6.938579082489013672e+00 6.087094783782958984e+00 6.872687816619873047e+00
5.207292556762695312e+00 -inf 5.207292556762695312e+00 6.939024925231933594e+00 6.062833786010742188e+00 6.877050399780273438e+00
5.218620300292968750e+00 -inf 5.218620300292968750e+00 6.939420700073242188e+00 6.049561023712158203e+00 6.879505634307861328e+00
5.228661060333251953e+00 -inf 5.228661060333251953e+00 6.939641475677490234e+00 6.056708335876464844e+00 6.878692626953125000e+00
5.238167285919189453e+00 -inf 5.238167285919189453e+00 6.939653396606445312e+00 6.079304695129394531e+00 6.875197410583496094e+00
5.245107650756835938e+00 -inf 5.245107650756835938e+00 6.939649105072021484e+00 6.094612598419189453e+00 6.872691631317138672e+00
5.252238750457763672e+00 -inf 5.252238750457763672e+00 6.939767360687255859e+00 6.095719337463378906e+00 6.872645378112792969e+00
5.259272098541259766e+00 -inf 5.259272098541259766e+00 6.940071582794189453e+00 6.094329357147216797e+00 6.873231887817382812e+00
5.262133121490478516e+00 -inf 5.262133121490478516e+00 6.939929008483886719e+00 6.085858821868896484e+00 6.874459266662597656e+00
5.260773658752441406e+00 -inf 5.260773658752441406e+00 6.940205097198486328e+00 6.068347930908203125e+00 6.877562046051025391e+00
5.263997077941894531e+00 -inf 5.263997077941894531e+00 6.940670967102050781e+00 6.043364048004150391e+00 6.881846427917480469e+00
5.265664100646972656e+00 -inf 5.265664100646972656e+00 6.941026210784912109e+00 6.021306037902832031e+00 6.885359287261962891e+00
5.265343666076660156e+00 -inf 5.265343666076660156e+00 6.941393852233886719e+00 6.003732681274414062e+00 6.888123512268066406e+00
5.263912200927734375e+00 -inf 5.263912200927734375e+00 6.941617965698242188e+00 5.988713264465332031e+00 6.890297412872314453e+00
5.260823726654052734e+00 -inf 5.260823726654052734e+00 6.942145824432373047e+00 5.980498790740966797e+00 6.891910076141357422e+00
5.257119655609130859e+00 -inf 5.257119655609130859e+00 6.943008422851562500e+00 5.967935085296630859e+00 6.894391059875488281e+00
5.241580486297607422e+00 -inf 5.241580486297607422e+00 6.943181991577148438e+00 5.942744255065917969e+00 6.897473812103271484e+00
5.237078189849853516e+00 -inf 5.237078189849853516e+00 6.943366527557373047e+00 5.922983646392822266e+00 6.899816036224365234e+00
5.233081817626953125e+00 -inf 5.233081817626953125e+00 6.943344116210937500e+00 5.905375957489013672e+00 6.901607513427734375e+00
5.228374958038330078e+00 -inf 5.228374958038330078e+00 6.943393230438232422e+00 5.889483928680419922e+00 6.903232574462890625e+00
5.221685409545898438e+00 -inf 5.221685409545898438e+00 6.943632602691650391e+00 5.874983310699462891e+00 6.904873371124267578e+00
5.212550640106201172e+00 -inf 5.212550640106201172e+00 6.944139957427978516e+00 5.868691921234130859e+00 6.906010627746582031e+00
5.187927246093750000e+00 -inf 5.187927246093750000e+00 6.944202899932861328e+00 5.865314483642578125e+00 6.906387805938720703e+00
5.175392627716064453e+00 -inf 5.175392627716064453e+00 6.943889617919921875e+00 5.870708465576171875e+00 6.905551433563232422e+00
