5.585157394409179688e+00 -inf 5.585157394409179688e+00 6.974761962890625000e+00 5.240874767303466797e+00 6.966673374176025391e+00
5.579491615295410156e+00 -inf 5.579491615295410156e+00 6.974698543548583984e+00 5.435667991638183594e+00 6.961960315704345703e+00
5.574080944061279297e+00 -inf 5.574080944061279297e+00 6.974662780761718750e+00 5.500920772552490234e+00 6.959822177886962891e+00
5.567507266998291016e+00 -inf 5.567507266998291016e+00 6.975190639495849609e+00 5.519531726837158203e+00 6.959707260131835938e+00
5.560247898101806641e+00 -inf 5.560247898101806641e+00 6.977009773254394531e+00 5.516440868377685547e+00 6.961704730987548828e+00
5.550979137420654297e+00 -inf 5.550979137420654297e+00 6.978069305419921875e+00 5.486904621124267578e+00 6.963822364807128906e+00
5.543087005615234375e+00 -inf 5.543087005615234375e+00 6.978662967681884766e+00 5.448790550231933594e+00 6.965649127960205078e+00
5.537868499755859375e+00 -inf 5.537868499755859375e+00 6.978966712951660156e+00 5.386626720428466797e+00 6.967719554901123047e+00
5.536804676055908203e+00 -inf 5.536804676055908203e+00 6.979755878448486328e+00 5.353108882904052734e+00 6.969373226165771484e+00
5.535168647766113281e+00 -inf 5.535168647766113281e+00 6.980334281921386719e+00 5.318662166595458984e+00 6.970764160156250000e+00
5.531435966491699219e+00 -inf 5.531435966491699219e+00 6.980962276458740234e+00 5.269959449768066406e+00 6.972430229187011719e+00
5.530791282653808594e+00 -inf 5.530791282653808594e+00 6.981680870056152344e+00 5.236144065856933594e+00 6.973807334899902344e+00
5.534582138061523438e+00 -inf 5.534582138061523438e+00 6.982214450836181641e+00 5.220230102539062500e+00 6.974637031555175781e+00
5.540445804595947266e+00 -inf 5.540445804595947266e+00 6.982719421386718750e+00 5.290094852447509766e+00 6.973814964294433594e+00
5.550826549530029297e+00 -inf 5.550826549530029297e+00 6.982881546020507812e+00 5.376492977142333984e+00 6.971998214721679688e+00
5.563162326812744141e+00 -inf 5.563162326812744141e+00 6.982928276062011719e+00 5.477314472198486328e+00 6.969154834747314453e+00
5.575603485107421875e+00 -inf 5.575603485107421875e+00 6.982961177825927734e+00 5.622945785522460938e+00 6.963578224182128906e+00
5.586283683776855469e+00 -inf 5.586283683776855469e+00 6.983045101165771484e+00 5.713149547576904297e+00 6.959066867828369141e+00
5.598390102386474609e+00 -inf 5.598390102386474609e+00 6.983054161071777344e+00 5.805600643157958984e+00 6.953188896179199219e+00
5.616692543029785156e+00 -inf 5.616692543029785156e+00 6.982770919799804688e+00 5.913464069366455078e+00 6.944073200225830078e+00
5.637643337249755859e+00 -inf 5.637643337249755859e+00 6.982321739196777344e+00 5.993190765380859375e+00 6.935340881347656250e+00
5.664792060852050781e+00 -inf 5.664792060852050781e+00 6.981122493743896484e+00 6.055635929107666016e+00 6.926238059997558594e+00
5.693858623504638672e+00 -inf 5.693858623504638672e+00 6.979881286621093750e+00 6.122434139251708984e+00 6.914959430694580078e+00
5.728969573974609375e+00 -inf 5.728969573974609375e+00 6.977736473083496094e+00 6.164087295532226562e+00 6.905318737030029297e+00
5.768197059631347656e+00 -inf 5.768197059631347656e+00 6.975301265716552734e+00 6.183912277221679688e+00 6.898718833923339844e+00
5.811532497406005859e+00 -inf 5.811532497406005859e+00 6.972265720367431641e+00 6.175165176391601562e+00 6.896776199340820312e+00
5.875147342681884766e+00 -inf 5.875147342681884766e+00 6.967301368713378906e+00 6.149275302886962891e+00 6.895674228668212891e+00
5.935081481933593750e+00 -inf 5.935081481933593750e+00 6.961971759796142578e+00 6.118077754974365234e+00 6.894824028015136719e+00
6.015236377716064453e+00 -inf 6.015236377716064453e+00 6.953661441802978516e+00 6.081765651702880859e+00 6.891024589538574219e+00
6.070573329925537109e+00 -inf 6.070573329925537109e+00 6.947174549102783203e+00 6.044459342956542969e+00 6.889128684997558594e+00
6.117787361145019531e+00 -inf 6.117787361145019531e+00 6.940526962280273438e+00 6.024914264678955078e+00 6.884295940399169922e+00
6.173970699310302734e+00 -inf 6.173970699310302734e+00 6.931586742401123047e+00 6.013257503509521484e+00 6.875728607177734375e+00
6.236008644104003906e+00 -inf 6.236008644104003906e+00 6.920021057128906250e+00 5.993515968322753906e+00 6.865272998809814453e+00
6.279598236083984375e+00 -inf 6.279598236083984375e+00 6.910776615142822266e+00 5.974567413330078125e+00 6.857316493988037109e+00
6.311141014099121094e+00 -inf 6.311141014099121094e+00 6.902841091156005859e+00 5.954607009887695312e+00 6.850931167602539062e+00
6.338232994079589844e+00 -inf 6.338232994079589844e+00 6.894644737243652344e+00 5.921865940093994141e+00 6.845755577087402344e+00
6.362377166748046875e+00 -inf 6.362377166748046875e+00 6.886577606201171875e+00 5.867203712463378906e+00 6.842920780181884766e+00
6.381449222564697266e+00 -inf 6.381449222564697266e+00 6.879557609558105469e+00 5.787595748901367188e+00 6.842913150787353516e+00
6.395064830780029297e+00 -inf 6.395064830780029297e+00 6.874199390411376953e+00 5.712187767028808594e+00 6.843212127685546875e+00
6.407577514648437500e+00 -inf 6.407577514648437500e+00 6.869176387786865234e+00 5.629245281219482422e+00 6.843433380126953125e+00
6.420083999633789062e+00 -inf 6.420083999633789062e+00 6.864668369293212891e+00 5.578841209411621094e+00 6.841577053070068359e+00
6.433613777160644531e+00 -inf 6.433613777160644531e+00 6.859783172607421875e+00 5.560764312744140625e+00 6.837400436401367188e+00
6.447790145874023438e+00 -inf 6.447790145874023438e+00 6.854181289672851562e+00 5.553700923919677734e+00 6.831876277923583984e+00
6.460623741149902344e+00 -inf 6.460623741149902344e+00 6.848607540130615234e+00 5.555028438568115234e+00 6.825935363769531250e+00
6.472433090209960938e+00 -inf 6.472433090209960938e+00 6.843318462371826172e+00 5.573153495788574219e+00 6.819354534149169922e+00
6.482630252838134766e+00 -inf 6.482630252838134766e+00 6.837396621704101562e+00 5.586136341094970703e+00 6.812335491180419922e+00
6.491687774658203125e+00 -inf 6.491687774658203125e+00 6.831467151641845703e+00 5.613297462463378906e+00 6.804359436035156250e+00
6.500044345855712891e+00 -inf 6.500044345855712891e+00 6.825827121734619141e+00 5.646160125732421875e+00 6.796119213104248047e+00
6.509330272674560547e+00 -inf 6.509330272674560547e+00 6.819705963134765625e+00 5.678456306457519531e+00 6.787144184112548828e+00
6.519095420837402344e+00 -inf 6.519095420837402344e+00 6.812867641448974609e+00 5.702797889709472656e+00 6.777781009674072266e+00
6.528276920318603516e+00 -inf 6.528276920318603516e+00 6.804853439331054688e+00 5.717639446258544922e+00 6.767787933349609375e+00
6.537761688232421875e+00 -inf 6.537761688232421875e+00 6.797096252441406250e+00 5.730300426483154297e+00 6.758163928985595703e+00
6.544480800628662109e+00 -inf 6.544480800628662109e+00 6.790127277374267578e+00 5.754427433013916016e+00 6.748161315917968750e+00
6.550551414489746094e+00 -inf 6.550551414489746094e+00 6.781996250152587891e+00 5.767036437988281250e+00 6.737869739532470703e+00
6.558134555816650391e+00 -inf 6.558134555816650391e+00 6.773401737213134766e+00 5.787243366241455078e+00 6.726078510284423828e+00
6.565711021423339844e+00 -inf 6.565711021423339844e+00 6.764721870422363281e+00 5.803297996520996094e+00 6.714457988739013672e+00
6.573200225830078125e+00 -inf 6.573200225830078125e+00 6.755118370056152344e+00 5.822689056396484375e+00 6.701159954071044922e+00
6.578740119934082031e+00 -inf 6.578740119934082031e+00 6.746293067932128906e+00 5.844993114471435547e+00 6.688045024871826172e+00
6.586122035980224609e+00 -inf 6.586122035980224609e+00 6.736680984497070312e+00 5.868513107299804688e+00 6.673462390899658203e+00
6.597331523895263672e+00 2.045004129409790039e+00 6.597319126129150391e+00 6.724474906921386719e+00 5.878662586212158203e+00 6.657646656036376953e+00
6.607998371124267578e+00 2.077780961990356445e+00 6.607985496520996094e+00 6.713577747344970703e+00 5.883791446685791016e+00 6.644025325775146484e+00
6.615821361541748047e+00 2.630412101745605469e+00 6.615776062011718750e+00 6.703231811523437500e+00 5.878574371337890625e+00 6.632782459259033203e+00
6.623435974121093750e+00 2.626364946365356445e+00 6.623392105102539062e+00 6.693098545074462891e+00 5.865353584289550781e+00 6.623190879821777344e+00
6.631236553192138672e+00 3.288967132568359375e+00 6.631039142608642578e+00 6.681977748870849609e+00 5.837594509124755859e+00 6.614911079406738281e+00
6.639433860778808594e+00 3.292891263961791992e+00 6.639237403869628906e+00 6.670400142669677734e+00 5.805654525756835938e+00 6.606643199920654297e+00
6.646589756011962891e+00 3.044320344924926758e+00 6.646481037139892578e+00 6.659322261810302734e+00 5.765889644622802734e+00 6.599933147430419922e+00
6.653695106506347656e+00 -inf 6.653695106506347656e+00 6.647313594818115234e+00 5.726048946380615234e+00 6.591856479644775391e+00
6.658927440643310547e+00 -inf 6.658927440643310547e+00 6.636548519134521484e+00 5.680482387542724609e+00 6.585623264312744141e+00
6.662191867828369141e+00 -inf 6.662191867828369141e+00 6.628079891204833984e+00 5.629405498504638672e+00 6.582174777984619141e+00
6.665167808532714844e+00 -inf 6.665167808532714844e+00 6.619969844818115234e+00 5.562221527099609375e+00 6.580178737640380859e+00
6.667050361633300781e+00 -inf 6.667050361633300781e+00 6.614340782165527344e+00 5.509732246398925781e+00 6.578791618347167969e+00
6.668280601501464844e+00 -inf 6.668280601501464844e+00 6.609335899353027344e+00 5.468069076538085938e+00 6.576774597167968750e+00
6.668200492858886719e+00 -inf 6.668200492858886719e+00 6.605282306671142578e+00 5.436250686645507812e+00 6.574810504913330078e+00
6.667977809906005859e+00 -inf 6.667977809906005859e+00 6.599650859832763672e+00 5.392637252807617188e+00 6.571814537048339844e+00
6.668021202087402344e+00 -inf 6.668021202087402344e+00 6.594746589660644531e+00 5.339501857757568359e+00 6.569921016693115234e+00
6.669304847717285156e+00 -inf 6.669304847717285156e+00 6.588422298431396484e+00 5.285658836364746094e+00 6.566236495971679688e+00
6.670861244201660156e+00 -inf 6.670861244201660156e+00 6.581960678100585938e+00 5.249554157257080078e+00 6.561274528503417969e+00
6.672308921813964844e+00 -inf 6.672308921813964844e+00 6.575454711914062500e+00 5.225656986236572266e+00 6.555599689483642578e+00
6.674557685852050781e+00 -inf 6.674557685852050781e+00 6.568262577056884766e+00 5.184718132019042969e+00 6.549923419952392578e+00
6.678245544433593750e+00 -inf 6.678245544433593750e+00 6.559510231018066406e+00 5.118998050689697266e+00 6.543467998504638672e+00
6.683023929595947266e+00 -inf 6.683023929595947266e+00 6.548810958862304688e+00 5.073791980743408203e+00 6.534014225006103516e+00
6.687573432922363281e+00 -inf 6.687573432922363281e+00 6.537724971771240234e+00 5.048631668090820312e+00 6.523409366607666016e+00
6.691665172576904297e+00 -inf 6.691665172576904297e+00 6.527486324310302734e+00 5.055666923522949219e+00 6.512578964233398438e+00
6.695307254791259766e+00 1.995555877685546875e+00 6.695298671722412109e+00 6.517168045043945312e+00 5.094269752502441406e+00 6.500448703765869141e+00
6.698808670043945312e+00 2.712752580642700195e+00 6.698764324188232422e+00 6.506111621856689453e+00 5.139251232147216797e+00 6.487038612365722656e+00
6.702261447906494141e+00 3.090942382812500000e+00 6.702155590057373047e+00 6.494680881500244141e+00 5.166000366210937500e+00 6.473811626434326172e+00
6.705925464630126953e+00 2.922853469848632812e+00 6.705853939056396484e+00 6.482933044433593750e+00 5.250418186187744141e+00 6.456732749938964844e+00
6.710963726043701172e+00 3.162043094635009766e+00 6.710840702056884766e+00 6.466907501220703125e+00 5.323334217071533203e+00 6.434525966644287109e+00
6.715718746185302734e+00 3.358263015747070312e+00 6.715528964996337891e+00 6.451258659362792969e+00 5.393347263336181641e+00 6.411483764648437500e+00
6.716743946075439453e+00 3.606032848358154297e+00 6.716406822204589844e+00 6.440986156463623047e+00 5.448551177978515625e+00 6.394379615783691406e+00
6.716938972473144531e+00 3.943486213684082031e+00 6.716207027435302734e+00 6.432013988494873047e+00 5.530695438385009766e+00 6.373769283294677734e+00
6.715968132019042969e+00 4.085538387298583984e+00 6.714950084686279297e+00 6.424551963806152344e+00 5.587573528289794922e+00 6.356237888336181641e+00
6.715010166168212891e+00 4.264705657958984375e+00 6.713467121124267578e+00 6.416091442108154297e+00 5.628276824951171875e+00 6.338817596435546875e+00
6.713314056396484375e+00 4.428476333618164062e+00 6.711053848266601562e+00 6.410517692565917969e+00 5.653409957885742188e+00 6.327002525329589844e+00
6.709793090820312500e+00 4.470230579376220703e+00 6.707284927368164062e+00 6.406724452972412109e+00 5.676302433013916016e+00 6.317333698272705078e+00
6.705224514007568359e+00 4.504499912261962891e+00 6.702480792999267578e+00 6.404188632965087891e+00 5.688982009887695312e+00 6.311244964599609375e+00
6.700614452362060547e+00 4.526164054870605469e+00 6.697698116302490234e+00 6.401409626007080078e+00 5.704948425292968750e+00 6.303869724273681641e+00
6.697030544281005859e+00 4.546467781066894531e+00 6.693948745727539062e+00 6.398099422454833984e+00 5.722152709960937500e+00 6.295237064361572266e+00
6.693565368652343750e+00 4.555988311767578125e+00 6.690390110015869141e+00 6.395715713500976562e+00 5.742405891418457031e+00 6.286599159240722656e+00
6.690214633941650391e+00 4.568762302398681641e+00 6.686918735504150391e+00 6.392790794372558594e+00 5.752781867980957031e+00 6.279799461364746094e+00
6.687030315399169922e+00 4.627773761749267578e+00 6.683225631713867188e+00 6.389160156250000000e+00 5.756302356719970703e+00 6.274020671844482422e+00
6.683872699737548828e+00 4.662347316741943359e+00 6.679720878601074219e+00 6.382945060729980469e+00 5.742963314056396484e+00 6.269944190979003906e+00
6.682227134704589844e+00 4.674307823181152344e+00 6.677941322326660156e+00 6.373819828033447266e+00 5.724532127380371094e+00 6.263547420501708984e+00
6.680314540863037109e+00 4.662591457366943359e+00 6.676125526428222656e+00 6.367616176605224609e+00 5.715032100677490234e+00 6.258292198181152344e+00
6.679003715515136719e+00 4.643192768096923828e+00 6.674986839294433594e+00 6.360815525054931641e+00 5.697248935699462891e+00 6.254584789276123047e+00
6.678073406219482422e+00 4.575667381286621094e+00 6.674628734588623047e+00 6.354658603668212891e+00 5.676795482635498047e+00 6.252307415008544922e+00
6.675849437713623047e+00 4.510762691497802734e+00 6.672869682312011719e+00 6.344436168670654297e+00 5.617352485656738281e+00 6.254278659820556641e+00
6.673574924468994141e+00 4.438118457794189453e+00 6.671041965484619141e+00 6.339997768402099609e+00 5.559851646423339844e+00 6.261215209960937500e+00
6.670964717864990234e+00 4.349115848541259766e+00 6.668890476226806641e+00 6.334959983825683594e+00 5.490755081176757812e+00 6.267864704132080078e+00
6.668696880340576172e+00 4.194184780120849609e+00 6.667237758636474609e+00 6.329825878143310547e+00 5.415318012237548828e+00 6.273441791534423828e+00
6.666169643402099609e+00 4.110466003417968750e+00 6.664959907531738281e+00 6.326126575469970703e+00 5.371673107147216797e+00 6.275000095367431641e+00
6.663431644439697266e+00 4.049393177032470703e+00 6.662374496459960938e+00 6.325011253356933594e+00 5.327539920806884766e+00 6.278972148895263672e+00
6.660973548889160156e+00 4.024853706359863281e+00 6.659966945648193359e+00 6.323941707611083984e+00 5.293533325195312500e+00 6.281435012817382812e+00
6.659309387207031250e+00 3.971134185791015625e+00 6.658417224884033203e+00 6.321688652038574219e+00 5.250271797180175781e+00 6.283187389373779297e+00
6.657915592193603516e+00 3.937573194503784180e+00 6.657087802886962891e+00 6.319236755371093750e+00 5.237460136413574219e+00 6.281683444976806641e+00
6.656746864318847656e+00 3.857949972152709961e+00 6.656055927276611328e+00 6.315716743469238281e+00 5.210926532745361328e+00 6.280182838439941406e+00
6.655715465545654297e+00 3.879058361053466797e+00 6.654988765716552734e+00 6.312060356140136719e+00 5.182680606842041016e+00 6.278560161590576172e+00
6.654125690460205078e+00 3.870993375778198242e+00 6.653408527374267578e+00 6.309071540832519531e+00 5.165562629699707031e+00 6.276684761047363281e+00
6.652701854705810547e+00 3.886822462081909180e+00 6.651956558227539062e+00 6.306873321533203125e+00 5.154045104980468750e+00 6.275199413299560547e+00
6.650678157806396484e+00 3.970569610595703125e+00 6.649769783020019531e+00 6.305094242095947266e+00 5.151968479156494141e+00 6.273442745208740234e+00
6.648612976074218750e+00 3.933948278427124023e+00 6.647775173187255859e+00 6.302814006805419922e+00 5.157526969909667969e+00 6.270564556121826172e+00
6.647539615631103516e+00 3.827004909515380859e+00 6.646883010864257812e+00 6.300172805786132812e+00 5.159034252166748047e+00 6.267601966857910156e+00
6.646488666534423828e+00 3.881968498229980469e+00 6.645741939544677734e+00 6.297614097595214844e+00 5.163808345794677734e+00 6.264466285705566406e+00
6.645468235015869141e+00 3.938844919204711914e+00 6.644614219665527344e+00 6.295053005218505859e+00 5.149967670440673828e+00 6.262787818908691406e+00
6.644839763641357422e+00 3.853572368621826172e+00 6.644137382507324219e+00 6.291727066040039062e+00 5.127455711364746094e+00 6.260907649993896484e+00
6.644320487976074219e+00 3.703646898269653320e+00 6.643821716308593750e+00 6.287197113037109375e+00 5.135922908782958984e+00 6.255405426025390625e+00
6.644183635711669922e+00 3.715415239334106445e+00 6.643670558929443359e+00 6.281424522399902344e+00 5.157046794891357422e+00 6.247521400451660156e+00
6.644712924957275391e+00 3.822646617889404297e+00 6.644057750701904297e+00 6.275049686431884766e+00 5.186515808105468750e+00 6.238101005554199219e+00
6.646080017089843750e+00 3.949741840362548828e+00 6.645205974578857422e+00 6.267428398132324219e+00 5.241457462310791016e+00 6.224462509155273438e+00
6.647814750671386719e+00 4.021834373474121094e+00 6.646785259246826172e+00 6.259501934051513672e+00 5.277988910675048828e+00 6.211640357971191406e+00
6.649744033813476562e+00 4.094686508178710938e+00 6.648532867431640625e+00 6.250068664550781250e+00 5.274328231811523438e+00 6.201529979705810547e+00
6.653359889984130859e+00 4.070204257965087891e+00 6.652224063873291016e+00 6.238351345062255859e+00 5.265895366668701172e+00 6.189423561096191406e+00
6.657738208770751953e+00 4.030566215515136719e+00 6.656712532043457031e+00 6.225044727325439453e+00 5.279021739959716797e+00 6.172853946685791016e+00
6.661985397338867188e+00 3.985321521759033203e+00 6.661069869995117188e+00 6.212115287780761719e+00 5.290796756744384766e+00 6.156665802001953125e+00
6.665836811065673828e+00 3.953929424285888672e+00 6.664992809295654297e+00 6.199139595031738281e+00 5.277903556823730469e+00 6.143678665161132812e+00
6.669031620025634766e+00 3.891664743423461914e+00 6.668305873870849609e+00 6.188233375549316406e+00 5.273298263549804688e+00 6.131907463073730469e+00
6.671770095825195312e+00 3.827697515487670898e+00 6.671147346496582031e+00 6.176868915557861328e+00 5.263317584991455078e+00 6.120350837707519531e+00
6.675375461578369141e+00 3.805890083312988281e+00 6.674788951873779297e+00 6.163551807403564453e+00 5.230338573455810547e+00 6.109697818756103516e+00
6.679164886474609375e+00 3.740362644195556641e+00 6.678666114807128906e+00 6.149190425872802734e+00 5.178884506225585938e+00 6.100005149841308594e+00
6.682260513305664062e+00 3.568155288696289062e+00 6.681926250457763672e+00 6.136346340179443359e+00 5.145727634429931641e+00 6.089534759521484375e+00
6.685522556304931641e+00 3.431481122970581055e+00 6.685281276702880859e+00 6.121222972869873047e+00 5.117166042327880859e+00 6.075913906097412109e+00
6.687660694122314453e+00 3.519461631774902344e+00 6.687365055084228516e+00 6.109654903411865234e+00 5.104917049407958984e+00 6.064421176910400391e+00
6.689080715179443359e+00 3.601194620132446289e+00 6.688725948333740234e+00 6.099189758300781250e+00 5.099843978881835938e+00 6.053358554840087891e+00
6.691002368927001953e+00 3.682585239410400391e+00 6.690577507019042969e+00 6.087992191314697266e+00 5.064377307891845703e+00 6.044779777526855469e+00
6.692043781280517578e+00 3.626297712326049805e+00 6.691669940948486328e+00 6.079064369201660156e+00 5.018575668334960938e+00 6.039535045623779297e+00
6.693304061889648438e+00 3.553562641143798828e+00 6.692989349365234375e+00 6.069025993347167969e+00 5.013494014739990234e+00 6.029022216796875000e+00
6.693738937377929688e+00 3.588015556335449219e+00 6.693399429321289062e+00 6.061538219451904297e+00 5.029994487762451172e+00 6.019148349761962891e+00
6.693455696105957031e+00 3.570878028869628906e+00 6.693128585815429688e+00 6.054954051971435547e+00 5.040311336517333984e+00 6.010793685913085938e+00
6.693683624267578125e+00 3.613735914230346680e+00 6.693322658538818359e+00 6.043258190155029297e+00 5.019232273101806641e+00 6.000090599060058594e+00
6.693182945251464844e+00 3.447854042053222656e+00 6.692936420440673828e+00 6.033657550811767578e+00 4.983647346496582031e+00 5.993118286132812500e+00
6.692152500152587891e+00 3.408822774887084961e+00 6.691924571990966797e+00 6.024968624114990234e+00 4.961524963378906250e+00 5.985721588134765625e+00
6.690336704254150391e+00 3.506949186325073242e+00 6.690050601959228516e+00 6.018915176391601562e+00 4.935518264770507812e+00 5.981507301330566406e+00
6.687630653381347656e+00 3.561396360397338867e+00 6.687305450439453125e+00 6.010921478271484375e+00 4.887622356414794922e+00 5.976930141448974609e+00
6.684001445770263672e+00 3.582548379898071289e+00 6.683657169342041016e+00 6.000754833221435547e+00 4.826158523559570312e+00 5.970684528350830078e+00
6.680006980895996094e+00 3.745883703231811523e+00 6.679500579833984375e+00 5.994348526000976562e+00 4.743947505950927734e+00 5.969236373901367188e+00
6.675430774688720703e+00 3.744462728500366211e+00 6.674921512603759766e+00 5.988918781280517578e+00 4.659770011901855469e+00 5.968072891235351562e+00
6.671229839324951172e+00 3.754420280456542969e+00 6.670703887939453125e+00 5.982384204864501953e+00 4.611024856567382812e+00 5.963511943817138672e+00
6.667863845825195312e+00 3.867986679077148438e+00 6.667173862457275391e+00 5.972841739654541016e+00 4.568940162658691406e+00 5.955359458923339844e+00
6.664847373962402344e+00 3.906073570251464844e+00 6.664090156555175781e+00 5.961434364318847656e+00 4.523852825164794922e+00 5.945282459259033203e+00
6.662211418151855469e+00 3.972002506256103516e+00 6.661323547363281250e+00 5.950315475463867188e+00 4.469340801239013672e+00 5.935724258422851562e+00
6.659998893737792969e+00 4.058412551879882812e+00 6.658910274505615234e+00 5.938083648681640625e+00 4.440480232238769531e+00 5.924050331115722656e+00
6.656548023223876953e+00 4.142150402069091797e+00 6.655218124389648438e+00 5.928549289703369141e+00 4.414242744445800781e+00 5.915053844451904297e+00
6.653487682342529297e+00 4.113249778747558594e+00 6.652234554290771484e+00 5.917464733123779297e+00 4.287317752838134766e+00 5.907165050506591797e+00
6.649934291839599609e+00 4.137453556060791016e+00 6.648598670959472656e+00 5.906801700592041016e+00 4.244621753692626953e+00 5.897243499755859375e+00
6.647349357604980469e+00 4.119025707244873047e+00 6.646059989929199219e+00 5.893112182617187500e+00 4.163040161132812500e+00 5.884950637817382812e+00
6.643838882446289062e+00 4.027447223663330078e+00 6.642786502838134766e+00 5.882163524627685547e+00 4.044272899627685547e+00 5.875809192657470703e+00
6.641521930694580078e+00 3.931129455566406250e+00 6.640675067901611328e+00 5.865953922271728516e+00 4.115379810333251953e+00 5.858170986175537109e+00
6.639950752258300781e+00 3.941098213195800781e+00 6.639081954956054688e+00 5.846678256988525391e+00 4.053683757781982422e+00 5.839626789093017578e+00
6.639516830444335938e+00 4.093131065368652344e+00 6.638280391693115234e+00 5.819285392761230469e+00 4.093049049377441406e+00 5.811050891876220703e+00
6.639008522033691406e+00 4.214841842651367188e+00 6.637369632720947266e+00 5.789072036743164062e+00 4.058998107910156250e+00 5.780909061431884766e+00
6.638586521148681641e+00 4.223533153533935547e+00 6.636913776397705078e+00 5.754120349884033203e+00 3.896441459655761719e+00 5.748051643371582031e+00
6.635872364044189453e+00 4.251144409179687500e+00 6.634077548980712891e+00 5.725410938262939453e+00 3.848106384277343750e+00 5.719611644744873047e+00
6.633491039276123047e+00 4.282528877258300781e+00 6.631550788879394531e+00 5.689499855041503906e+00 3.782919883728027344e+00 5.684081554412841797e+00
6.632622718811035156e+00 4.235480785369873047e+00 6.630878925323486328e+00 5.641958236694335938e+00 3.695281982421875000e+00 5.637020111083984375e+00
6.630941390991210938e+00 4.325052738189697266e+00 6.628787994384765625e+00 5.592256069183349609e+00 3.670139789581298828e+00 5.587028980255126953e+00
6.628783702850341797e+00 4.395600318908691406e+00 6.626237869262695312e+00 5.540988445281982422e+00 3.656863927841186523e+00 5.535280227661132812e+00
6.624255657196044922e+00 4.420670032501220703e+00 6.621530055999755859e+00 5.494592189788818359e+00 3.564734458923339844e+00 5.489458084106445312e+00
6.617789745330810547e+00 4.521636009216308594e+00 6.614295005798339844e+00 5.453119754791259766e+00 3.568684577941894531e+00 5.447415828704833984e+00
6.609130382537841797e+00 4.583394527435302734e+00 6.605018138885498047e+00 5.410808086395263672e+00 3.588001728057861328e+00 5.404227256774902344e+00
6.599542617797851562e+00 4.599858760833740234e+00 6.595174789428710938e+00 5.372495651245117188e+00 3.427270650863647461e+00 5.367540836334228516e+00
6.590966701507568359e+00 4.575926303863525391e+00 6.586750984191894531e+00 5.312508583068847656e+00 3.475530147552490234e+00 5.306140899658203125e+00
6.581133842468261719e+00 4.513751029968261719e+00 6.577398777008056641e+00 5.270156860351562500e+00 3.465429306030273438e+00 5.263294219970703125e+00
6.570614814758300781e+00 4.455293178558349609e+00 6.567271709442138672e+00 5.215647697448730469e+00 3.384581327438354492e+00 5.209192276000976562e+00
6.560068130493164062e+00 4.423092365264892578e+00 6.556888103485107422e+00 5.148739814758300781e+00 3.407711744308471680e+00 5.140783309936523438e+00
6.549265384674072266e+00 4.531629562377929688e+00 6.545075416564941406e+00 5.108318805694580078e+00 3.162276983261108398e+00 5.103373527526855469e+00
6.538072586059570312e+00 4.605803489685058594e+00 6.532967567443847656e+00 5.077848911285400391e+00 2.931414604187011719e+00 5.074738025665283203e+00
6.528501510620117188e+00 4.690500259399414062e+00 6.522149562835693359e+00 5.031036853790283203e+00 2.371502399444580078e+00 5.030085086822509766e+00
6.520171165466308594e+00 4.731160163879394531e+00 6.513053417205810547e+00 4.970621109008789062e+00 -inf 4.970621109008789062e+00
6.509382724761962891e+00 4.793693065643310547e+00 6.500944137573242188e+00 4.894460201263427734e+00 -inf 4.894460201263427734e+00
6.494447231292724609e+00 4.824623107910156250e+00 6.485057353973388672e+00 4.817399978637695312e+00 2.202002763748168945e+00 4.816345691680908203e+00
6.474210262298583984e+00 4.842111110687255859e+00 6.463958263397216797e+00 4.733007431030273438e+00 -inf 4.733007431030273438e+00
6.450571537017822266e+00 4.857561588287353516e+00 6.439341545104980469e+00 4.678520679473876953e+00 -inf 4.678520679473876953e+00
6.429054737091064453e+00 4.872200489044189453e+00 6.416836261749267578e+00 4.638537883758544922e+00 -inf 4.638537883758544922e+00
6.410464286804199219e+00 4.916195392608642578e+00 6.396319866180419922e+00 4.606415271759033203e+00 -inf 4.606415271759033203e+00
6.389814376831054688e+00 4.925107002258300781e+00 6.374657630920410156e+00 4.542477607727050781e+00 -inf 4.542477607727050781e+00
6.371884346008300781e+00 4.950307369232177734e+00 6.355113029479980469e+00 4.527122020721435547e+00 -inf 4.527122020721435547e+00
6.354224681854248047e+00 4.918684959411621094e+00 6.337993621826171875e+00 4.504959106445312500e+00 -inf 4.504959106445312500e+00
6.340374946594238281e+00 4.936501502990722656e+00 6.322891235351562500e+00 4.442400932312011719e+00 -inf 4.442400932312011719e+00
6.327434062957763672e+00 4.964088439941406250e+00 6.308201313018798828e+00 4.420143127441406250e+00 -inf 4.420143127441406250e+00
6.314342021942138672e+00 4.987193107604980469e+00 6.293397903442382812e+00 4.396339416503906250e+00 -inf 4.396339416503906250e+00
6.300496578216552734e+00 5.046507835388183594e+00 6.275598049163818359e+00 4.369832038879394531e+00 -inf 4.369832038879394531e+00
6.289230823516845703e+00 5.083049774169921875e+00 6.261339187622070312e+00 4.339976787567138672e+00 -inf 4.339976787567138672e+00
6.278076171875000000e+00 5.106432914733886719e+00 6.247793197631835938e+00 4.308032512664794922e+00 -inf 4.308032512664794922e+00
6.265202999114990234e+00 5.145894050598144531e+00 6.230885028839111328e+00 4.275652885437011719e+00 -inf 4.275652885437011719e+00
6.255249500274658203e+00 5.176664352416992188e+00 6.217406749725341797e+00 4.266328811645507812e+00 -inf 4.266328811645507812e+00
6.246103286743164062e+00 5.205664157867431641e+00 6.204615116119384766e+00 4.266329765319824219e+00 -inf 4.266329765319824219e+00
6.238359451293945312e+00 5.220120429992675781e+00 6.194581985473632812e+00 4.266330718994140625e+00 -inf 4.266330718994140625e+00
6.231008529663085938e+00 5.259527206420898438e+00 6.181963920593261719e+00 4.266331672668457031e+00 -inf 4.266331672668457031e+00
6.225232601165771484e+00 5.281036376953125000e+00 6.172807693481445312e+00 4.266332149505615234e+00 -inf 4.266332149505615234e+00
6.218769550323486328e+00 5.286728858947753906e+00 6.164760589599609375e+00 4.266332626342773438e+00 -inf 4.266332626342773438e+00
6.211822986602783203e+00 5.259214401245117188e+00 6.160465717315673828e+00 4.266333103179931641e+00 -inf 4.266333103179931641e+00
6.203878879547119141e+00 5.272494792938232422e+00 6.149783134460449219e+00 4.266333580017089844e+00 -inf 4.266333580017089844e+00
6.197458744049072266e+00 5.304109096527099609e+00 6.138056755065917969e+00 4.266569137573242188e+00 -inf 4.266569137573242188e+00
6.190667152404785156e+00 5.305605411529541016e+00 6.130037784576416016e+00 4.266334533691406250e+00 -inf 4.266334533691406250e+00
6.183856010437011719e+00 5.297573566436767578e+00 6.123409748077392578e+00 4.266334533691406250e+00 -inf 4.266334533691406250e+00
6.178062438964843750e+00 5.267414569854736328e+00 6.121139049530029297e+00 4.266335487365722656e+00 -inf 4.266335487365722656e+00
6.172353267669677734e+00 5.234152317047119141e+00 6.119153499603271484e+00 4.266335964202880859e+00 -inf 4.266335964202880859e+00
6.164399147033691406e+00 5.222188949584960938e+00 6.111719131469726562e+00 4.266336441040039062e+00 -inf 4.266336441040039062e+00
6.157516479492187500e+00 5.226850032806396484e+00 6.103324890136718750e+00 4.266336917877197266e+00 -inf 4.266336917877197266e+00
6.151642799377441406e+00 5.201328277587890625e+00 6.099996566772460938e+00 4.266337394714355469e+00 -inf 4.266337394714355469e+00
6.144847869873046875e+00 5.145150661468505859e+00 6.099057674407958984e+00 4.266337871551513672e+00 -inf 4.266337871551513672e+00
6.137504100799560547e+00 5.112530708312988281e+00 6.094436168670654297e+00 4.266338348388671875e+00 -inf 4.266338348388671875e+00
6.132808685302734375e+00 5.085057735443115234e+00 6.092046737670898438e+00 4.266338825225830078e+00 -inf 4.266338825225830078e+00
