5.585157871246337891e+00 -inf 5.585157871246337891e+00 6.974642276763916016e+00 5.240874767303466797e+00 6.966551303863525391e+00
5.579482078552246094e+00 -inf 5.579482078552246094e+00 6.974594116210937500e+00 5.265735626220703125e+00 6.966019630432128906e+00
5.574047088623046875e+00 -inf 5.574047088623046875e+00 6.974575996398925781e+00 5.279078483581542969e+00 6.965730667114257812e+00
5.567425727844238281e+00 -inf 5.567425727844238281e+00 6.973745346069335938e+00 5.237232685089111328e+00 6.965704917907714844e+00
5.559917926788330078e+00 -inf 5.559917926788330078e+00 6.973749637603759766e+00 5.263683319091796875e+00 6.965199470520019531e+00
5.550914764404296875e+00 -inf 5.550914764404296875e+00 6.973741054534912109e+00 5.269406318664550781e+00 6.965075969696044922e+00
5.542422771453857422e+00 -inf 5.542422771453857422e+00 6.972620964050292969e+00 5.213115215301513672e+00 6.964998245239257812e+00
5.536638259887695312e+00 -inf 5.536638259887695312e+00 6.972401142120361328e+00 5.208176612854003906e+00 6.964861869812011719e+00
5.534365177154541016e+00 -inf 5.534365177154541016e+00 6.971229076385498047e+00 5.169068813323974609e+00 6.964325904846191406e+00
5.532651901245117188e+00 -inf 5.532651901245117188e+00 6.969826698303222656e+00 5.107126712799072266e+00 6.963827610015869141e+00
5.529913902282714844e+00 -inf 5.529913902282714844e+00 6.969316959381103516e+00 5.104029178619384766e+00 6.963354110717773438e+00
5.529234886169433594e+00 -inf 5.529234886169433594e+00 6.968771934509277344e+00 4.879624366760253906e+00 6.965219974517822266e+00
5.532299041748046875e+00 -inf 5.532299041748046875e+00 6.968167304992675781e+00 4.793062210083007812e+00 6.965255260467529297e+00
5.540137767791748047e+00 -inf 5.540137767791748047e+00 6.967344760894775391e+00 4.880960941314697266e+00 6.963770866394042969e+00
5.550248622894287109e+00 -inf 5.550248622894287109e+00 6.966451168060302734e+00 4.939139366149902344e+00 6.962353706359863281e+00
5.560885429382324219e+00 -inf 5.560885429382324219e+00 6.965404033660888672e+00 5.053308963775634766e+00 6.960053920745849609e+00
5.570653438568115234e+00 -inf 5.570653438568115234e+00 6.964300632476806641e+00 5.140123367309570312e+00 6.957741260528564453e+00
5.576963424682617188e+00 -inf 5.576963424682617188e+00 6.963265895843505859e+00 5.204857349395751953e+00 6.955624103546142578e+00
5.582290172576904297e+00 -inf 5.582290172576904297e+00 6.962019920349121094e+00 5.284247398376464844e+00 6.952802658081054688e+00
5.589569568634033203e+00 -inf 5.589569568634033203e+00 6.960585117340087891e+00 5.365306377410888672e+00 6.949414730072021484e+00
5.599064350128173828e+00 -inf 5.599064350128173828e+00 6.959270954132080078e+00 5.410253047943115234e+00 6.946826934814453125e+00
5.609244823455810547e+00 -inf 5.609244823455810547e+00 6.957355499267578125e+00 5.446359157562255859e+00 6.943754673004150391e+00
5.616396903991699219e+00 -inf 5.616396903991699219e+00 6.956199645996093750e+00 5.478712558746337891e+00 6.941488742828369141e+00
5.623724460601806641e+00 -inf 5.623724460601806641e+00 6.955106735229492188e+00 5.511124610900878906e+00 6.939194202423095703e+00
5.632819652557373047e+00 -inf 5.632819652557373047e+00 6.953629493713378906e+00 5.532532215118408203e+00 6.936839580535888672e+00
5.641926288604736328e+00 -inf 5.641926288604736328e+00 6.952334880828857422e+00 5.557094573974609375e+00 6.934493541717529297e+00
5.652015209197998047e+00 -inf 5.652015209197998047e+00 6.951337337493896484e+00 5.594431400299072266e+00 6.931812286376953125e+00
5.662849903106689453e+00 -inf 5.662849903106689453e+00 6.950061798095703125e+00 5.643705368041992188e+00 6.928064346313476562e+00
5.670286178588867188e+00 -inf 5.670286178588867188e+00 6.949207782745361328e+00 5.664881706237792969e+00 6.926033973693847656e+00
5.673621177673339844e+00 -inf 5.673621177673339844e+00 6.948504924774169922e+00 5.656254768371582031e+00 6.925761699676513672e+00
5.676091670989990234e+00 -inf 5.676091670989990234e+00 6.948040008544921875e+00 5.629881858825683594e+00 6.926646709442138672e+00
5.677388191223144531e+00 -inf 5.677388191223144531e+00 6.946995258331298828e+00 5.615888118743896484e+00 6.926245689392089844e+00
5.677459716796875000e+00 -inf 5.677459716796875000e+00 6.946611881256103516e+00 5.606709480285644531e+00 6.926288127899169922e+00
5.676892280578613281e+00 -inf 5.676892280578613281e+00 6.945652961730957031e+00 5.577501296997070312e+00 6.926637649536132812e+00
5.675454139709472656e+00 -inf 5.675454139709472656e+00 6.945503711700439453e+00 5.573527336120605469e+00 6.926659107208251953e+00
5.672786235809326172e+00 -inf 5.672786235809326172e+00 6.945497035980224609e+00 5.552749633789062500e+00 6.927550792694091797e+00
5.668859958648681641e+00 -inf 5.668859958648681641e+00 6.945628166198730469e+00 5.524832248687744141e+00 6.928825855255126953e+00
5.663218498229980469e+00 -inf 5.663218498229980469e+00 6.945920467376708984e+00 5.500673294067382812e+00 6.930055618286132812e+00
5.655884742736816406e+00 -inf 5.655884742736816406e+00 6.946353912353515625e+00 5.469045639038085938e+00 6.931636810302734375e+00
5.646177291870117188e+00 -inf 5.646177291870117188e+00 6.945524215698242188e+00 5.376503944396972656e+00 6.933648109436035156e+00
5.633616924285888672e+00 -inf 5.633616924285888672e+00 6.946357727050781250e+00 5.306221961975097656e+00 6.936295986175537109e+00
5.619605064392089844e+00 -inf 5.619605064392089844e+00 6.947297573089599609e+00 5.300924777984619141e+00 6.937381267547607422e+00
5.604491710662841797e+00 -inf 5.604491710662841797e+00 6.948315143585205078e+00 5.286335945129394531e+00 6.938752651214599609e+00
5.587640285491943359e+00 -inf 5.587640285491943359e+00 6.949461936950683594e+00 5.288923740386962891e+00 6.939867019653320312e+00
5.568596363067626953e+00 -inf 5.568596363067626953e+00 6.950082302093505859e+00 5.263297557830810547e+00 6.941056251525878906e+00
5.544833660125732422e+00 -inf 5.544833660125732422e+00 6.951608180999755859e+00 5.245213508605957031e+00 6.942984580993652344e+00
5.515231132507324219e+00 -inf 5.515231132507324219e+00 6.953352928161621094e+00 5.248906135559082031e+00 6.944690227508544922e+00
5.482822418212890625e+00 -inf 5.482822418212890625e+00 6.955185890197753906e+00 5.229217529296875000e+00 6.946946144104003906e+00
5.449532032012939453e+00 -inf 5.449532032012939453e+00 6.956345081329345703e+00 5.188255310058593750e+00 6.948873043060302734e+00
5.412755489349365234e+00 -inf 5.412755489349365234e+00 6.958214282989501953e+00 5.169142723083496094e+00 6.951097488403320312e+00
5.372722148895263672e+00 -inf 5.372722148895263672e+00 6.960071563720703125e+00 5.213244438171386719e+00 6.952221393585205078e+00
5.336808204650878906e+00 -inf 5.336808204650878906e+00 6.960950374603271484e+00 5.208409309387207031e+00 6.953203678131103516e+00
5.298925876617431641e+00 -inf 5.298925876617431641e+00 6.962597370147705078e+00 5.216395854949951172e+00 6.954735755920410156e+00
5.260154247283935547e+00 -inf 5.260154247283935547e+00 6.964174270629882812e+00 5.210732460021972656e+00 6.956443786621093750e+00
5.219969749450683594e+00 -inf 5.219969749450683594e+00 6.965699195861816406e+00 5.213683128356933594e+00 6.957942962646484375e+00
5.174625873565673828e+00 -inf 5.174625873565673828e+00 6.967274665832519531e+00 5.170526504516601562e+00 6.960283279418945312e+00
5.124947071075439453e+00 -inf 5.124947071075439453e+00 6.968880176544189453e+00 5.148209095001220703e+00 6.962266921997070312e+00
5.077126502990722656e+00 -inf 5.077126502990722656e+00 6.970400810241699219e+00 5.178110122680664062e+00 6.963337421417236328e+00
5.037486553192138672e+00 -inf 5.037486553192138672e+00 6.970369815826416016e+00 5.137474536895751953e+00 6.963941097259521484e+00
5.003661155700683594e+00 -inf 5.003661155700683594e+00 6.971490859985351562e+00 5.151569366455078125e+00 6.964866161346435547e+00
4.972860813140869141e+00 -inf 4.972860813140869141e+00 6.972305774688720703e+00 5.116529941558837891e+00 6.966209888458251953e+00
4.948031425476074219e+00 -inf 4.948031425476074219e+00 6.973165512084960938e+00 5.103435993194580078e+00 6.967262744903564453e+00
4.929354190826416016e+00 -inf 4.929354190826416016e+00 6.973175525665283203e+00 4.973327159881591797e+00 6.968808650970458984e+00
4.911883831024169922e+00 -inf 4.911883831024169922e+00 6.973999977111816406e+00 4.904442787170410156e+00 6.970283508300781250e+00
4.897075176239013672e+00 -inf 4.897075176239013672e+00 6.974740982055664062e+00 4.882166862487792969e+00 6.971218585968017578e+00
4.881623744964599609e+00 -inf 4.881623744964599609e+00 6.975391864776611328e+00 4.843080997467041016e+00 6.972177505493164062e+00
4.865237236022949219e+00 -inf 4.865237236022949219e+00 6.975969314575195312e+00 4.850928306579589844e+00 6.972701072692871094e+00
4.852148532867431641e+00 -inf 4.852148532867431641e+00 6.976465225219726562e+00 4.881556034088134766e+00 6.972959995269775391e+00
4.837326526641845703e+00 -inf 4.837326526641845703e+00 6.976923942565917969e+00 4.847042083740234375e+00 6.973691463470458984e+00
4.818917274475097656e+00 -inf 4.818917274475097656e+00 6.977381229400634766e+00 4.907233238220214844e+00 6.973670959472656250e+00
4.792988777160644531e+00 -inf 4.792988777160644531e+00 6.977872371673583984e+00 5.030794143676757812e+00 6.972939014434814453e+00
4.762939929962158203e+00 -inf 4.762939929962158203e+00 6.978410720825195312e+00 5.138683319091796875e+00 6.972083568572998047e+00
4.729122638702392578e+00 -inf 4.729122638702392578e+00 6.978593349456787109e+00 5.186180591583251953e+00 6.971531867980957031e+00
4.699750423431396484e+00 -inf 4.699750423431396484e+00 6.979152202606201172e+00 5.195555686950683594e+00 6.971945285797119141e+00
4.676817893981933594e+00 -inf 4.676817893981933594e+00 6.979667186737060547e+00 5.196155071258544922e+00 6.972457408905029297e+00
4.660725593566894531e+00 -inf 4.660725593566894531e+00 6.980121612548828125e+00 5.230703830718994141e+00 6.972318649291992188e+00
4.644775390625000000e+00 -inf 4.644775390625000000e+00 6.980486392974853516e+00 5.316998958587646484e+00 6.970957279205322266e+00
4.631441116333007812e+00 -inf 4.631441116333007812e+00 6.980239868164062500e+00 5.330785751342773438e+00 6.970393657684326172e+00
4.622141361236572266e+00 -inf 4.622141361236572266e+00 6.980135917663574219e+00 5.342838764190673828e+00 6.970007419586181641e+00
4.609479904174804688e+00 -inf 4.609479904174804688e+00 6.980357170104980469e+00 5.354403972625732422e+00 6.969956874847412109e+00
4.594355583190917969e+00 -inf 4.594355583190917969e+00 6.980556488037109375e+00 5.344868659973144531e+00 6.970389842987060547e+00
4.578258991241455078e+00 -inf 4.578258991241455078e+00 6.980745315551757812e+00 5.333764553070068359e+00 6.970842361450195312e+00
4.565876007080078125e+00 -inf 4.565876007080078125e+00 6.980947971343994141e+00 5.303496360778808594e+00 6.971724033355712891e+00
4.557519435882568359e+00 -inf 4.557519435882568359e+00 6.981137275695800781e+00 5.291054248809814453e+00 6.972180366516113281e+00
4.551288127899169922e+00 -inf 4.551288127899169922e+00 6.981308937072753906e+00 5.265896320343017578e+00 6.972864151000976562e+00
4.545723438262939453e+00 -inf 4.545723438262939453e+00 6.981451511383056641e+00 5.236943721771240234e+00 6.973558902740478516e+00
4.540537357330322266e+00 -inf 4.540537357330322266e+00 6.981563091278076172e+00 5.244279861450195312e+00 6.973536968231201172e+00
4.538018226623535156e+00 -inf 4.538018226623535156e+00 6.981631278991699219e+00 5.280075550079345703e+00 6.972909927368164062e+00
4.534077644348144531e+00 -inf 4.534077644348144531e+00 6.981680393218994141e+00 5.271064281463623047e+00 6.973141193389892578e+00
4.536091804504394531e+00 -inf 4.536091804504394531e+00 6.981373310089111328e+00 5.289140701293945312e+00 6.972460746765136719e+00
4.533910751342773438e+00 -inf 4.533910751342773438e+00 6.981409072875976562e+00 5.306878566741943359e+00 6.972121715545654297e+00
4.530955314636230469e+00 -inf 4.530955314636230469e+00 6.981449604034423828e+00 5.320750713348388672e+00 6.971858024597167969e+00
4.535266876220703125e+00 -inf 4.535266876220703125e+00 6.981442928314208984e+00 5.330815792083740234e+00 6.971623897552490234e+00
4.540466308593750000e+00 -inf 4.540466308593750000e+00 6.981423854827880859e+00 5.337351322174072266e+00 6.971454143524169922e+00
4.550842285156250000e+00 -inf 4.550842285156250000e+00 6.981379985809326172e+00 5.310052394866943359e+00 6.972023010253906250e+00
4.562164306640625000e+00 -inf 4.562164306640625000e+00 6.981337547302246094e+00 5.289002895355224609e+00 6.972427368164062500e+00
4.570721626281738281e+00 -inf 4.570721626281738281e+00 6.981293201446533203e+00 5.282412528991699219e+00 6.972517490386962891e+00
4.580279827117919922e+00 -inf 4.580279827117919922e+00 6.981237411499023438e+00 5.257994174957275391e+00 6.972945690155029297e+00
4.596506118774414062e+00 -inf 4.596506118774414062e+00 6.981141090393066406e+00 5.286871910095214844e+00 6.972270011901855469e+00
4.612321376800537109e+00 -inf 4.612321376800537109e+00 6.980765819549560547e+00 5.295923709869384766e+00 6.971699237823486328e+00
4.627220630645751953e+00 -inf 4.627220630645751953e+00 6.980668544769287109e+00 5.347989559173583984e+00 6.970430374145507812e+00
4.639606475830078125e+00 -inf 4.639606475830078125e+00 6.980587005615234375e+00 5.370658397674560547e+00 6.969790935516357422e+00
4.654081344604492188e+00 -inf 4.654081344604492188e+00 6.980497837066650391e+00 5.395756244659423828e+00 6.969049453735351562e+00
4.669309616088867188e+00 -inf 4.669309616088867188e+00 6.980401039123535156e+00 5.381258487701416016e+00 6.969330787658691406e+00
4.683723449707031250e+00 -inf 4.683723449707031250e+00 6.980310916900634766e+00 5.374163150787353516e+00 6.969419479370117188e+00
4.696622371673583984e+00 -inf 4.696622371673583984e+00 6.979654788970947266e+00 5.373789787292480469e+00 6.968756675720214844e+00
4.709963321685791016e+00 -inf 4.709963321685791016e+00 6.979564189910888672e+00 5.401484966278076172e+00 6.967936038970947266e+00
4.725502967834472656e+00 -inf 4.725502967834472656e+00 6.979460239410400391e+00 5.418128013610839844e+00 6.967368602752685547e+00
4.739528656005859375e+00 -inf 4.739528656005859375e+00 6.979357242584228516e+00 5.434056758880615234e+00 6.966804504394531250e+00
4.750535011291503906e+00 -inf 4.750535011291503906e+00 6.979271888732910156e+00 5.442955970764160156e+00 6.966453075408935547e+00
4.759767055511474609e+00 -inf 4.759767055511474609e+00 6.979192733764648438e+00 5.487920761108398438e+00 6.964949607849121094e+00
4.766469955444335938e+00 -inf 4.766469955444335938e+00 6.978559970855712891e+00 5.517479896545410156e+00 6.963272571563720703e+00
4.771553993225097656e+00 -inf 4.771553993225097656e+00 6.978191852569580078e+00 5.527975559234619141e+00 6.962509632110595703e+00
4.776116847991943359e+00 -inf 4.776116847991943359e+00 6.978046417236328125e+00 5.559304237365722656e+00 6.961163043975830078e+00
4.777387619018554688e+00 -inf 4.777387619018554688e+00 6.977992534637451172e+00 5.602342128753662109e+00 6.959310054779052734e+00
4.776524543762207031e+00 -inf 4.776524543762207031e+00 6.977925300598144531e+00 5.641397476196289062e+00 6.957439422607421875e+00
4.774240493774414062e+00 -inf 4.774240493774414062e+00 6.977882862091064453e+00 5.659267425537109375e+00 6.956512928009033203e+00
4.771352767944335938e+00 -inf 4.771352767944335938e+00 6.976988315582275391e+00 5.651743888854980469e+00 6.955949783325195312e+00
4.767949581146240234e+00 -inf 4.767949581146240234e+00 6.976950645446777344e+00 5.670129299163818359e+00 6.954977035522460938e+00
4.762947559356689453e+00 -inf 4.762947559356689453e+00 6.976900577545166016e+00 5.702311515808105469e+00 6.953186988830566406e+00
4.758628845214843750e+00 -inf 4.758628845214843750e+00 6.975923061370849609e+00 5.710485935211181641e+00 6.951689720153808594e+00
4.751126289367675781e+00 -inf 4.751126289367675781e+00 6.975507259368896484e+00 5.721970558166503906e+00 6.950581550598144531e+00
4.741477012634277344e+00 -inf 4.741477012634277344e+00 6.975056171417236328e+00 5.731443881988525391e+00 6.949536800384521484e+00
4.731841087341308594e+00 -inf 4.731841087341308594e+00 6.974908828735351562e+00 5.727411270141601562e+00 6.949624061584472656e+00
4.720317363739013672e+00 -inf 4.720317363739013672e+00 6.973777294158935547e+00 5.697371482849121094e+00 6.950165748596191406e+00
4.708682537078857422e+00 -inf 4.708682537078857422e+00 6.973817348480224609e+00 5.669540882110595703e+00 6.951710700988769531e+00
4.695658683776855469e+00 -inf 4.695658683776855469e+00 6.973876953125000000e+00 5.644595146179199219e+00 6.953038215637207031e+00
4.680647850036621094e+00 -inf 4.680647850036621094e+00 6.973935604095458984e+00 5.630003452301025391e+00 6.953804016113281250e+00
4.664380073547363281e+00 -inf 4.664380073547363281e+00 6.973270416259765625e+00 5.597156524658203125e+00 6.954607963562011719e+00
4.647014141082763672e+00 -inf 4.647014141082763672e+00 6.972669124603271484e+00 5.593205928802490234e+00 6.954153060913085938e+00
4.629586696624755859e+00 -inf 4.629586696624755859e+00 6.972743034362792969e+00 5.611373901367187500e+00 6.953422069549560547e+00
4.610591411590576172e+00 -inf 4.610591411590576172e+00 6.972831726074218750e+00 5.615567684173583984e+00 6.953322410583496094e+00
4.590468883514404297e+00 -inf 4.590468883514404297e+00 6.972915172576904297e+00 5.609515190124511719e+00 6.953686237335205078e+00
4.568594932556152344e+00 -inf 4.568594932556152344e+00 6.973011016845703125e+00 5.565261363983154297e+00 6.955686092376708984e+00
4.546482086181640625e+00 -inf 4.546482086181640625e+00 6.972320079803466797e+00 5.516981601715087891e+00 6.956826210021972656e+00
4.524497509002685547e+00 -inf 4.524497509002685547e+00 6.970978260040283203e+00 5.451647758483886719e+00 6.957640171051025391e+00
4.499918460845947266e+00 -inf 4.499918460845947266e+00 6.970365524291992188e+00 5.416703224182128906e+00 6.958055496215820312e+00
4.472486972808837891e+00 -inf 4.472486972808837891e+00 6.969805240631103516e+00 5.361817359924316406e+00 6.958960056304931641e+00
4.444489479064941406e+00 -inf 4.444489479064941406e+00 6.969356060028076172e+00 5.306767463684082031e+00 6.959806919097900391e+00
4.409019470214843750e+00 -inf 4.409019470214843750e+00 6.969385147094726562e+00 5.232399940490722656e+00 6.961352825164794922e+00
4.372514247894287109e+00 -inf 4.372514247894287109e+00 6.969417572021484375e+00 5.176499366760253906e+00 6.962364673614501953e+00
4.343568801879882812e+00 -inf 4.343568801879882812e+00 6.969370841979980469e+00 5.096704006195068359e+00 6.963509082794189453e+00
4.318831920623779297e+00 -inf 4.318831920623779297e+00 6.969258308410644531e+00 5.079483985900878906e+00 6.963624954223632812e+00
4.303651332855224609e+00 -inf 4.303651332855224609e+00 6.967013835906982422e+00 4.823626995086669922e+00 6.963880538940429688e+00
4.293220520019531250e+00 -inf 4.293220520019531250e+00 6.966653823852539062e+00 4.777441501617431641e+00 6.963835239410400391e+00
4.289655208587646484e+00 -inf 4.289655208587646484e+00 6.966483592987060547e+00 4.749656677246093750e+00 6.963839054107666016e+00
4.275060176849365234e+00 -inf 4.275060176849365234e+00 6.966303825378417969e+00 4.606442451477050781e+00 6.964402675628662109e+00
4.261177062988281250e+00 -inf 4.261177062988281250e+00 6.966098308563232422e+00 4.421147346496582031e+00 6.964858531951904297e+00
4.253444194793701172e+00 -inf 4.253444194793701172e+00 6.965902328491210938e+00 4.322428703308105469e+00 6.964914321899414062e+00
4.254167556762695312e+00 -inf 4.254167556762695312e+00 6.965755939483642578e+00 4.197936534881591797e+00 6.965014457702636719e+00
4.264017581939697266e+00 -inf 4.264017581939697266e+00 6.965581417083740234e+00 4.102465629577636719e+00 6.964985847473144531e+00
4.272033214569091797e+00 -inf 4.272033214569091797e+00 6.965405941009521484e+00 4.102038383483886719e+00 6.964810371398925781e+00
4.287975311279296875e+00 -inf 4.287975311279296875e+00 6.965207099914550781e+00 4.091327190399169922e+00 6.964626312255859375e+00
4.304735183715820312e+00 -inf 4.304735183715820312e+00 6.965005397796630859e+00 4.122075557708740234e+00 6.964381694793701172e+00
4.335536003112792969e+00 -inf 4.335536003112792969e+00 6.964721202850341797e+00 4.137697219848632812e+00 6.964073657989501953e+00
4.373447895050048828e+00 -inf 4.373447895050048828e+00 6.964373111724853516e+00 4.130574226379394531e+00 6.963736534118652344e+00
4.397623062133789062e+00 -inf 4.397623062133789062e+00 6.964035511016845703e+00 4.189840793609619141e+00 6.963304519653320312e+00
4.424036979675292969e+00 -inf 4.424036979675292969e+00 6.963580131530761719e+00 4.227873802185058594e+00 6.962781429290771484e+00
4.460282325744628906e+00 -inf 4.460282325744628906e+00 6.963088989257812500e+00 4.323649406433105469e+00 6.962091445922851562e+00
4.504836082458496094e+00 -inf 4.504836082458496094e+00 6.962574005126953125e+00 4.542279243469238281e+00 6.960920333862304688e+00
4.546938896179199219e+00 -inf 4.546938896179199219e+00 6.962068557739257812e+00 4.636446952819824219e+00 6.960011959075927734e+00
4.583399772644042969e+00 -inf 4.583399772644042969e+00 6.961462020874023438e+00 4.697413444519042969e+00 6.959090709686279297e+00
4.620924949645996094e+00 -inf 4.620924949645996094e+00 6.960347175598144531e+00 4.676641464233398438e+00 6.958081722259521484e+00
4.636673927307128906e+00 -inf 4.636673927307128906e+00 6.959613323211669922e+00 4.790188312530517578e+00 6.956663131713867188e+00
4.645240306854248047e+00 -inf 4.645240306854248047e+00 6.958970069885253906e+00 4.913059711456298828e+00 6.955045223236083984e+00
4.652923107147216797e+00 -inf 4.652923107147216797e+00 6.958384037017822266e+00 5.023390293121337891e+00 6.953310489654541016e+00
4.660446166992187500e+00 -inf 4.660446166992187500e+00 6.957642555236816406e+00 5.089622497558593750e+00 6.951717376708984375e+00
4.672377586364746094e+00 -inf 4.672377586364746094e+00 6.957018375396728516e+00 5.122665405273437500e+00 6.950612068176269531e+00
4.685705184936523438e+00 -inf 4.685705184936523438e+00 6.956357479095458984e+00 5.137640476226806641e+00 6.949713706970214844e+00
4.694401741027832031e+00 -inf 4.694401741027832031e+00 6.955346584320068359e+00 5.144379615783691406e+00 6.948583126068115234e+00
4.707875728607177734e+00 -inf 4.707875728607177734e+00 6.954736232757568359e+00 5.191237926483154297e+00 6.947184085845947266e+00
4.717137336730957031e+00 -inf 4.717137336730957031e+00 6.953814983367919922e+00 5.240787506103515625e+00 6.945322990417480469e+00
4.722975730895996094e+00 -inf 4.722975730895996094e+00 6.953229427337646484e+00 5.287390232086181641e+00 6.943752765655517578e+00
4.728691577911376953e+00 -inf 4.728691577911376953e+00 6.952669620513916016e+00 5.326319694519042969e+00 6.942279338836669922e+00
4.736968040466308594e+00 -inf 4.736968040466308594e+00 6.952040195465087891e+00 5.379318714141845703e+00 6.940265655517578125e+00
4.743883609771728516e+00 -inf 4.743883609771728516e+00 6.951381206512451172e+00 5.421197414398193359e+00 6.938376903533935547e+00
4.749414443969726562e+00 -inf 4.749414443969726562e+00 6.950090885162353516e+00 5.441044807434082031e+00 6.936427593231201172e+00
4.750950813293457031e+00 -inf 4.750950813293457031e+00 6.949810504913330078e+00 5.486838817596435547e+00 6.934590816497802734e+00
4.752188682556152344e+00 -inf 4.752188682556152344e+00 6.949565410614013672e+00 5.541886806488037109e+00 6.932238101959228516e+00
4.751648426055908203e+00 -inf 4.751648426055908203e+00 6.949352741241455078e+00 5.550937652587890625e+00 6.931643962860107422e+00
4.751705646514892578e+00 -inf 4.751705646514892578e+00 6.948424339294433594e+00 5.549026966094970703e+00 6.930756092071533203e+00
4.750905036926269531e+00 -inf 4.750905036926269531e+00 6.948299407958984375e+00 5.542329788208007812e+00 6.930901527404785156e+00
4.746558189392089844e+00 -inf 4.746558189392089844e+00 6.948223114013671875e+00 5.545135974884033203e+00 6.930707931518554688e+00
4.740114688873291016e+00 -inf 4.740114688873291016e+00 6.948187351226806641e+00 5.564827442169189453e+00 6.929840564727783203e+00
4.734569549560546875e+00 -inf 4.734569549560546875e+00 6.947347164154052734e+00 5.568640232086181641e+00 6.928797721862792969e+00
4.729497432708740234e+00 -inf 4.729497432708740234e+00 6.945430278778076172e+00 5.550273418426513672e+00 6.927585124969482422e+00
4.724111080169677734e+00 -inf 4.724111080169677734e+00 6.945442199707031250e+00 5.551824092864990234e+00 6.927533149719238281e+00
4.716922283172607422e+00 -inf 4.716922283172607422e+00 6.945468902587890625e+00 5.529559135437011719e+00 6.928472995758056641e+00
4.709583282470703125e+00 -inf 4.709583282470703125e+00 6.945515155792236328e+00 5.458381175994873047e+00 6.931133270263671875e+00
4.703252315521240234e+00 -inf 4.703252315521240234e+00 6.945572853088378906e+00 5.372650146484375000e+00 6.933804035186767578e+00
4.695826053619384766e+00 -inf 4.695826053619384766e+00 6.945653915405273438e+00 5.270899772644042969e+00 6.936371326446533203e+00
4.686487197875976562e+00 -inf 4.686487197875976562e+00 6.945769309997558594e+00 5.222323417663574219e+00 6.937480449676513672e+00
4.675849437713623047e+00 -inf 4.675849437713623047e+00 6.945899486541748047e+00 5.180851459503173828e+00 6.938374519348144531e+00
4.667478084564208984e+00 -inf 4.667478084564208984e+00 6.946018695831298828e+00 5.107439041137695312e+00 6.939674854278564453e+00
4.656136512756347656e+00 -inf 4.656136512756347656e+00 6.946166992187500000e+00 5.037674903869628906e+00 6.940771579742431641e+00
4.644097328186035156e+00 -inf 4.644097328186035156e+00 6.946322441101074219e+00 4.972244739532470703e+00 6.941687107086181641e+00
4.630746364593505859e+00 -inf 4.630746364593505859e+00 6.946484088897705078e+00 4.966624259948730469e+00 6.941910743713378906e+00
4.618680000305175781e+00 -inf 4.618680000305175781e+00 6.946051597595214844e+00 4.910206317901611328e+00 6.942034244537353516e+00
4.604166507720947266e+00 -inf 4.604166507720947266e+00 6.946204662322998047e+00 4.876326560974121094e+00 6.942491054534912109e+00
4.587499618530273438e+00 -inf 4.587499618530273438e+00 6.946342468261718750e+00 4.816092967987060547e+00 6.943112850189208984e+00
4.572408676147460938e+00 -inf 4.572408676147460938e+00 6.946216583251953125e+00 4.811094760894775391e+00 6.943023681640625000e+00
4.569216251373291016e+00 -inf 4.569216251373291016e+00 6.946249961853027344e+00 4.768531322479248047e+00 6.943355083465576172e+00
4.588852405548095703e+00 -inf 4.588852405548095703e+00 6.946246623992919922e+00 4.708679199218750000e+00 6.943726062774658203e+00
4.639815807342529297e+00 -inf 4.639815807342529297e+00 6.946098804473876953e+00 4.616296768188476562e+00 6.944061279296875000e+00
4.691242218017578125e+00 -inf 4.691242218017578125e+00 6.945897579193115234e+00 4.578076839447021484e+00 6.944031238555908203e+00
4.748826980590820312e+00 -inf 4.748826980590820312e+00 6.945635795593261719e+00 4.600607395172119141e+00 6.943668842315673828e+00
4.804812908172607422e+00 -inf 4.804812908172607422e+00 6.945340156555175781e+00 4.669335365295410156e+00 6.943033695220947266e+00
4.854593753814697266e+00 -inf 4.854593753814697266e+00 6.945044040679931641e+00 4.756797790527343750e+00 6.942219257354736328e+00
4.898570060729980469e+00 -inf 4.898570060729980469e+00 6.944769382476806641e+00 4.837697982788085938e+00 6.941362380981445312e+00
4.948534965515136719e+00 -inf 4.948534965515136719e+00 6.944407463073730469e+00 4.829878330230712891e+00 6.941058635711669922e+00
4.998411178588867188e+00 -inf 4.998411178588867188e+00 6.944001197814941406e+00 4.794969081878662109e+00 6.940908908843994141e+00
5.044838428497314453e+00 -inf 5.044838428497314453e+00 6.943574428558349609e+00 4.809709548950195312e+00 6.940371513366699219e+00
5.083196640014648438e+00 -inf 5.083196640014648438e+00 6.943201065063476562e+00 4.776432991027832031e+00 6.940233230590820312e+00
5.116615295410156250e+00 -inf 5.116615295410156250e+00 6.942869186401367188e+00 4.820069789886474609e+00 6.939583301544189453e+00
5.140326499938964844e+00 -inf 5.140326499938964844e+00 6.942668437957763672e+00 4.881678581237792969e+00 6.938878059387207031e+00
5.159877777099609375e+00 -inf 5.159877777099609375e+00 6.942535400390625000e+00 4.931193351745605469e+00 6.938283920288085938e+00
5.177223682403564453e+00 -inf 5.177223682403564453e+00 6.942452430725097656e+00 5.005019187927246094e+00 6.937407493591308594e+00
5.193401336669921875e+00 -inf 5.193401336669921875e+00 6.942425251007080078e+00 5.119799137115478516e+00 6.935841560363769531e+00
5.207573413848876953e+00 -inf 5.207573413848876953e+00 6.942446231842041016e+00 5.209696292877197266e+00 6.934334278106689453e+00
5.219612121582031250e+00 -inf 5.219612121582031250e+00 6.941920757293701172e+00 5.253081798553466797e+00 6.932937622070312500e+00
5.230990886688232422e+00 -inf 5.230990886688232422e+00 6.942092418670654297e+00 5.340681076049804688e+00 6.931080818176269531e+00
5.241308212280273438e+00 -inf 5.241308212280273438e+00 6.941809177398681641e+00 5.391372203826904297e+00 6.929405212402343750e+00
5.251429557800292969e+00 -inf 5.251429557800292969e+00 6.941548824310302734e+00 5.461170196533203125e+00 6.926938056945800781e+00
5.260490417480468750e+00 -inf 5.260490417480468750e+00 6.940967559814453125e+00 5.508432865142822266e+00 6.924622058868408203e+00
5.268336296081542969e+00 -inf 5.268336296081542969e+00 6.940808773040771484e+00 5.549555301666259766e+00 6.922799110412597656e+00
5.275127887725830078e+00 -inf 5.275127887725830078e+00 6.940577507019042969e+00 5.572258472442626953e+00 6.921569824218750000e+00
5.281014919281005859e+00 -inf 5.281014919281005859e+00 6.940665721893310547e+00 5.571420669555664062e+00 6.921699047088623047e+00
5.285655498504638672e+00 -inf 5.285655498504638672e+00 6.940747261047363281e+00 5.575687885284423828e+00 6.921592235565185547e+00
5.289540290832519531e+00 -inf 5.289540290832519531e+00 6.940849781036376953e+00 5.561543464660644531e+00 6.922327041625976562e+00
5.293407917022705078e+00 -inf 5.293407917022705078e+00 6.941011905670166016e+00 5.527739524841308594e+00 6.923910140991210938e+00
5.297445774078369141e+00 -inf 5.297445774078369141e+00 6.940824508666992188e+00 5.523738861083984375e+00 6.923875331878662109e+00
5.300347805023193359e+00 -inf 5.300347805023193359e+00 6.941055297851562500e+00 5.506204128265380859e+00 6.924798011779785156e+00
5.302158832550048828e+00 -inf 5.302158832550048828e+00 6.941321849822998047e+00 5.480331897735595703e+00 6.926031112670898438e+00
5.302665233612060547e+00 -inf 5.302665233612060547e+00 6.941072940826416016e+00 5.415393352508544922e+00 6.927930831909179688e+00
5.301519393920898438e+00 -inf 5.301519393920898438e+00 6.941484451293945312e+00 5.373240947723388672e+00 6.929586410522460938e+00
5.299419403076171875e+00 -inf 5.299419403076171875e+00 6.941960811614990234e+00 5.357227325439453125e+00 6.930511474609375000e+00
5.296476364135742188e+00 -inf 5.296476364135742188e+00 6.942470073699951172e+00 5.311361312866210938e+00 6.932194232940673828e+00
5.292736053466796875e+00 -inf 5.292736053466796875e+00 6.943082809448242188e+00 5.279693603515625000e+00 6.933551311492919922e+00
5.288070201873779297e+00 -inf 5.288070201873779297e+00 6.943338871002197266e+00 5.203979969024658203e+00 6.935351371765136719e+00
5.282515525817871094e+00 -inf 5.282515525817871094e+00 6.943833827972412109e+00 5.183019161224365234e+00 6.936234474182128906e+00
5.276388168334960938e+00 -inf 5.276388168334960938e+00 6.944349288940429688e+00 5.165557861328125000e+00 6.937060356140136719e+00
5.269796848297119141e+00 -inf 5.269796848297119141e+00 6.944812297821044922e+00 5.098669052124023438e+00 6.938578605651855469e+00
5.262805461883544922e+00 -inf 5.262805461883544922e+00 6.945144653320312500e+00 5.020017623901367188e+00 6.939953327178955078e+00
5.255336284637451172e+00 -inf 5.255336284637451172e+00 6.945258617401123047e+00 4.937180519104003906e+00 6.940974712371826172e+00
5.247170925140380859e+00 -inf 5.247170925140380859e+00 6.945513725280761719e+00 4.876838207244873047e+00 6.941789627075195312e+00
5.238280296325683594e+00 -inf 5.238280296325683594e+00 6.945764541625976562e+00 4.830959796905517578e+00 6.942417144775390625e+00
5.228755950927734375e+00 -inf 5.228755950927734375e+00 6.946017742156982422e+00 4.716788768768310547e+00 6.943448543548583984e+00
5.218548774719238281e+00 -inf 5.218548774719238281e+00 6.946274757385253906e+00 4.629061698913574219e+00 6.944178581237792969e+00
5.206042289733886719e+00 -inf 5.206042289733886719e+00 6.946566104888916016e+00 4.583662033081054688e+00 6.944678783416748047e+00
