5.572837352752685547e+00 -3.296502865850925446e-03 5.572836399078369141e+00 6.968104839324951172e+00 5.944289684295654297e+00 6.924914360046386719e+00
5.569157123565673828e+00 2.437511444091796875e+00 5.568836212158203125e+00 6.967674255371093750e+00 6.000222682952880859e+00 6.918145179748535156e+00
5.561604976654052734e+00 2.230245351791381836e+00 5.561401844024658203e+00 6.967529773712158203e+00 6.047906398773193359e+00 6.911849021911621094e+00
5.557999610900878906e+00 2.146789550781250000e+00 5.557831287384033203e+00 6.964993953704833984e+00 5.950561523437500000e+00 6.920811176300048828e+00
5.549653053283691406e+00 1.358874082565307617e+00 5.549625396728515625e+00 6.964128971099853516e+00 5.941908836364746094e+00 6.920771121978759766e+00
5.541625976562500000e+00 6.595466136932373047e-01 5.541620254516601562e+00 6.964958667755126953e+00 5.908111572265625000e+00 6.925081253051757812e+00
5.529359340667724609e+00 2.160983830690383911e-01 5.529356956481933594e+00 6.963871002197265625e+00 5.815198421478271484e+00 6.931881904602050781e+00
5.518379688262939453e+00 4.619970172643661499e-02 5.518378734588623047e+00 6.963232517242431641e+00 5.578898429870605469e+00 6.944927215576171875e+00
5.509208679199218750e+00 8.941068649291992188e-01 5.509198188781738281e+00 6.964999198913574219e+00 5.502415180206298828e+00 6.949765682220458984e+00
5.503630638122558594e+00 9.911682605743408203e-01 5.503617286682128906e+00 6.965263366699218750e+00 5.423003673553466797e+00 6.952620983123779297e+00
5.506362438201904297e+00 8.056511282920837402e-01 5.506354331970214844e+00 6.966761589050292969e+00 5.512301445007324219e+00 6.951235294342041016e+00
5.506927490234375000e+00 1.011907935142517090e+00 5.506913661956787109e+00 6.967990398406982422e+00 5.741223335266113281e+00 6.941430091857910156e+00
5.497985363006591797e+00 1.673013091087341309e+00 5.497920036315917969e+00 6.968645095825195312e+00 5.933014392852783203e+00 6.926671981811523438e+00
5.506293296813964844e+00 1.814669013023376465e+00 5.506205081939697266e+00 6.969039916992187500e+00 6.127076148986816406e+00 6.901568889617919922e+00
5.522034168243408203e+00 2.217915773391723633e+00 5.521819114685058594e+00 6.969130992889404297e+00 6.258217811584472656e+00 6.875155448913574219e+00
5.530055522918701172e+00 2.207232713699340820e+00 5.529848575592041016e+00 6.970122337341308594e+00 6.355431556701660156e+00 6.849313735961914062e+00
5.532750606536865234e+00 2.420513868331909180e+00 5.532415390014648438e+00 6.970589160919189453e+00 6.427290916442871094e+00 6.824151992797851562e+00
5.550976753234863281e+00 2.694586753845214844e+00 5.550371646881103516e+00 6.970727443695068359e+00 6.480107307434082031e+00 6.801231861114501953e+00
5.560461521148681641e+00 2.695649147033691406e+00 5.559867858886718750e+00 6.971467018127441406e+00 6.533161640167236328e+00 6.774584293365478516e+00
5.577673912048339844e+00 2.722815036773681641e+00 5.577067375183105469e+00 6.970704078674316406e+00 6.537520885467529297e+00 6.770856857299804688e+00
5.598608493804931641e+00 2.671141386032104492e+00 5.598094940185546875e+00 6.970277309417724609e+00 6.537280082702636719e+00 6.770320892333984375e+00
5.617878913879394531e+00 2.510208845138549805e+00 5.617539882659912109e+00 6.969636440277099609e+00 6.510966777801513672e+00 6.784016609191894531e+00
5.646022319793701172e+00 2.493559360504150391e+00 5.645716190338134766e+00 6.967890739440917969e+00 6.469290256500244141e+00 6.802153587341308594e+00
5.679238796234130859e+00 2.893950462341308594e+00 5.678525924682617188e+00 6.966568946838378906e+00 6.468995094299316406e+00 6.800354003906250000e+00
5.719640254974365234e+00 2.554033756256103516e+00 5.719343662261962891e+00 6.963128089904785156e+00 6.414492130279541016e+00 6.818813323974609375e+00
5.772703647613525391e+00 2.647371053695678711e+00 5.772378444671630859e+00 6.959406375885009766e+00 6.356888771057128906e+00 6.834619522094726562e+00
5.848278999328613281e+00 2.364219665527343750e+00 5.848136425018310547e+00 6.952626228332519531e+00 6.280409336090087891e+00 6.848762035369873047e+00
5.921499729156494141e+00 2.192908287048339844e+00 5.921418666839599609e+00 6.946459293365478516e+00 6.220432758331298828e+00 6.856058597564697266e+00
5.981696605682373047e+00 2.771125078201293945e+00 5.981429576873779297e+00 6.940255165100097656e+00 6.236051082611083984e+00 6.844644546508789062e+00
6.039289474487304688e+00 2.851532697677612305e+00 6.039008140563964844e+00 6.932644367218017578e+00 6.212019920349121094e+00 6.840982913970947266e+00
6.082685947418212891e+00 2.903187274932861328e+00 6.082398891448974609e+00 6.925985813140869141e+00 6.178295612335205078e+00 6.840447425842285156e+00
6.123291492462158203e+00 2.821412086486816406e+00 6.123075485229492188e+00 6.919816970825195312e+00 6.155988693237304688e+00 6.837713241577148438e+00
6.177893638610839844e+00 2.954797983169555664e+00 6.177633285522460938e+00 6.910026073455810547e+00 6.101207256317138672e+00 6.836726665496826172e+00
6.223071098327636719e+00 2.611423015594482422e+00 6.222964763641357422e+00 6.899842739105224609e+00 6.013570785522460938e+00 6.839394092559814453e+00
6.262184619903564453e+00 2.679107427597045898e+00 6.262071609497070312e+00 6.891581535339355469e+00 5.974100112915039062e+00 6.835607051849365234e+00
6.294422626495361328e+00 2.673133373260498047e+00 6.294318675994873047e+00 6.883718013763427734e+00 6.018397808074951172e+00 6.820051670074462891e+00
6.321311950683593750e+00 2.767033100128173828e+00 6.321190357208251953e+00 6.874626159667968750e+00 5.932949542999267578e+00 6.821877002716064453e+00
6.348915576934814453e+00 3.006465911865234375e+00 6.348717689514160156e+00 6.866323947906494141e+00 5.935164928436279297e+00 6.812197685241699219e+00
6.375466346740722656e+00 2.847188711166381836e+00 6.375337600708007812e+00 6.856638908386230469e+00 5.845325946807861328e+00 6.812120437622070312e+00
6.399257183074951172e+00 2.911745786666870117e+00 6.399116516113281250e+00 6.847480773925781250e+00 5.817839145660400391e+00 6.804894924163818359e+00
6.418709754943847656e+00 2.791593790054321289e+00 6.418607711791992188e+00 6.840178966522216797e+00 5.790268898010253906e+00 6.799629211425781250e+00
6.435222625732421875e+00 2.807314872741699219e+00 6.435120582580566406e+00 6.832514762878417969e+00 5.725687026977539062e+00 6.797154426574707031e+00
6.448985099792480469e+00 2.634680032730102539e+00 6.448918342590332031e+00 6.826276302337646484e+00 5.679327487945556641e+00 6.794154644012451172e+00
6.461467742919921875e+00 2.980154037475585938e+00 6.461324691772460938e+00 6.820138931274414062e+00 5.735981464385986328e+00 6.782799720764160156e+00
6.473633289337158203e+00 3.428066968917846680e+00 6.473241806030273438e+00 6.814059734344482422e+00 5.843542575836181641e+00 6.764899253845214844e+00
6.487737655639648438e+00 3.645496129989624023e+00 6.487112522125244141e+00 6.807003974914550781e+00 5.949605464935302734e+00 6.742074012756347656e+00
6.500790119171142578e+00 3.030119180679321289e+00 6.500643253326416016e+00 6.797685146331787109e+00 5.836287021636962891e+00 6.747418880462646484e+00
6.511755466461181641e+00 2.854261636734008789e+00 6.511659622192382812e+00 6.790550231933593750e+00 5.829417705535888672e+00 6.740251064300537109e+00
6.523403644561767578e+00 2.822727441787719727e+00 6.523317337036132812e+00 6.783606052398681641e+00 5.803972244262695312e+00 6.735525608062744141e+00
6.534046173095703125e+00 2.875696897506713867e+00 6.533950328826904297e+00 6.776654243469238281e+00 5.866043567657470703e+00 6.719726085662841797e+00
6.546353816986083984e+00 2.932074546813964844e+00 6.546248435974121094e+00 6.768207073211669922e+00 5.960075378417968750e+00 6.694780826568603516e+00
6.557836055755615234e+00 3.083940744400024414e+00 6.557689666748046875e+00 6.757329463958740234e+00 5.916387081146240234e+00 6.689686298370361328e+00
6.570420265197753906e+00 3.127407789230346680e+00 6.570263385772705078e+00 6.746302127838134766e+00 5.900554180145263672e+00 6.679463386535644531e+00
6.583321094512939453e+00 3.033390760421752930e+00 6.583198547363281250e+00 6.734492301940917969e+00 5.856405735015869141e+00 6.672807693481445312e+00
6.597223758697509766e+00 3.161496639251708984e+00 6.597064495086669922e+00 6.721723556518554688e+00 5.819409847259521484e+00 6.663620948791503906e+00
6.608853340148925781e+00 3.290657758712768555e+00 6.608644962310791016e+00 6.708074569702148438e+00 5.785555839538574219e+00 6.652788639068603516e+00
6.619388103485107422e+00 3.559682846069335938e+00 6.619009494781494141e+00 6.692759990692138672e+00 5.782375812530517578e+00 6.635799884796142578e+00
6.629613399505615234e+00 3.265482187271118164e+00 6.629425525665283203e+00 6.678048610687255859e+00 5.744095802307128906e+00 6.624291896820068359e+00
6.638973236083984375e+00 3.303264856338500977e+00 6.638772964477539062e+00 6.665750026702880859e+00 5.758860588073730469e+00 6.608298301696777344e+00
6.645546913146972656e+00 3.466477632522583008e+00 6.645259380340576172e+00 6.654146194458007812e+00 5.781563758850097656e+00 6.591615676879882812e+00
6.652542114257812500e+00 3.685882329940795898e+00 6.652072906494140625e+00 6.643188953399658203e+00 5.896478176116943359e+00 6.557436943054199219e+00
6.662306308746337891e+00 4.141498088836669922e+00 6.660995006561279297e+00 6.628773212432861328e+00 5.992637157440185547e+00 6.514623641967773438e+00
6.671894550323486328e+00 4.535351276397705078e+00 6.668711662292480469e+00 6.613345146179199219e+00 6.088472366333007812e+00 6.459295272827148438e+00
6.678473472595214844e+00 4.592548847198486328e+00 6.674895286560058594e+00 6.600364685058593750e+00 6.096249103546142578e+00 6.437166690826416016e+00
6.683882713317871094e+00 4.376817226409912109e+00 6.681735515594482422e+00 6.588555812835693359e+00 6.057673931121826172e+00 6.437038898468017578e+00
6.688846111297607422e+00 4.231775283813476562e+00 6.687326908111572266e+00 6.578485965728759766e+00 6.036737918853759766e+00 6.431426048278808594e+00
6.693126678466796875e+00 3.942354917526245117e+00 6.692355155944824219e+00 6.570002079010009766e+00 6.002826213836669922e+00 6.432783603668212891e+00
6.697143554687500000e+00 4.326775074005126953e+00 6.695288658142089844e+00 6.562059879302978516e+00 6.065613746643066406e+00 6.395317554473876953e+00
6.701178073883056641e+00 4.630811214447021484e+00 6.697469234466552734e+00 6.554236412048339844e+00 6.120731353759765625e+00 6.354576110839843750e+00
6.705176353454589844e+00 4.826427936553955078e+00 6.699396133422851562e+00 6.544260025024414062e+00 6.153100490570068359e+00 6.317831516265869141e+00
6.708218574523925781e+00 4.714157581329345703e+00 6.703793525695800781e+00 6.535750389099121094e+00 6.113686561584472656e+00 6.329270362854003906e+00
6.711681365966796875e+00 4.869265556335449219e+00 6.705393791198730469e+00 6.527033329010009766e+00 6.099384307861328125e+00 6.323917865753173828e+00
6.715664386749267578e+00 4.816086292266845703e+00 6.710156917572021484e+00 6.516790866851806641e+00 6.066040992736816406e+00 6.326888084411621094e+00
6.718915939331054688e+00 4.401712894439697266e+00 6.716819286346435547e+00 6.506083965301513672e+00 5.959396839141845703e+00 6.360999107360839844e+00
6.721529960632324219e+00 4.311730384826660156e+00 6.719836235046386719e+00 6.495604515075683594e+00 5.892008781433105469e+00 6.371176242828369141e+00
6.725454807281494141e+00 4.437574386596679688e+00 6.723210811614990234e+00 6.483405113220214844e+00 5.865364551544189453e+00 6.363664627075195312e+00
6.728009700775146484e+00 4.605999946594238281e+00 6.724717617034912109e+00 6.471043586730957031e+00 5.832735538482666016e+00 6.357544898986816406e+00
6.730648517608642578e+00 5.060728549957275391e+00 6.721261501312255859e+00 6.457821369171142578e+00 5.877399921417236328e+00 6.325423240661621094e+00
6.733220577239990234e+00 5.379290103912353516e+00 6.713557243347167969e+00 6.444157123565673828e+00 5.932936668395996094e+00 6.284161090850830078e+00
6.733508110046386719e+00 5.589716911315917969e+00 6.701142787933349609e+00 6.434072971343994141e+00 5.971728801727294922e+00 6.250399589538574219e+00
6.734149456024169922e+00 5.730206966400146484e+00 6.688827514648437500e+00 6.423883914947509766e+00 6.011770725250244141e+00 6.211233139038085938e+00
6.735929489135742188e+00 5.823617935180664062e+00 6.679239273071289062e+00 6.412455558776855469e+00 6.040902614593505859e+00 6.172080516815185547e+00
6.739482879638671875e+00 5.890502929687500000e+00 6.673179626464843750e+00 6.397499561309814453e+00 6.050059795379638672e+00 6.138394832611083984e+00
6.744615077972412109e+00 5.956918239593505859e+00 6.667317867279052734e+00 6.377592563629150391e+00 6.052437782287597656e+00 6.099417209625244141e+00
6.749072551727294922e+00 6.003492355346679688e+00 6.663073539733886719e+00 6.358560085296630859e+00 6.054418087005615234e+00 6.060619831085205078e+00
6.750818729400634766e+00 6.031653881072998047e+00 6.658813476562500000e+00 6.345237255096435547e+00 6.059110164642333984e+00 6.028774261474609375e+00
6.751977443695068359e+00 6.051538944244384766e+00 6.655433654785156250e+00 6.331707477569580078e+00 6.046857833862304688e+00 6.013871192932128906e+00
6.752733707427978516e+00 6.073374271392822266e+00 6.650779247283935547e+00 6.319075584411621094e+00 6.034603118896484375e+00 6.000831604003906250e+00
6.752789020538330078e+00 6.093547821044921875e+00 6.645351886749267578e+00 6.308606147766113281e+00 6.033149242401123047e+00 5.980402469635009766e+00
6.753202915191650391e+00 6.109332084655761719e+00 6.641351699829101562e+00 6.299076557159423828e+00 6.031704902648925781e+00 5.961559295654296875e+00
6.752362728118896484e+00 6.127240657806396484e+00 6.634847164154052734e+00 6.290401935577392578e+00 6.025288105010986328e+00 5.950215816497802734e+00
6.751351833343505859e+00 6.132114887237548828e+00 6.631991386413574219e+00 6.281526088714599609e+00 6.012879848480224609e+00 5.945501804351806641e+00
6.749805450439453125e+00 6.136219024658203125e+00 6.628641605377197266e+00 6.273365497589111328e+00 6.007968425750732422e+00 5.933516025543212891e+00
6.748992443084716797e+00 6.155328273773193359e+00 6.621218204498291016e+00 6.263398647308349609e+00 5.998765468597412109e+00 5.922640323638916016e+00
6.748992443084716797e+00 6.184221267700195312e+00 6.610877513885498047e+00 6.249076366424560547e+00 5.986030578613281250e+00 5.906418800354003906e+00
6.747159481048583984e+00 6.193631172180175781e+00 6.604758262634277344e+00 6.234764575958251953e+00 5.967851638793945312e+00 5.896707534790039062e+00
6.743685245513916016e+00 6.211452007293701172e+00 6.592731952667236328e+00 6.223759651184082031e+00 5.957707881927490234e+00 5.884685993194580078e+00
6.740545749664306641e+00 6.239865303039550781e+00 6.575771331787109375e+00 6.215803146362304688e+00 5.950849533081054688e+00 5.875426292419433594e+00
6.738708972930908203e+00 6.160079479217529297e+00 6.605670452117919922e+00 6.204712390899658203e+00 5.918081760406494141e+00 5.888789176940917969e+00
6.737178802490234375e+00 6.045575141906738281e+00 6.638407707214355469e+00 6.194258689880371094e+00 5.892475605010986328e+00 5.893980026245117188e+00
6.733719825744628906e+00 5.869875907897949219e+00 6.669820308685302734e+00 6.186394214630126953e+00 5.838009357452392578e+00 5.928059101104736328e+00
6.731146812438964844e+00 5.658867359161376953e+00 6.692725181579589844e+00 6.179790496826171875e+00 5.777330875396728516e+00 5.960928440093994141e+00
6.729425430297851562e+00 5.497800350189208984e+00 6.703169822692871094e+00 6.171710014343261719e+00 5.737008094787597656e+00 5.972746849060058594e+00
6.727242946624755859e+00 5.577248573303222656e+00 6.695353984832763672e+00 6.166748046875000000e+00 5.755937576293945312e+00 5.953272819519042969e+00
6.725083351135253906e+00 5.727602958679199219e+00 6.679045200347900391e+00 6.162583827972412109e+00 5.791177749633789062e+00 5.922100067138671875e+00
6.722679138183593750e+00 5.870833873748779297e+00 6.656846523284912109e+00 6.157084941864013672e+00 5.821050643920898438e+00 5.888447761535644531e+00
6.720603466033935547e+00 5.927831649780273438e+00 6.644288063049316406e+00 6.149513721466064453e+00 5.824322223663330078e+00 5.871371746063232422e+00
6.717663764953613281e+00 5.847456932067871094e+00 6.654764175415039062e+00 6.145432949066162109e+00 5.787171363830566406e+00 5.894963264465332031e+00
6.713844776153564453e+00 5.821788311004638672e+00 6.654253482818603516e+00 6.143082618713378906e+00 5.763332366943359375e+00 5.908669471740722656e+00
6.710200786590576172e+00 5.801327705383300781e+00 6.653028964996337891e+00 6.140678882598876953e+00 5.734245777130126953e+00 5.924401283264160156e+00
6.707633495330810547e+00 5.901823997497558594e+00 6.633778572082519531e+00 6.137835502624511719e+00 5.746606826782226562e+00 5.911454677581787109e+00
6.704807758331298828e+00 5.985359668731689453e+00 6.612870216369628906e+00 6.133374214172363281e+00 5.753761768341064453e+00 5.898863315582275391e+00
6.701815605163574219e+00 6.058076858520507812e+00 6.589925289154052734e+00 6.131119251251220703e+00 5.751224517822265625e+00 5.896809577941894531e+00
6.698468208312988281e+00 6.120929718017578125e+00 6.565037727355957031e+00 6.127647399902343750e+00 5.765002250671386719e+00 5.880567073822021484e+00
6.695165634155273438e+00 6.163012981414794922e+00 6.544178009033203125e+00 6.125751495361328125e+00 5.784126281738281250e+00 5.861844539642333984e+00
6.692219734191894531e+00 6.189836502075195312e+00 6.528229236602783203e+00 6.122036933898925781e+00 5.798387527465820312e+00 5.842506408691406250e+00
6.688036918640136719e+00 6.205246448516845703e+00 6.514752864837646484e+00 6.117424964904785156e+00 5.799767971038818359e+00 5.832407951354980469e+00
6.682627201080322266e+00 6.218519687652587891e+00 6.499879837036132812e+00 6.112087249755859375e+00 5.794363975524902344e+00 5.827133178710937500e+00
6.678136825561523438e+00 6.230854034423828125e+00 6.486320972442626953e+00 6.104092121124267578e+00 5.779824256896972656e+00 5.825119972229003906e+00
6.674252033233642578e+00 6.234988689422607422e+00 6.477917671203613281e+00 6.095928192138671875e+00 5.780698299407958984e+00 5.808648586273193359e+00
6.667977333068847656e+00 6.102992534637451172e+00 6.529941558837890625e+00 6.087994575500488281e+00 5.723352432250976562e+00 5.842438697814941406e+00
6.661431789398193359e+00 5.997633457183837891e+00 6.555265426635742188e+00 6.080416679382324219e+00 5.674019813537597656e+00 5.864115715026855469e+00
6.655430316925048828e+00 5.902119159698486328e+00 6.571105003356933594e+00 6.072724819183349609e+00 5.639836311340332031e+00 5.872704982757568359e+00
6.644755363464355469e+00 5.825853824615478516e+00 6.573284626007080078e+00 6.076405525207519531e+00 5.630247116088867188e+00 5.883963108062744141e+00
6.633443832397460938e+00 5.855493068695068359e+00 6.554222583770751953e+00 6.082094192504882812e+00 5.679292201995849609e+00 5.863457202911376953e+00
6.625050544738769531e+00 5.904408454895019531e+00 6.533393859863281250e+00 6.084340095520019531e+00 5.698565006256103516e+00 5.854187965393066406e+00
6.618720531463623047e+00 5.951718807220458984e+00 6.513437271118164062e+00 6.080269813537597656e+00 5.708774089813232422e+00 5.839852809906005859e+00
6.614411354064941406e+00 6.013307094573974609e+00 6.489153861999511719e+00 6.076268672943115234e+00 5.708392143249511719e+00 5.833155155181884766e+00
6.611255168914794922e+00 6.054322719573974609e+00 6.470168113708496094e+00 6.071007251739501953e+00 5.716029167175292969e+00 5.817958354949951172e+00
6.608036041259765625e+00 5.815463066101074219e+00 6.531682491302490234e+00 6.062283992767333984e+00 5.651300907135009766e+00 5.848918437957763672e+00
6.604955196380615234e+00 5.642399311065673828e+00 6.554831027984619141e+00 6.056863307952880859e+00 5.616133689880371094e+00 5.861364841461181641e+00
6.602032184600830078e+00 5.444252490997314453e+00 6.570731163024902344e+00 6.049741744995117188e+00 5.570141792297363281e+00 5.874884605407714844e+00
6.600479602813720703e+00 5.119277477264404297e+00 6.585896492004394531e+00 6.040543079376220703e+00 5.443412780761718750e+00 5.913948535919189453e+00
6.599681854248046875e+00 4.891568183898925781e+00 6.591092586517333984e+00 6.032861709594726562e+00 5.340503692626953125e+00 5.934283256530761719e+00
6.599004268646240234e+00 5.015121459960937500e+00 6.587532997131347656e+00 6.025145053863525391e+00 5.380181789398193359e+00 5.913614273071289062e+00
6.598667144775390625e+00 5.162305831909179688e+00 6.582467079162597656e+00 6.014602661132812500e+00 5.422562122344970703e+00 5.886271953582763672e+00
6.598198890686035156e+00 5.376071929931640625e+00 6.571344375610351562e+00 6.005325794219970703e+00 5.456207275390625000e+00 5.861201763153076172e+00
6.598730087280273438e+00 5.574929237365722656e+00 6.555538177490234375e+00 5.993710517883300781e+00 5.493583202362060547e+00 5.828680992126464844e+00
6.598881721496582031e+00 5.683439254760742188e+00 6.542625904083251953e+00 5.984300136566162109e+00 5.492467403411865234e+00 5.815382480621337891e+00
6.598397254943847656e+00 5.769139766693115234e+00 6.528753280639648438e+00 5.975416660308837891e+00 5.483229637145996094e+00 5.806667327880859375e+00
6.598030567169189453e+00 5.830138683319091797e+00 6.516767501831054688e+00 5.962512969970703125e+00 5.487938404083251953e+00 5.785141944885253906e+00
6.597296714782714844e+00 5.862275600433349609e+00 6.508951187133789062e+00 5.945647239685058594e+00 5.477764606475830078e+00 5.764861583709716797e+00
6.595005512237548828e+00 5.893985748291015625e+00 6.498606204986572266e+00 5.930006504058837891e+00 5.448095798492431641e+00 5.756290435791015625e+00
6.592152595520019531e+00 5.925077915191650391e+00 6.486889362335205078e+00 5.915286064147949219e+00 5.438767910003662109e+00 5.738892555236816406e+00
6.587855815887451172e+00 5.942903995513916016e+00 6.476321697235107422e+00 5.903249263763427734e+00 5.435228824615478516e+00 5.722535610198974609e+00
6.582922935485839844e+00 5.960149288177490234e+00 6.464674949645996094e+00 5.890340805053710938e+00 5.452786445617675781e+00 5.693026065826416016e+00
6.578032016754150391e+00 5.969535827636718750e+00 6.455217838287353516e+00 5.880894660949707031e+00 5.443522453308105469e+00 5.683475494384765625e+00
6.576027870178222656e+00 5.977932453155517578e+00 6.449759960174560547e+00 5.867879867553710938e+00 5.430885791778564453e+00 5.670242786407470703e+00
6.574387550354003906e+00 5.980410099029541016e+00 6.446721076965332031e+00 5.859782218933105469e+00 5.425272941589355469e+00 5.660706996917724609e+00
6.572483539581298828e+00 5.982333183288574219e+00 6.443501472473144531e+00 5.850881576538085938e+00 5.404464721679687500e+00 5.658583641052246094e+00
6.571539878845214844e+00 5.984171390533447266e+00 6.441591262817382812e+00 5.837739944458007812e+00 5.374533653259277344e+00 5.654520034790039062e+00
6.569847583770751953e+00 5.993133544921875000e+00 6.436120510101318359e+00 5.822916507720947266e+00 5.351556777954101562e+00 5.643915653228759766e+00
6.566621780395507812e+00 5.946447849273681641e+00 6.447556972503662109e+00 5.815557479858398438e+00 5.321619033813476562e+00 5.647636413574218750e+00
6.563753604888916016e+00 5.885974407196044922e+00 6.461380481719970703e+00 5.815866470336914062e+00 5.324594020843505859e+00 5.646681308746337891e+00
6.561615943908691406e+00 5.819772720336914062e+00 6.474794387817382812e+00 5.812978744506835938e+00 5.315278530120849609e+00 5.646822452545166016e+00
6.559714794158935547e+00 5.784893035888671875e+00 6.479864597320556641e+00 5.802782535552978516e+00 5.310163974761962891e+00 5.634237289428710938e+00
6.557867527008056641e+00 5.828217983245849609e+00 6.468299865722656250e+00 5.791625976562500000e+00 5.329175472259521484e+00 5.608008861541748047e+00
6.555113315582275391e+00 5.851054668426513672e+00 6.459466457366943359e+00 5.780538082122802734e+00 5.331658363342285156e+00 5.589605808258056641e+00
6.550779819488525391e+00 5.871688842773437500e+00 6.448754787445068359e+00 5.770051479339599609e+00 5.307070255279541016e+00 5.586713314056396484e+00
6.546262264251708984e+00 5.885021209716796875e+00 6.439384937286376953e+00 5.755607128143310547e+00 5.282980918884277344e+00 5.577250957489013672e+00
6.542049407958984375e+00 5.897960662841796875e+00 6.430262565612792969e+00 5.742150306701660156e+00 5.243216037750244141e+00 5.576567173004150391e+00
6.536918163299560547e+00 5.910438537597656250e+00 6.419823646545410156e+00 5.729590415954589844e+00 5.208608627319335938e+00 5.573872566223144531e+00
6.532516479492187500e+00 5.910024642944335938e+00 6.414180278778076172e+00 5.714239597320556641e+00 5.187836647033691406e+00 5.560839653015136719e+00
6.530791282653808594e+00 5.920092582702636719e+00 6.408693313598632812e+00 5.692622661590576172e+00 5.144720554351806641e+00 5.548018932342529297e+00
6.530551433563232422e+00 5.936095714569091797e+00 6.403048038482666016e+00 5.666004657745361328e+00 5.087257385253906250e+00 5.533008098602294922e+00
6.530651569366455078e+00 5.945690155029296875e+00 6.399860382080078125e+00 5.637473583221435547e+00 5.071148395538330078e+00 5.499938964843750000e+00
6.527205944061279297e+00 5.933095932006835938e+00 6.399585247039794922e+00 5.612984180450439453e+00 5.022745609283447266e+00 5.484032154083251953e+00
6.521541595458984375e+00 5.870837688446044922e+00 6.411677837371826172e+00 5.585120201110839844e+00 4.952604770660400391e+00 5.469876289367675781e+00
6.517066478729248047e+00 5.825097084045410156e+00 6.418386459350585938e+00 5.555992603302001953e+00 4.912204742431640625e+00 5.444117069244384766e+00
6.511359214782714844e+00 5.780839920043945312e+00 6.421990871429443359e+00 5.537837982177734375e+00 4.875065803527832031e+00 5.431386470794677734e+00
6.505559921264648438e+00 5.778172016143798828e+00 6.415473461151123047e+00 5.522388935089111328e+00 4.874554634094238281e+00 5.411695480346679688e+00
6.498023986816406250e+00 5.805032730102539062e+00 6.399606227874755859e+00 5.507112026214599609e+00 4.870905876159667969e+00 5.392983436584472656e+00
6.489838600158691406e+00 5.838452339172363281e+00 6.380171298980712891e+00 5.496119022369384766e+00 4.834368228912353516e+00 5.389383316040039062e+00
6.483102798461914062e+00 5.782793521881103516e+00 6.386526584625244141e+00 5.473969459533691406e+00 4.714713573455810547e+00 5.390908241271972656e+00
6.476569652557373047e+00 5.577261447906494141e+00 6.418032646179199219e+00 5.449693202972412109e+00 4.533208370208740234e+00 5.393580913543701172e+00
6.470807552337646484e+00 5.429585933685302734e+00 6.429397583007812500e+00 5.430304527282714844e+00 4.404687404632568359e+00 5.387302398681640625e+00
6.466226577758789062e+00 5.252402782440185547e+00 6.438837051391601562e+00 5.403190135955810547e+00 4.225975513458251953e+00 5.373307228088378906e+00
6.463965892791748047e+00 5.267002105712890625e+00 6.435455799102783203e+00 5.368971824645996094e+00 4.188244342803955078e+00 5.339337825775146484e+00
6.461910247802734375e+00 5.383142948150634766e+00 6.424084186553955078e+00 5.326792716979980469e+00 4.199309825897216797e+00 5.293139934539794922e+00
6.459281444549560547e+00 5.475895404815673828e+00 6.411638259887695312e+00 5.287516117095947266e+00 4.272475719451904297e+00 5.243398189544677734e+00
6.457796573638916016e+00 5.536967277526855469e+00 6.402280807495117188e+00 5.212455749511718750e+00 4.265977382659912109e+00 5.160323143005371094e+00
6.454552173614501953e+00 5.606689453125000000e+00 6.388063907623291016e+00 5.140981674194335938e+00 4.141481399536132812e+00 5.095168590545654297e+00
6.449817657470703125e+00 5.621121406555175781e+00 6.380075454711914062e+00 5.057980060577392578e+00 3.873237371444702148e+00 5.028627872467041016e+00
6.442803859710693359e+00 5.612924575805664062e+00 6.373267650604248047e+00 4.991654396057128906e+00 3.597930192947387695e+00 4.973748683929443359e+00
6.434422492980957031e+00 5.631462097167968750e+00 6.360037326812744141e+00 4.848537445068359375e+00 3.519511938095092773e+00 4.827685832977294922e+00
6.421322345733642578e+00 5.642273902893066406e+00 6.342319965362548828e+00 4.769757270812988281e+00 3.704067707061767578e+00 4.730720996856689453e+00
6.400668621063232422e+00 5.630353450775146484e+00 6.319902896881103516e+00 4.724139213562011719e+00 3.828716516494750977e+00 4.665040493011474609e+00
6.376693725585937500e+00 5.607473850250244141e+00 6.295703887939453125e+00 4.669076919555664062e+00 3.798032283782958984e+00 4.606307983398437500e+00
6.351409912109375000e+00 5.586253166198730469e+00 6.269582748413085938e+00 4.626990795135498047e+00 3.687608480453491211e+00 4.573944568634033203e+00
6.324928283691406250e+00 5.591159343719482422e+00 6.236298561096191406e+00 4.579740047454833984e+00 3.544073104858398438e+00 4.537770748138427734e+00
6.299184799194335938e+00 5.593644142150878906e+00 6.203901767730712891e+00 4.434319019317626953e+00 2.950878143310546875e+00 4.419812202453613281e+00
6.273686408996582031e+00 5.576366424560546875e+00 6.176362991333007812e+00 4.233731746673583984e+00 2.459504842758178711e+00 4.226365566253662109e+00
6.247749805450439453e+00 5.548773288726806641e+00 6.150841712951660156e+00 3.930028200149536133e+00 2.434339284896850586e+00 3.915931224822998047e+00
6.216934680938720703e+00 5.490034103393554688e+00 6.126735210418701172e+00 3.258572340011596680e+00 -inf 3.258572340011596680e+00
6.180189609527587891e+00 5.437680244445800781e+00 6.093514919281005859e+00 2.397167444229125977e+00 -inf 2.397167444229125977e+00
6.144402503967285156e+00 5.387880802154541016e+00 6.060762882232666016e+00 -inf -inf -inf
6.113727092742919922e+00 5.340263843536376953e+00 6.033601760864257812e+00 -inf -inf -inf
6.082746982574462891e+00 5.309627532958984375e+00 6.002552509307861328e+00 -inf -inf -inf
6.050209045410156250e+00 5.272269248962402344e+00 5.970986366271972656e+00 -inf -inf -inf
6.012148380279541016e+00 5.185240268707275391e+00 5.942094326019287109e+00 -inf -inf -inf
5.972922801971435547e+00 5.109487056732177734e+00 5.908958435058593750e+00 -inf -inf -inf
5.932878017425537109e+00 5.069948196411132812e+00 5.868834018707275391e+00 -inf -inf -inf
5.888532161712646484e+00 4.988681316375732422e+00 5.830075740814208984e+00 -inf -inf -inf
5.833870410919189453e+00 4.936102867126464844e+00 5.775112152099609375e+00 -inf -inf -inf
5.763240337371826172e+00 4.797723770141601562e+00 5.713477134704589844e+00 -inf -inf -inf
5.718488693237304688e+00 4.677305698394775391e+00 5.677074909210205078e+00 -inf -inf -inf
5.679682731628417969e+00 4.655391693115234375e+00 5.636542320251464844e+00 -inf -inf -inf
5.643293380737304688e+00 4.539134025573730469e+00 5.607706069946289062e+00 -inf -inf -inf
5.599762439727783203e+00 4.369027614593505859e+00 5.573451042175292969e+00 -inf -inf -inf
5.559469223022460938e+00 4.379280090332031250e+00 5.529796600341796875e+00 -inf -inf -inf
5.523060798645019531e+00 4.387751579284667969e+00 5.490032672882080078e+00 -inf -inf -inf
5.500523567199707031e+00 4.329359054565429688e+00 5.470206737518310547e+00 -inf -inf -inf
5.477989196777343750e+00 4.337599754333496094e+00 5.445359706878662109e+00 -inf -inf -inf
5.438866138458251953e+00 4.301582813262939453e+00 5.405993938446044922e+00 -inf -inf -inf
5.401174545288085938e+00 4.294611454010009766e+00 5.365791797637939453e+00 -inf -inf -inf
5.344703197479248047e+00 4.282795429229736328e+00 5.305309295654296875e+00 -inf -inf -inf
5.285718917846679688e+00 4.245564460754394531e+00 5.244202136993408203e+00 -inf -inf -inf
5.234896183013916016e+00 4.215078353881835938e+00 5.191286087036132812e+00 -inf -inf -inf
5.196280002593994141e+00 4.216569900512695312e+00 5.148208141326904297e+00 -inf -inf -inf
5.133912563323974609e+00 4.262322425842285156e+00 5.071228027343750000e+00 -inf -inf -inf
5.075970649719238281e+00 4.118360519409179688e+00 5.025237083435058594e+00 -inf -inf -inf
5.027784347534179688e+00 3.890775442123413086e+00 4.994890213012695312e+00 -inf -inf -inf
4.969535350799560547e+00 3.696622133255004883e+00 4.945727348327636719e+00 -inf -inf -inf
4.903907299041748047e+00 3.420721530914306641e+00 4.889391899108886719e+00 -inf -inf -inf
4.848564624786376953e+00 3.054534435272216797e+00 4.841529846191406250e+00 -inf -inf -inf
4.787395954132080078e+00 3.114476203918457031e+00 4.778073310852050781e+00 -inf -inf -inf
4.676616191864013672e+00 2.699225187301635742e+00 4.672017097473144531e+00 -inf -inf -inf
4.602628707885742188e+00 2.917392969131469727e+00 4.593569755554199219e+00 -inf -inf -inf
4.533230781555175781e+00 3.021605491638183594e+00 4.519649982452392578e+00 -inf -inf -inf
4.474240779876708984e+00 2.915398836135864258e+00 4.462078571319580078e+00 -inf -inf -inf
4.410851955413818359e+00 2.713262557983398438e+00 4.402050018310546875e+00 -inf -inf -inf
4.292118072509765625e+00 2.289878368377685547e+00 4.287775993347167969e+00 -inf -inf -inf
4.171627044677734375e+00 1.918610215187072754e+00 4.169195175170898438e+00 -inf -inf -inf
4.027624130249023438e+00 2.342916488647460938e+00 4.018554210662841797e+00 -inf -inf -inf
3.868278980255126953e+00 1.413262963294982910e+00 3.866753101348876953e+00 -inf -inf -inf
3.816767454147338867e+00 2.418061971664428711e+00 3.799070596694946289e+00 -inf -inf -inf
2.691677093505859375e+00 1.268657207489013672e+00 2.674962520599365234e+00 -inf -inf -inf
-inf -inf -inf -inf -inf -inf
-inf -inf -inf -inf -inf -inf
-inf -inf -inf -inf -inf -inf
-inf -inf -inf -inf -inf -inf
-inf -inf -inf -inf -inf -inf
-inf -inf -inf -inf -inf -inf
-inf -inf -inf -inf -inf -inf
-inf -inf -inf -inf -inf -inf
-inf -inf -inf -inf -inf -inf
-inf -inf -inf -inf -inf -inf
-inf -inf -inf -inf -inf -inf
-inf -inf -inf -inf -inf -inf
