5.572837352752685547e+00 -inf 5.572837352752685547e+00 6.968104839324951172e+00 6.026178359985351562e+00 6.915387630462646484e+00
5.569162368774414062e+00 -inf 5.569162368774414062e+00 6.967736244201660156e+00 6.011253356933593750e+00 6.916862487792968750e+00
5.561599731445312500e+00 -inf 5.561599731445312500e+00 6.965292453765869141e+00 6.005877971649169922e+00 6.914782047271728516e+00
5.557985305786132812e+00 -inf 5.557985305786132812e+00 6.960728645324707031e+00 5.994954586029052734e+00 6.910996437072753906e+00
5.549615859985351562e+00 -inf 5.549615859985351562e+00 6.959581375122070312e+00 5.986951351165771484e+00 6.910673141479492188e+00
5.541567802429199219e+00 -inf 5.541567802429199219e+00 6.960905551910400391e+00 5.969733715057373047e+00 6.914156436920166016e+00
5.529263496398925781e+00 -inf 5.529263496398925781e+00 6.960390567779541016e+00 5.975973606109619141e+00 6.912866115570068359e+00
5.518249988555908203e+00 -inf 5.518249988555908203e+00 6.961964607238769531e+00 6.021102905273437500e+00 6.909110069274902344e+00
5.508111476898193359e+00 -inf 5.508111476898193359e+00 6.962943553924560547e+00 6.096619129180908203e+00 6.899435520172119141e+00
5.502240657806396484e+00 -inf 5.502240657806396484e+00 6.964189052581787109e+00 6.208569526672363281e+00 6.880357742309570312e+00
5.504860401153564453e+00 -inf 5.504860401153564453e+00 6.964711189270019531e+00 6.304484844207763672e+00 6.857549667358398438e+00
5.504806041717529297e+00 -inf 5.504806041717529297e+00 6.964909076690673828e+00 6.391127109527587891e+00 6.830119609832763672e+00
5.501698493957519531e+00 -inf 5.501698493957519531e+00 6.965215682983398438e+00 6.448275566101074219e+00 6.807743072509765625e+00
5.517798423767089844e+00 -inf 5.517798423767089844e+00 6.965886116027832031e+00 6.491623401641845703e+00 6.788358211517333984e+00
5.546421051025390625e+00 -inf 5.546421051025390625e+00 6.965241432189941406e+00 6.514098167419433594e+00 6.775554180145263672e+00
5.580658912658691406e+00 -inf 5.580658912658691406e+00 6.963756084442138672e+00 6.520835399627685547e+00 6.769498825073242188e+00
5.633267879486083984e+00 -inf 5.633267879486083984e+00 6.961147785186767578e+00 6.518061637878417969e+00 6.766983509063720703e+00
5.691693305969238281e+00 -inf 5.691693305969238281e+00 6.956106662750244141e+00 6.511261463165283203e+00 6.762931346893310547e+00
5.760599613189697266e+00 1.877779245376586914e+00 5.760542869567871094e+00 6.951704978942871094e+00 6.500644207000732422e+00 6.761972427368164062e+00
5.870756626129150391e+00 -inf 5.870756626129150391e+00 6.942833900451660156e+00 6.481240272521972656e+00 6.758765697479248047e+00
5.996516704559326172e+00 1.863383054733276367e+00 5.996484756469726562e+00 6.929515361785888672e+00 6.473038196563720703e+00 6.742722511291503906e+00
6.141339778900146484e+00 2.351345777511596680e+00 6.141269683837890625e+00 6.907380580902099609e+00 6.461895465850830078e+00 6.714562892913818359e+00
6.238794326782226562e+00 3.709614515304565430e+00 6.237508773803710938e+00 6.887422084808349609e+00 6.451805114746093750e+00 6.688989639282226562e+00
6.307360172271728516e+00 4.168675422668457031e+00 6.304193019866943359e+00 6.870280265808105469e+00 6.442861080169677734e+00 6.667027950286865234e+00
6.370959758758544922e+00 4.409334182739257812e+00 6.366189002990722656e+00 6.850912094116210938e+00 6.417942523956298828e+00 6.650938510894775391e+00
6.421182632446289062e+00 4.616670608520507812e+00 6.414316177368164062e+00 6.832253456115722656e+00 6.395861148834228516e+00 6.634269714355468750e+00
6.460005283355712891e+00 4.702175140380859375e+00 6.452353477478027344e+00 6.816434860229492188e+00 6.375809192657470703e+00 6.620877265930175781e+00
6.497547149658203125e+00 4.740568161010742188e+00 6.489880084991455078e+00 6.798522472381591797e+00 6.364575862884521484e+00 6.599119663238525391e+00
6.527040004730224609e+00 4.718326091766357422e+00 6.520240783691406250e+00 6.782438278198242188e+00 6.364961147308349609e+00 6.573142528533935547e+00
6.546452522277832031e+00 4.604471683502197266e+00 6.541460514068603516e+00 6.770853042602539062e+00 6.369533061981201172e+00 6.551243782043457031e+00
6.561460494995117188e+00 4.611711502075195312e+00 6.556557178497314453e+00 6.762016296386718750e+00 6.370200634002685547e+00 6.536036491394042969e+00
6.577448368072509766e+00 4.664894580841064453e+00 6.572103500366210938e+00 6.751197814941406250e+00 6.361454963684082031e+00 6.523796558380126953e+00
6.588387012481689453e+00 4.713794231414794922e+00 6.582551002502441406e+00 6.738626956939697266e+00 6.362693786621093750e+00 6.501461505889892578e+00
6.602484226226806641e+00 4.727394580841064453e+00 6.596654891967773438e+00 6.723097801208496094e+00 6.362496852874755859e+00 6.474443912506103516e+00
6.616616725921630859e+00 4.844624042510986328e+00 6.609211921691894531e+00 6.703023433685302734e+00 6.355206966400146484e+00 6.444226264953613281e+00
6.618777275085449219e+00 4.846019744873046875e+00 6.611385345458984375e+00 6.690662384033203125e+00 6.348432540893554688e+00 6.427259922027587891e+00
6.618381023406982422e+00 4.769488334655761719e+00 6.612186908721923828e+00 6.680220603942871094e+00 6.339110374450683594e+00 6.415882587432861328e+00
6.617522239685058594e+00 4.619433403015136719e+00 6.613138198852539062e+00 6.670728683471679688e+00 6.328041076660156250e+00 6.407707691192626953e+00
6.615322113037109375e+00 4.543880939483642578e+00 6.611622333526611328e+00 6.660040378570556641e+00 6.308542728424072266e+00 6.404219627380371094e+00
6.615413665771484375e+00 4.618765354156494141e+00 6.611014842987060547e+00 6.649588108062744141e+00 6.290750980377197266e+00 6.399567127227783203e+00
6.615588188171386719e+00 4.708192825317382812e+00 6.610179424285888672e+00 6.640669822692871094e+00 6.274345397949218750e+00 6.396388530731201172e+00
6.616953849792480469e+00 4.787508487701416016e+00 6.610474109649658203e+00 6.629702091217041016e+00 6.249878406524658203e+00 6.395341873168945312e+00
6.620623588562011719e+00 4.851498126983642578e+00 6.613170146942138672e+00 6.615514755249023438e+00 6.227604389190673828e+00 6.386848449707031250e+00
6.626027584075927734e+00 5.006490230560302734e+00 6.615470886230468750e+00 6.596346378326416016e+00 6.215705871582031250e+00 6.362569332122802734e+00
6.633697986602783203e+00 5.115441799163818359e+00 6.620326042175292969e+00 6.574456214904785156e+00 6.217725276947021484e+00 6.322788238525390625e+00
6.639208316802978516e+00 5.194943904876708984e+00 6.623306751251220703e+00 6.547061443328857422e+00 6.227148532867431641e+00 6.264127254486083984e+00
6.636954784393310547e+00 5.264150619506835938e+00 6.618146419525146484e+00 6.521759510040283203e+00 6.229467391967773438e+00 6.211811542510986328e+00
6.634912014007568359e+00 5.298440933227539062e+00 6.614422798156738281e+00 6.493589878082275391e+00 6.215616226196289062e+00 6.168210506439208984e+00
6.635813713073730469e+00 5.251686573028564453e+00 6.617499351501464844e+00 6.469423770904541016e+00 6.199757575988769531e+00 6.134586811065673828e+00
6.634052753448486328e+00 5.259413719177246094e+00 6.615325450897216797e+00 6.446518898010253906e+00 6.184847354888916016e+00 6.102204799652099609e+00
6.634924888610839844e+00 5.333857536315917969e+00 6.612650394439697266e+00 6.419755458831787109e+00 6.162981986999511719e+00 6.069442272186279297e+00
6.633512496948242188e+00 5.382984161376953125e+00 6.608407974243164062e+00 6.395188331604003906e+00 6.143707752227783203e+00 6.038218021392822266e+00
6.632822513580322266e+00 5.391986846923828125e+00 6.607134342193603516e+00 6.363986492156982422e+00 6.112943649291992188e+00 6.006458759307861328e+00
6.626768112182617188e+00 5.417235374450683594e+00 6.599098205566406250e+00 6.342851638793945312e+00 6.073587417602539062e+00 6.007548809051513672e+00
6.615541934967041016e+00 5.486616611480712891e+00 6.582005023956298828e+00 6.319136619567871094e+00 6.026503562927246094e+00 6.009543895721435547e+00
6.603363037109375000e+00 5.544383049011230469e+00 6.563690185546875000e+00 6.296423912048339844e+00 5.992617130279541016e+00 5.998152732849121094e+00
6.590286254882812500e+00 5.582557678222656250e+00 6.545378684997558594e+00 6.274123668670654297e+00 5.957543849945068359e+00 5.988105773925781250e+00
6.573774814605712891e+00 5.570295333862304688e+00 6.528402328491210938e+00 6.259607315063476562e+00 5.930201530456542969e+00 5.985212326049804688e+00
6.555278778076171875e+00 5.581485748291015625e+00 6.506509780883789062e+00 6.247142791748046875e+00 5.909136772155761719e+00 5.980186939239501953e+00
6.538651943206787109e+00 5.568192958831787109e+00 6.489483833312988281e+00 6.234676837921142578e+00 5.894195079803466797e+00 5.969810962677001953e+00
6.530482769012451172e+00 5.586392402648925781e+00 6.478044033050537109e+00 6.214872837066650391e+00 5.891489028930664062e+00 5.935102462768554688e+00
6.535534381866455078e+00 5.632426261901855469e+00 6.477544784545898438e+00 6.179162502288818359e+00 5.878446578979492188e+00 5.877817630767822266e+00
6.541756629943847656e+00 5.668017864227294922e+00 6.479404449462890625e+00 6.135251998901367188e+00 5.867290496826171875e+00 5.798426628112792969e+00
6.551103115081787109e+00 5.719783306121826172e+00 6.481816291809082031e+00 6.080762386322021484e+00 5.847700595855712891e+00 5.699117660522460938e+00
6.549971103668212891e+00 5.767353057861328125e+00 6.471677780151367188e+00 6.029471874237060547e+00 5.832144260406494141e+00 5.591940879821777344e+00
6.545108795166015625e+00 5.770753383636474609e+00 6.465164661407470703e+00 5.989544391632080078e+00 5.806593418121337891e+00 5.525825977325439453e+00
6.530873298645019531e+00 5.789024829864501953e+00 6.444052219390869141e+00 5.955342769622802734e+00 5.782874107360839844e+00 5.470884799957275391e+00
6.523133277893066406e+00 5.826524257659912109e+00 6.425631046295166016e+00 5.903639793395996094e+00 5.739657878875732422e+00 5.401237487792968750e+00
6.517446994781494141e+00 5.821841716766357422e+00 6.419691562652587891e+00 5.851679801940917969e+00 5.680749416351318359e+00 5.364049434661865234e+00
6.518312454223632812e+00 5.825139045715332031e+00 6.419940948486328125e+00 5.788346767425537109e+00 5.620479583740234375e+00 5.294295310974121094e+00
6.511620521545410156e+00 5.809781551361083984e+00 6.415425300598144531e+00 5.709111690521240234e+00 5.531330585479736328e+00 5.235351085662841797e+00
6.505536556243896484e+00 5.828718662261962891e+00 6.402907371520996094e+00 5.619277000427246094e+00 5.411810874938964844e+00 5.198828220367431641e+00
6.494888305664062500e+00 5.838187694549560547e+00 6.386734962463378906e+00 5.528420925140380859e+00 5.287624359130859375e+00 5.157436847686767578e+00
6.485037326812744141e+00 5.823872089385986328e+00 6.378139019012451172e+00 5.435845375061035156e+00 5.163903236389160156e+00 5.103638648986816406e+00
6.472757339477539062e+00 5.779168605804443359e+00 6.374491691589355469e+00 5.363071918487548828e+00 5.073945999145507812e+00 5.049802780151367188e+00
6.467368125915527344e+00 5.756437301635742188e+00 6.373397827148437500e+00 5.266092300415039062e+00 4.991727828979492188e+00 4.936652183532714844e+00
6.464021205902099609e+00 5.747489452362060547e+00 6.371393203735351562e+00 5.202960491180419922e+00 4.924853324890136719e+00 4.877730369567871094e+00
6.455617904663085938e+00 5.737587928771972656e+00 6.363345623016357422e+00 5.169301509857177734e+00 4.862053871154785156e+00 4.874401569366455078e+00
6.445253849029541016e+00 5.706705570220947266e+00 6.357699871063232422e+00 5.118869304656982422e+00 4.785900115966796875e+00 4.847589969635009766e+00
6.435312271118164062e+00 5.668362140655517578e+00 6.353855609893798828e+00 5.030803680419921875e+00 4.613428592681884766e+00 4.821444511413574219e+00
6.428621768951416016e+00 5.601287841796875000e+00 6.358642578125000000e+00 4.909996032714843750e+00 4.437242031097412109e+00 4.731704711914062500e+00
6.421000957489013672e+00 5.574698925018310547e+00 6.354254245758056641e+00 4.720909118652343750e+00 4.242264270782470703e+00 4.545577526092529297e+00
6.409826278686523438e+00 5.568801403045654297e+00 6.342197418212890625e+00 4.577683448791503906e+00 4.078592777252197266e+00 4.412173271179199219e+00
6.397865772247314453e+00 5.571119308471679688e+00 6.327783584594726562e+00 4.452356338500976562e+00 3.663275718688964844e+00 4.375328540802001953e+00
6.385058403015136719e+00 5.583056926727294922e+00 6.310494422912597656e+00 4.351725578308105469e+00 3.516263008117675781e+00 4.283152103424072266e+00
6.375691413879394531e+00 5.545009136199951172e+00 6.306294918060302734e+00 4.313456535339355469e+00 2.683270692825317383e+00 4.303159236907958984e+00
6.364675521850585938e+00 5.509523868560791016e+00 6.299382209777832031e+00 4.256223678588867188e+00 3.290759563446044922e+00 4.206453800201416016e+00
6.349207401275634766e+00 5.483316898345947266e+00 6.285631179809570312e+00 4.018221378326416016e+00 2.021219015121459961e+00 4.013825893402099609e+00
6.327681064605712891e+00 5.471522331237792969e+00 6.262550830841064453e+00 3.314633846282958984e+00 -inf 3.314633846282958984e+00
6.306366920471191406e+00 5.512525558471679688e+00 6.230256557464599609e+00 -inf -inf -inf
6.282339096069335938e+00 5.518109321594238281e+00 6.200319766998291016e+00 -inf -inf -inf
6.263417720794677734e+00 5.513926029205322266e+00 6.178270339965820312e+00 -inf -inf -inf
6.243239402770996094e+00 5.472657680511474609e+00 6.162528514862060547e+00 -inf -inf -inf
6.219897270202636719e+00 5.477022171020507812e+00 6.133303165435791016e+00 -inf -inf -inf
6.199048995971679688e+00 5.505742073059082031e+00 6.100711822509765625e+00 -inf -inf -inf
6.175319671630859375e+00 5.527172088623046875e+00 6.064717769622802734e+00 -inf -inf -inf
6.153997421264648438e+00 5.509881019592285156e+00 6.042218208312988281e+00 -inf -inf -inf
6.137893199920654297e+00 5.519897460937500000e+00 6.018138885498046875e+00 -inf -inf -inf
6.120578289031982422e+00 5.497000217437744141e+00 6.002582073211669922e+00 -inf -inf -inf
6.095662593841552734e+00 5.473975181579589844e+00 5.977073669433593750e+00 -inf -inf -inf
6.068751811981201172e+00 5.495593547821044922e+00 5.933735370635986328e+00 -inf -inf -inf
6.043348789215087891e+00 5.487341403961181641e+00 5.901906490325927734e+00 -inf -inf -inf
6.020054340362548828e+00 5.438162803649902344e+00 5.888178825378417969e+00 -inf -inf -inf
5.994509220123291016e+00 5.404847621917724609e+00 5.865357398986816406e+00 -inf -inf -inf
5.970231056213378906e+00 5.420320510864257812e+00 5.826417922973632812e+00 -inf -inf -inf
5.945582866668701172e+00 5.425846099853515625e+00 5.789327621459960938e+00 -inf -inf -inf
5.932994842529296875e+00 5.419676303863525391e+00 5.773930549621582031e+00 -inf -inf -inf
5.918885707855224609e+00 5.411176204681396484e+00 5.757317066192626953e+00 -inf -inf -inf
5.901590824127197266e+00 5.376030921936035156e+00 5.747832775115966797e+00 -inf -inf -inf
5.880594730377197266e+00 5.293936252593994141e+00 5.750398635864257812e+00 -inf -inf -inf
5.852507591247558594e+00 5.275342464447021484e+00 5.718943119049072266e+00 -inf -inf -inf
5.806493282318115234e+00 5.230185508728027344e+00 5.672619342803955078e+00 -inf -inf -inf
5.781075954437255859e+00 5.201342582702636719e+00 5.648432731628417969e+00 -inf -inf -inf
5.745604991912841797e+00 5.161109924316406250e+00 5.614649772644042969e+00 -inf -inf -inf
5.717104434967041016e+00 5.087561607360839844e+00 5.600953578948974609e+00 -inf -inf -inf
5.687956809997558594e+00 5.028963088989257812e+00 5.580450534820556641e+00 -inf -inf -inf
5.646516323089599609e+00 5.015204906463623047e+00 5.530906200408935547e+00 -inf -inf -inf
5.623865127563476562e+00 5.026453018188476562e+00 5.497365951538085938e+00 -inf -inf -inf
5.598327159881591797e+00 5.014812946319580078e+00 5.467026233673095703e+00 -inf -inf -inf
5.557367801666259766e+00 5.022623062133789062e+00 5.407453060150146484e+00 -inf -inf -inf
5.509866714477539062e+00 4.938576221466064453e+00 5.374167442321777344e+00 -inf -inf -inf
5.484477996826171875e+00 4.903268814086914062e+00 5.352360248565673828e+00 -inf -inf -inf
5.459372043609619141e+00 4.889075279235839844e+00 5.323307514190673828e+00 -inf -inf -inf
5.411002159118652344e+00 4.867964267730712891e+00 5.264461040496826172e+00 -inf -inf -inf
5.395667076110839844e+00 4.869064331054687500e+00 5.242351531982421875e+00 -inf -inf -inf
5.380452632904052734e+00 4.843439579010009766e+00 5.231470108032226562e+00 -inf -inf -inf
5.352523326873779297e+00 4.796616554260253906e+00 5.211041927337646484e+00 -inf -inf -inf
5.288620948791503906e+00 4.725276947021484375e+00 5.149969577789306641e+00 -inf -inf -inf
5.226823806762695312e+00 4.566388130187988281e+00 5.119720935821533203e+00 -inf -inf -inf
5.210237979888916016e+00 4.476659774780273438e+00 5.121565341949462891e+00 -inf -inf -inf
5.199754238128662109e+00 4.520503044128417969e+00 5.097771644592285156e+00 -inf -inf -inf
5.167120456695556641e+00 4.541283130645751953e+00 5.049826622009277344e+00 -inf -inf -inf
5.099051475524902344e+00 4.494394302368164062e+00 4.974975109100341797e+00 -inf -inf -inf
5.035426139831542969e+00 4.583674907684326172e+00 4.846072196960449219e+00 -inf -inf -inf
5.013392925262451172e+00 4.542295932769775391e+00 4.834258079528808594e+00 -inf -inf -inf
4.977120876312255859e+00 4.504376411437988281e+00 4.798824310302734375e+00 -inf -inf -inf
4.934668540954589844e+00 4.489619731903076172e+00 4.741606712341308594e+00 -inf -inf -inf
4.917360305786132812e+00 4.433754920959472656e+00 4.744474887847900391e+00 -inf -inf -inf
4.891013622283935547e+00 4.482241153717041016e+00 4.676239013671875000e+00 -inf -inf -inf
4.851626873016357422e+00 4.428720951080322266e+00 4.645658969879150391e+00 -inf -inf -inf
4.822825431823730469e+00 4.289595603942871094e+00 4.672285079956054688e+00 -inf -inf -inf
4.764281272888183594e+00 4.180575847625732422e+00 4.633047580718994141e+00 -inf -inf -inf
4.739413261413574219e+00 4.141246795654296875e+00 4.613168716430664062e+00 -inf -inf -inf
4.728806495666503906e+00 4.169511795043945312e+00 4.588622570037841797e+00 -inf -inf -inf
4.716465950012207031e+00 4.141348838806152344e+00 4.582161903381347656e+00 -inf -inf -inf
4.700369358062744141e+00 4.179640769958496094e+00 4.544542789459228516e+00 -inf -inf -inf
4.674452304840087891e+00 4.146031856536865234e+00 4.521903991699218750e+00 -inf -inf -inf
4.664020538330078125e+00 3.938657522201538086e+00 4.573465347290039062e+00 -inf -inf -inf
4.654499530792236328e+00 3.537951707839965820e+00 4.619953632354736328e+00 -inf -inf -inf
4.637637615203857422e+00 3.607742071151733398e+00 4.595078468322753906e+00 -inf -inf -inf
4.626576900482177734e+00 3.786375761032104492e+00 4.558808803558349609e+00 -inf -inf -inf
4.604435443878173828e+00 3.599963903427124023e+00 4.559172153472900391e+00 -inf -inf -inf
4.566386222839355469e+00 3.176095962524414062e+00 4.548335552215576172e+00 -inf -inf -inf
4.535303115844726562e+00 2.626176357269287109e+00 4.529916286468505859e+00 -inf -inf -inf
4.494273662567138672e+00 -inf 4.494273662567138672e+00 -inf -inf -inf
4.416336536407470703e+00 -inf 4.416336536407470703e+00 -inf -inf -inf
4.082159042358398438e+00 -inf 4.082159042358398438e+00 -inf -inf -inf
3.606887578964233398e+00 -inf 3.606887578964233398e+00 -inf -inf -inf
2.744411945343017578e+00 -inf 2.744411945343017578e+00 -inf -inf -inf
-inf -inf -inf -inf -inf -inf
-inf -inf -inf -inf -inf -inf
-inf -inf -inf -inf -inf -inf
-inf -inf -inf -inf -inf -inf
-inf -inf -inf -inf -inf -inf
-inf -inf -inf -inf -inf -inf
-inf -inf -inf -inf -inf -inf
-inf -inf -inf -inf -inf -inf
-inf -inf -inf -inf -inf -inf
-inf -inf -inf -inf -inf -inf
-inf -inf -inf -inf -inf -inf
-inf -inf -inf -inf -inf -inf
-inf -inf -inf -inf -inf -inf
-inf -inf -inf -inf -inf -inf
-inf -inf -inf -inf -inf -inf
-inf -inf -inf -inf -inf -inf
-inf -inf -inf -inf -inf -inf
-inf -inf -inf -inf -inf -inf
-inf -inf -inf -inf -inf -inf
-inf -inf -inf -inf -inf -inf
-inf -inf -inf -inf -inf -inf
-inf -inf -inf -inf -inf -inf
-inf -inf -inf -inf -inf -inf
-inf -inf -inf -inf -inf -inf
-inf -inf -inf -inf -inf -inf
-inf -inf -inf -inf -inf -inf
-inf -inf -inf -inf -inf -inf
-inf -inf -inf -inf -inf -inf
-inf -inf -inf -inf -inf -inf
-inf -inf -inf -inf -inf -inf
-inf -inf -inf -inf -inf -inf
-inf -inf -inf -inf -inf -inf
-inf -inf -inf -inf -inf -inf
-inf -inf -inf -inf -inf -inf
-inf -inf -inf -inf -inf -inf
-inf -inf -inf -inf -inf -inf
-inf -inf -inf -inf -inf -inf
-inf -inf -inf -inf -inf -inf
-inf -inf -inf -inf -inf -inf
-inf -inf -inf -inf -inf -inf
-inf -inf -inf -inf -inf -inf
-inf -inf -inf -inf -inf -inf
-inf -inf -inf -inf -inf -inf
-inf -inf -inf -inf -inf -inf
-inf -inf -inf -inf -inf -inf
-inf -inf -inf -inf -inf -inf
-inf -inf -inf -inf -inf -inf
-inf -inf -inf -inf -inf -inf
-inf -inf -inf -inf -inf -inf
-inf -inf -inf -inf -inf -inf
-inf -inf -inf -inf -inf -inf
-inf -inf -inf -inf -inf -inf
-inf -inf -inf -inf -inf -inf
-inf -inf -inf -inf -inf -inf
-inf -inf -inf -inf -inf -inf
-inf -inf -inf -inf -inf -inf
-inf -inf -inf -inf -inf -inf
-inf -inf -inf -inf -inf -inf
-inf -inf -inf -inf -inf -inf
-inf -inf -inf -inf -inf -inf
-inf -inf -inf -inf -inf -inf
-inf -inf -inf -inf -inf -inf
-inf -inf -inf -inf -inf -inf
-inf -inf -inf -inf -inf -inf
