5.928077697753906250e+00 -inf 5.928077697753906250e+00 6.923308849334716797e+00 5.624945163726806641e+00 6.900891780853271484e+00
5.940567016601562500e+00 -inf 5.940567016601562500e+00 6.921148300170898438e+00 5.625454425811767578e+00 6.898589134216308594e+00
5.959972858428955078e+00 -inf 5.959972858428955078e+00 6.917985439300537109e+00 5.624134540557861328e+00 6.895328044891357422e+00
5.980339527130126953e+00 -inf 5.980339527130126953e+00 6.913191795349121094e+00 5.600103855133056641e+00 6.891541004180908203e+00
6.004410743713378906e+00 -inf 6.004410743713378906e+00 6.910228729248046875e+00 5.584633827209472656e+00 6.889207363128662109e+00
6.030402183532714844e+00 -inf 6.030402183532714844e+00 6.908962249755859375e+00 5.555460929870605469e+00 6.889279365539550781e+00
6.052103996276855469e+00 -inf 6.052103996276855469e+00 6.908278942108154297e+00 5.500418186187744141e+00 6.890958786010742188e+00
6.073575973510742188e+00 -inf 6.073575973510742188e+00 6.911446094512939453e+00 5.482779026031494141e+00 6.894951820373535156e+00
6.095661640167236328e+00 -inf 6.095661640167236328e+00 6.916316986083984375e+00 5.493362426757812500e+00 6.899599552154541016e+00
6.119404792785644531e+00 -inf 6.119404792785644531e+00 6.923393726348876953e+00 5.622573852539062500e+00 6.901106357574462891e+00
6.148545265197753906e+00 -inf 6.148545265197753906e+00 6.924822330474853516e+00 5.756515026092529297e+00 6.894297599792480469e+00
6.186332225799560547e+00 -inf 6.186332225799560547e+00 6.921546459197998047e+00 5.894630432128906250e+00 6.878678798675537109e+00
6.232275485992431641e+00 -inf 6.232275485992431641e+00 6.915091991424560547e+00 6.025896549224853516e+00 6.855078697204589844e+00
6.276033401489257812e+00 2.613696575164794922e+00 6.275939464569091797e+00 6.906455993652343750e+00 6.121605873107910156e+00 6.828602313995361328e+00
6.314979076385498047e+00 2.341358184814453125e+00 6.314933300018310547e+00 6.896943569183349609e+00 6.186078548431396484e+00 6.802957057952880859e+00
6.352809906005859375e+00 3.001340389251708984e+00 6.352615833282470703e+00 6.886433124542236328e+00 6.227289676666259766e+00 6.778968811035156250e+00
6.394058227539062500e+00 -inf 6.394058227539062500e+00 6.873476982116699219e+00 6.251127719879150391e+00 6.755095958709716797e+00
6.437218189239501953e+00 2.994640588760375977e+00 6.437061786651611328e+00 6.857027053833007812e+00 6.241946697235107422e+00 6.736342906951904297e+00
6.483290195465087891e+00 3.370516538619995117e+00 6.482955455780029297e+00 6.837808609008789062e+00 6.204359531402587891e+00 6.722847938537597656e+00
6.530591487884521484e+00 3.902762174606323242e+00 6.529567241668701172e+00 6.814535140991210938e+00 6.157473087310791016e+00 6.706484317779541016e+00
6.570960521697998047e+00 4.162036418914794922e+00 6.569263458251953125e+00 6.792427539825439453e+00 6.126353263854980469e+00 6.686889171600341797e+00
6.603885173797607422e+00 4.068070888519287109e+00 6.602618694305419922e+00 6.770046710968017578e+00 6.105994224548339844e+00 6.663949966430664062e+00
6.635126113891601562e+00 4.110960006713867188e+00 6.633824825286865234e+00 6.747354507446289062e+00 6.078419208526611328e+00 6.642599582672119141e+00
6.660387039184570312e+00 4.064763069152832031e+00 6.659283638000488281e+00 6.727484226226806641e+00 6.064828872680664062e+00 6.621000766754150391e+00
6.675530433654785156e+00 4.230951309204101562e+00 6.673966884613037109e+00 6.714606761932373047e+00 6.035474777221679688e+00 6.612592697143554688e+00
6.688387870788574219e+00 4.480020046234130859e+00 6.685691356658935547e+00 6.702519893646240234e+00 6.017488479614257812e+00 6.602054119110107422e+00
6.702834129333496094e+00 4.486560344696044922e+00 6.700186729431152344e+00 6.687677860260009766e+00 6.033620357513427734e+00 6.578773975372314453e+00
6.720586776733398438e+00 4.488529682159423828e+00 6.718034267425537109e+00 6.667199611663818359e+00 6.050889015197753906e+00 6.546908855438232422e+00
6.736584663391113281e+00 4.481285095214843750e+00 6.734165191650390625e+00 6.643745899200439453e+00 6.062393188476562500e+00 6.511679172515869141e+00
6.745813369750976562e+00 4.545953750610351562e+00 6.743063449859619141e+00 6.625788688659667969e+00 6.069549083709716797e+00 6.484435081481933594e+00
6.751149654388427734e+00 4.586769580841064453e+00 6.748165130615234375e+00 6.610373020172119141e+00 6.070894241333007812e+00 6.462395191192626953e+00
6.753218173980712891e+00 4.603245735168457031e+00 6.750132560729980469e+00 6.595823287963867188e+00 6.062633514404296875e+00 6.445266246795654297e+00
6.756756305694580078e+00 4.703231811523437500e+00 6.752899646759033203e+00 6.575805664062500000e+00 6.058169364929199219e+00 6.418637752532958984e+00
6.758999824523925781e+00 4.883700847625732422e+00 6.753173351287841797e+00 6.553112983703613281e+00 6.054069995880126953e+00 6.387581348419189453e+00
6.767756938934326172e+00 4.946726322174072266e+00 6.761149406433105469e+00 6.519892215728759766e+00 6.031675338745117188e+00 6.349244117736816406e+00
6.779423713684082031e+00 5.002147674560546875e+00 6.772109985351562500e+00 6.483617305755615234e+00 6.023067951202392578e+00 6.298996448516845703e+00
6.787588596343994141e+00 5.117627143859863281e+00 6.778202056884765625e+00 6.448996067047119141e+00 5.990500926971435547e+00 6.263283729553222656e+00
6.793215751647949219e+00 5.230997562408447266e+00 6.781149387359619141e+00 6.417948246002197266e+00 5.958383083343505859e+00 6.232805728912353516e+00
6.797029495239257812e+00 5.276015281677246094e+00 6.783743381500244141e+00 6.383019447326660156e+00 5.914901256561279297e+00 6.202355384826660156e+00
6.797080039978027344e+00 5.366269588470458984e+00 6.780667781829833984e+00 6.351906776428222656e+00 5.851006984710693359e+00 6.187233448028564453e+00
6.793784618377685547e+00 5.413123130798339844e+00 6.775320053100585938e+00 6.321886539459228516e+00 5.797860145568847656e+00 6.167475223541259766e+00
6.789820194244384766e+00 5.402012348175048828e+00 6.771664142608642578e+00 6.291872024536132812e+00 5.770147800445556641e+00 6.136474132537841797e+00
6.785024166107177734e+00 5.370490074157714844e+00 6.767972946166992188e+00 6.260742664337158203e+00 5.760659217834472656e+00 6.095692634582519531e+00
6.779881954193115234e+00 5.340743064880371094e+00 6.763788223266601562e+00 6.229994297027587891e+00 5.770993232727050781e+00 6.044551372528076172e+00
6.777720928192138672e+00 5.444757461547851562e+00 6.757061958312988281e+00 6.190058708190917969e+00 5.764594078063964844e+00 5.985635757446289062e+00
6.778374671936035156e+00 5.559803009033203125e+00 6.751292705535888672e+00 6.136570453643798828e+00 5.743026256561279297e+00 5.911766052246093750e+00
6.779446601867675781e+00 5.643309116363525391e+00 6.746484279632568359e+00 6.068061828613281250e+00 5.716112613677978516e+00 5.812602519989013672e+00
6.777189254760742188e+00 5.689608573913574219e+00 6.740156650543212891e+00 5.992481708526611328e+00 5.670860767364501953e+00 5.711110591888427734e+00
6.774982452392578125e+00 5.718198299407958984e+00 6.735099792480468750e+00 5.904528141021728516e+00 5.614213943481445312e+00 5.592511653900146484e+00
6.773305416107177734e+00 5.761969089508056641e+00 6.728789806365966797e+00 5.786992073059082031e+00 5.506416797637939453e+00 5.464496135711669922e+00
6.770183086395263672e+00 5.757860183715820312e+00 6.725774765014648438e+00 5.643554210662841797e+00 5.363096714019775391e+00 5.320928096771240234e+00
6.762582302093505859e+00 5.759230136871337891e+00 6.717195510864257812e+00 5.517026424407958984e+00 5.241113662719726562e+00 5.189337253570556641e+00
6.750183105468750000e+00 5.718730449676513672e+00 6.707783699035644531e+00 5.452467918395996094e+00 5.213691234588623047e+00 5.078742980957031250e+00
6.742902278900146484e+00 5.671264648437500000e+00 6.704421997070312500e+00 5.406236171722412109e+00 5.144943237304687500e+00 5.061463356018066406e+00
6.735533237457275391e+00 5.615364551544189453e+00 6.701285362243652344e+00 5.365310192108154297e+00 5.089769363403320312e+00 5.037200927734375000e+00
6.727898120880126953e+00 5.602124691009521484e+00 6.694107055664062500e+00 5.328902244567871094e+00 5.035237312316894531e+00 5.020380020141601562e+00
6.717964649200439453e+00 5.603244781494140625e+00 6.683267593383789062e+00 5.254823207855224609e+00 4.954339504241943359e+00 4.953246116638183594e+00
6.708591461181640625e+00 5.565775871276855469e+00 6.676151275634765625e+00 5.200873374938964844e+00 4.896520614624023438e+00 4.903141021728515625e+00
6.698332309722900391e+00 5.524140834808349609e+00 6.668232917785644531e+00 5.166907787322998047e+00 4.802478790283203125e+00 4.921189308166503906e+00
6.687632083892822266e+00 5.530033111572265625e+00 6.656317234039306641e+00 5.145761013031005859e+00 4.722789764404296875e+00 4.939832687377929688e+00
6.675994396209716797e+00 5.562535285949707031e+00 6.641191959381103516e+00 5.122291088104248047e+00 4.663206577301025391e+00 4.936892986297607422e+00
6.662561416625976562e+00 5.587814807891845703e+00 6.624367713928222656e+00 5.082450389862060547e+00 4.609808444976806641e+00 4.904101848602294922e+00
6.647978305816650391e+00 5.588745594024658203e+00 6.608330249786376953e+00 5.044406414031982422e+00 4.531032562255859375e+00 4.885366439819335938e+00
6.636442661285400391e+00 5.620855331420898438e+00 6.592383384704589844e+00 5.001039028167724609e+00 4.370344638824462891e+00 4.885240077972412109e+00
6.626071453094482422e+00 5.682873249053955078e+00 6.573518753051757812e+00 4.954404354095458984e+00 4.285432338714599609e+00 4.849659919738769531e+00
6.613496303558349609e+00 5.712304592132568359e+00 6.555232524871826172e+00 4.896510124206542969e+00 4.257037162780761719e+00 4.783358573913574219e+00
6.601105213165283203e+00 5.735837459564208984e+00 6.537430763244628906e+00 4.824807643890380859e+00 4.140291690826416016e+00 4.724207401275634766e+00
6.585211277008056641e+00 5.751097679138183594e+00 6.516406536102294922e+00 4.736485481262207031e+00 3.977470636367797852e+00 4.653373718261718750e+00
6.571498394012451172e+00 5.746082782745361328e+00 6.501182079315185547e+00 4.632601261138916016e+00 3.735160827636718750e+00 4.573796272277832031e+00
6.561183452606201172e+00 5.742032051086425781e+00 6.489757061004638672e+00 4.556421279907226562e+00 2.793649911880493164e+00 4.548856735229492188e+00
6.550669670104980469e+00 5.689192771911621094e+00 6.486393928527832031e+00 4.515255451202392578e+00 -inf 4.515255451202392578e+00
6.544652938842773438e+00 5.664886951446533203e+00 6.483224391937255859e+00 4.494585514068603516e+00 -inf 4.494585514068603516e+00
6.538685798645019531e+00 5.592411518096923828e+00 6.486526966094970703e+00 4.494322776794433594e+00 -inf 4.494322776794433594e+00
6.526017189025878906e+00 5.493455410003662109e+00 6.483731269836425781e+00 4.499672889709472656e+00 -inf 4.499672889709472656e+00
6.510166168212890625e+00 5.431115150451660156e+00 6.472365856170654297e+00 4.497038841247558594e+00 -inf 4.497038841247558594e+00
6.497769832611083984e+00 5.382816791534423828e+00 6.463091373443603516e+00 4.490928173065185547e+00 -inf 4.490928173065185547e+00
6.490653514862060547e+00 5.361216545104980469e+00 6.457158088684082031e+00 4.487326145172119141e+00 -inf 4.487326145172119141e+00
6.481938838958740234e+00 5.294487476348876953e+00 6.452775955200195312e+00 4.492475986480712891e+00 -inf 4.492475986480712891e+00
6.470040798187255859e+00 5.221680641174316406e+00 6.444807052612304688e+00 4.494627952575683594e+00 -inf 4.494627952575683594e+00
6.457654476165771484e+00 5.112602233886718750e+00 6.437575817108154297e+00 4.498993873596191406e+00 -inf 4.498993873596191406e+00
6.442860603332519531e+00 5.000512123107910156e+00 6.426887035369873047e+00 4.502891063690185547e+00 -inf 4.502891063690185547e+00
6.428799629211425781e+00 4.880904197692871094e+00 6.416322231292724609e+00 4.500508785247802734e+00 -inf 4.500508785247802734e+00
6.407869815826416016e+00 4.785194873809814453e+00 6.397390365600585938e+00 4.502613067626953125e+00 -inf 4.502613067626953125e+00
6.388404846191406250e+00 4.827329158782958984e+00 6.376305580139160156e+00 4.506509780883789062e+00 -inf 4.506509780883789062e+00
6.367550373077392578e+00 4.835611820220947266e+00 6.354599475860595703e+00 4.504086971282958984e+00 -inf 4.504086971282958984e+00
6.350983619689941406e+00 4.797061920166015625e+00 6.338680744171142578e+00 4.501468658447265625e+00 -inf 4.501468658447265625e+00
6.331955432891845703e+00 4.765031337738037109e+00 6.320020675659179688e+00 4.494652271270751953e+00 -inf 4.494652271270751953e+00
6.304418563842773438e+00 4.750038623809814453e+00 6.292129516601562500e+00 4.494062423706054688e+00 -inf 4.494062423706054688e+00
6.282191276550292969e+00 4.817687988281250000e+00 6.267026424407958984e+00 4.494133472442626953e+00 -inf 4.494133472442626953e+00
6.267855167388916016e+00 4.932206153869628906e+00 6.247326850891113281e+00 4.493332386016845703e+00 -inf 4.493332386016845703e+00
6.250269889831542969e+00 4.931827068328857422e+00 6.228891372680664062e+00 4.496558666229248047e+00 -inf 4.496558666229248047e+00
6.230343818664550781e+00 4.922029018402099609e+00 6.208447456359863281e+00 4.496163845062255859e+00 -inf 4.496163845062255859e+00
6.208624362945556641e+00 4.822163581848144531e+00 6.190410614013671875e+00 4.490692138671875000e+00 -inf 4.490692138671875000e+00
6.193868160247802734e+00 4.755891799926757812e+00 6.177730083465576172e+00 4.489844799041748047e+00 -inf 4.489844799041748047e+00
6.179039001464843750e+00 4.837961196899414062e+00 6.158771514892578125e+00 4.484315872192382812e+00 -inf 4.484315872192382812e+00
6.160649299621582031e+00 4.879755496978759766e+00 6.137286663055419922e+00 4.482421398162841797e+00 -inf 4.482421398162841797e+00
6.136544704437255859e+00 4.886064529418945312e+00 6.111437797546386719e+00 4.482722759246826172e+00 -inf 4.482722759246826172e+00
6.122189998626708984e+00 4.877532482147216797e+00 6.096734046936035156e+00 4.478852272033691406e+00 -inf 4.478852272033691406e+00
6.089999675750732422e+00 4.832063674926757812e+00 6.065331935882568359e+00 4.479721546173095703e+00 -inf 4.479721546173095703e+00
6.073314189910888672e+00 4.811290264129638672e+00 6.048884868621826172e+00 4.482254028320312500e+00 -inf 4.482254028320312500e+00
6.057163715362548828e+00 4.846492290496826172e+00 6.029568195343017578e+00 4.483736515045166016e+00 -inf 4.483736515045166016e+00
6.028309822082519531e+00 4.909005641937255859e+00 5.993991851806640625e+00 4.483618736267089844e+00 -inf 4.483618736267089844e+00
5.991205692291259766e+00 4.857319355010986328e+00 5.958064556121826172e+00 4.482959270477294922e+00 -inf 4.482959270477294922e+00
5.959619045257568359e+00 4.791572570800781250e+00 5.929075241088867188e+00 4.488174915313720703e+00 -inf 4.488174915313720703e+00
5.923514842987060547e+00 4.680477619171142578e+00 5.897960662841796875e+00 4.494356632232666016e+00 -inf 4.494356632232666016e+00
5.908635616302490234e+00 4.756155967712402344e+00 5.876935482025146484e+00 4.498716831207275391e+00 -inf 4.498716831207275391e+00
5.890428066253662109e+00 4.806050300598144531e+00 5.853108406066894531e+00 4.500868320465087891e+00 -inf 4.500868320465087891e+00
5.862069129943847656e+00 4.803212642669677734e+00 5.822384357452392578e+00 4.501777648925781250e+00 -inf 4.501777648925781250e+00
5.820988178253173828e+00 4.719375133514404297e+00 5.785182476043701172e+00 4.504586696624755859e+00 -inf 4.504586696624755859e+00
5.797610282897949219e+00 4.706816196441650391e+00 5.760862350463867188e+00 4.508748531341552734e+00 -inf 4.508748531341552734e+00
5.781974792480468750e+00 4.672240257263183594e+00 5.746860027313232422e+00 4.507819175720214844e+00 -inf 4.507819175720214844e+00
5.756206512451171875e+00 4.682404518127441406e+00 5.717926025390625000e+00 4.506194114685058594e+00 -inf 4.506194114685058594e+00
5.732673168182373047e+00 4.673926830291748047e+00 5.692978382110595703e+00 4.504244327545166016e+00 -inf 4.504244327545166016e+00
5.695486068725585938e+00 4.616246700286865234e+00 5.657702922821044922e+00 4.499704837799072266e+00 -inf 4.499704837799072266e+00
5.670514106750488281e+00 4.446848869323730469e+00 5.643757820129394531e+00 4.496155738830566406e+00 -inf 4.496155738830566406e+00
5.654097080230712891e+00 4.315481662750244141e+00 5.633711338043212891e+00 4.494059562683105469e+00 -inf 4.494059562683105469e+00
5.636225223541259766e+00 4.292522430419921875e+00 5.616082668304443359e+00 4.491599559783935547e+00 -inf 4.491599559783935547e+00
5.591383934020996094e+00 4.334873676300048828e+00 5.566632747650146484e+00 4.489666461944580078e+00 -inf 4.489666461944580078e+00
5.552501201629638672e+00 4.431398868560791016e+00 5.518330097198486328e+00 4.487523555755615234e+00 -inf 4.487523555755615234e+00
5.510233879089355469e+00 4.549872875213623047e+00 5.459839820861816406e+00 4.488279819488525391e+00 -inf 4.488279819488525391e+00
5.483719348907470703e+00 4.455917835235595703e+00 5.440943717956542969e+00 4.492337703704833984e+00 -inf 4.492337703704833984e+00
5.467241764068603516e+00 4.409204483032226562e+00 5.427478790283203125e+00 4.496723651885986328e+00 -inf 4.496723651885986328e+00
5.443023204803466797e+00 4.420787334442138672e+00 5.399667739868164062e+00 4.500431537628173828e+00 -inf 4.500431537628173828e+00
5.399456501007080078e+00 4.328402042388916016e+00 5.360921859741210938e+00 4.500030040740966797e+00 -inf 4.500030040740966797e+00
5.370666027069091797e+00 4.378478050231933594e+00 5.324031829833984375e+00 4.499883651733398438e+00 -inf 4.499883651733398438e+00
5.344958305358886719e+00 4.354385375976562500e+00 5.298140525817871094e+00 4.499917030334472656e+00 -inf 4.499917030334472656e+00
5.319573402404785156e+00 4.390850543975830078e+00 5.265122890472412109e+00 4.498704433441162109e+00 -inf 4.498704433441162109e+00
5.302627563476562500e+00 4.251976490020751953e+00 5.262149810791015625e+00 4.497020721435546875e+00 -inf 4.497020721435546875e+00
5.295168399810791016e+00 4.056983947753906250e+00 5.269318580627441406e+00 4.493733406066894531e+00 -inf 4.493733406066894531e+00
5.285336494445800781e+00 3.781234741210937500e+00 5.271514415740966797e+00 4.490982532501220703e+00 -inf 4.490982532501220703e+00
5.251350879669189453e+00 3.675304889678955078e+00 5.239667415618896484e+00 4.490510463714599609e+00 -inf 4.490510463714599609e+00
5.188033103942871094e+00 3.735692024230957031e+00 5.172429561614990234e+00 4.490309715270996094e+00 -inf 4.490309715270996094e+00
5.156372547149658203e+00 3.844927549362182617e+00 5.134637355804443359e+00 4.489106178283691406e+00 -inf 4.489106178283691406e+00
5.094857215881347656e+00 4.197515487670898438e+00 5.036037921905517578e+00 4.487375259399414062e+00 -inf 4.487375259399414062e+00
5.091109275817871094e+00 4.191125392913818359e+00 5.032671451568603516e+00 4.485888481140136719e+00 -inf 4.485888481140136719e+00
5.091250419616699219e+00 4.186359882354736328e+00 5.033514976501464844e+00 4.485964775085449219e+00 -inf 4.485964775085449219e+00
5.091361045837402344e+00 4.198893070220947266e+00 5.031830310821533203e+00 4.488847255706787109e+00 -inf 4.488847255706787109e+00
5.091419219970703125e+00 4.146887779235839844e+00 5.039037704467773438e+00 4.475172042846679688e+00 -inf 4.475172042846679688e+00
5.088936805725097656e+00 4.125972747802734375e+00 5.038862228393554688e+00 4.427475452423095703e+00 -inf 4.427475452423095703e+00
5.078743457794189453e+00 4.038540363311767578e+00 5.037231922149658203e+00 4.369645595550537109e+00 -inf 4.369645595550537109e+00
5.057276248931884766e+00 3.832033634185791016e+00 5.030620098114013672e+00 4.303274154663085938e+00 -inf 4.303274154663085938e+00
5.015330791473388672e+00 3.661613702774047852e+00 4.995657920837402344e+00 4.221848964691162109e+00 -inf 4.221848964691162109e+00
4.950360298156738281e+00 3.508450984954833984e+00 4.934370517730712891e+00 4.118366241455078125e+00 -inf 4.118366241455078125e+00
4.859242916107177734e+00 3.241949081420898438e+00 4.848630905151367188e+00 3.982494115829467773e+00 -inf 3.982494115829467773e+00
4.779597759246826172e+00 2.671484470367431641e+00 4.776198387145996094e+00 3.947532892227172852e+00 -inf 3.947532892227172852e+00
4.730608940124511719e+00 -inf 4.730608940124511719e+00 3.947532892227172852e+00 -inf 3.947532892227172852e+00
4.694779872894287109e+00 -inf 4.694779872894287109e+00 3.947532892227172852e+00 -inf 3.947532892227172852e+00
4.656593322753906250e+00 -inf 4.656593322753906250e+00 3.947532892227172852e+00 -inf 3.947532892227172852e+00
4.612512111663818359e+00 -inf 4.612512111663818359e+00 3.947532892227172852e+00 -inf 3.947532892227172852e+00
4.560444831848144531e+00 -inf 4.560444831848144531e+00 3.947533130645751953e+00 -inf 3.947533130645751953e+00
4.498894214630126953e+00 -inf 4.498894214630126953e+00 3.947533130645751953e+00 -inf 3.947533130645751953e+00
4.422213554382324219e+00 -inf 4.422213554382324219e+00 3.947533369064331055e+00 -inf 3.947533369064331055e+00
4.326285362243652344e+00 -inf 4.326285362243652344e+00 3.947533369064331055e+00 -inf 3.947533369064331055e+00
4.248821735382080078e+00 -inf 4.248821735382080078e+00 3.947533369064331055e+00 -inf 3.947533369064331055e+00
4.248821735382080078e+00 -inf 4.248821735382080078e+00 3.947533369064331055e+00 -inf 3.947533369064331055e+00
4.248821735382080078e+00 -inf 4.248821735382080078e+00 3.947533130645751953e+00 -inf 3.947533130645751953e+00
4.248821735382080078e+00 -inf 4.248821735382080078e+00 3.947533369064331055e+00 -inf 3.947533369064331055e+00
4.248822212219238281e+00 -inf 4.248822212219238281e+00 3.947533369064331055e+00 -inf 3.947533369064331055e+00
4.248822212219238281e+00 -inf 4.248822212219238281e+00 3.947533607482910156e+00 -inf 3.947533607482910156e+00
4.248822212219238281e+00 -inf 4.248822212219238281e+00 3.947533845901489258e+00 -inf 3.947533845901489258e+00
4.248822689056396484e+00 -inf 4.248822689056396484e+00 3.947533845901489258e+00 -inf 3.947533845901489258e+00
4.248822689056396484e+00 -inf 4.248822689056396484e+00 3.947533845901489258e+00 -inf 3.947533845901489258e+00
4.248822689056396484e+00 -inf 4.248822689056396484e+00 3.947533845901489258e+00 -inf 3.947533845901489258e+00
4.248822689056396484e+00 -inf 4.248822689056396484e+00 3.947533845901489258e+00 -inf 3.947533845901489258e+00
4.248822689056396484e+00 -inf 4.248822689056396484e+00 3.947533845901489258e+00 -inf 3.947533845901489258e+00
4.248822689056396484e+00 -inf 4.248822689056396484e+00 3.947533607482910156e+00 -inf 3.947533607482910156e+00
4.248822689056396484e+00 -inf 4.248822689056396484e+00 3.947533845901489258e+00 -inf 3.947533845901489258e+00
4.248822689056396484e+00 -inf 4.248822689056396484e+00 3.947533607482910156e+00 -inf 3.947533607482910156e+00
4.248822212219238281e+00 -inf 4.248822212219238281e+00 3.947533607482910156e+00 -inf 3.947533607482910156e+00
4.248822212219238281e+00 -inf 4.248822212219238281e+00 3.947533607482910156e+00 -inf 3.947533607482910156e+00
4.248822212219238281e+00 -inf 4.248822212219238281e+00 3.947533607482910156e+00 -inf 3.947533607482910156e+00
4.248822689056396484e+00 -inf 4.248822689056396484e+00 3.947533607482910156e+00 -inf 3.947533607482910156e+00
4.248822212219238281e+00 -inf 4.248822212219238281e+00 3.947533607482910156e+00 -inf 3.947533607482910156e+00
4.248822212219238281e+00 -inf 4.248822212219238281e+00 3.947533607482910156e+00 -inf 3.947533607482910156e+00
4.248822689056396484e+00 -inf 4.248822689056396484e+00 3.947533607482910156e+00 -inf 3.947533607482910156e+00
4.248822689056396484e+00 -inf 4.248822689056396484e+00 3.947533607482910156e+00 -inf 3.947533607482910156e+00
4.248822212219238281e+00 -inf 4.248822212219238281e+00 3.947533607482910156e+00 -inf 3.947533607482910156e+00
4.248822689056396484e+00 -inf 4.248822689056396484e+00 3.947533607482910156e+00 -inf 3.947533607482910156e+00
4.248822689056396484e+00 -inf 4.248822689056396484e+00 3.947533607482910156e+00 -inf 3.947533607482910156e+00
4.248822689056396484e+00 -inf 4.248822689056396484e+00 3.947533607482910156e+00 -inf 3.947533607482910156e+00
4.248822689056396484e+00 -inf 4.248822689056396484e+00 3.947533845901489258e+00 -inf 3.947533845901489258e+00
4.248822689056396484e+00 -inf 4.248822689056396484e+00 3.947533607482910156e+00 -inf 3.947533607482910156e+00
4.248822689056396484e+00 -inf 4.248822689056396484e+00 3.947533845901489258e+00 -inf 3.947533845901489258e+00
4.248822689056396484e+00 -inf 4.248822689056396484e+00 3.947533845901489258e+00 -inf 3.947533845901489258e+00
4.248822689056396484e+00 -inf 4.248822689056396484e+00 3.947533845901489258e+00 -inf 3.947533845901489258e+00
4.248822689056396484e+00 -inf 4.248822689056396484e+00 3.947533845901489258e+00 -inf 3.947533845901489258e+00
4.248823165893554688e+00 -inf 4.248823165893554688e+00 3.947533845901489258e+00 -inf 3.947533845901489258e+00
4.248823165893554688e+00 -inf 4.248823165893554688e+00 3.947533845901489258e+00 -inf 3.947533845901489258e+00
4.248823165893554688e+00 -inf 4.248823165893554688e+00 3.947534084320068359e+00 -inf 3.947534084320068359e+00
4.248823165893554688e+00 -inf 4.248823165893554688e+00 3.947534084320068359e+00 -inf 3.947534084320068359e+00
4.248823165893554688e+00 -inf 4.248823165893554688e+00 3.947534084320068359e+00 -inf 3.947534084320068359e+00
4.248823165893554688e+00 -inf 4.248823165893554688e+00 3.947534084320068359e+00 -inf 3.947534084320068359e+00
4.248823165893554688e+00 -inf 4.248823165893554688e+00 3.947534084320068359e+00 -inf 3.947534084320068359e+00
4.248823165893554688e+00 -inf 4.248823165893554688e+00 3.947534084320068359e+00 -inf 3.947534084320068359e+00
4.248823165893554688e+00 -inf 4.248823165893554688e+00 3.947534084320068359e+00 -inf 3.947534084320068359e+00
4.248823642730712891e+00 -inf 4.248823642730712891e+00 3.947534084320068359e+00 -inf 3.947534084320068359e+00
4.248823642730712891e+00 -inf 4.248823642730712891e+00 3.947534084320068359e+00 -inf 3.947534084320068359e+00
4.248823642730712891e+00 -inf 4.248823642730712891e+00 3.947534084320068359e+00 -inf 3.947534084320068359e+00
4.248823642730712891e+00 -inf 4.248823642730712891e+00 3.947534322738647461e+00 -inf 3.947534322738647461e+00
4.248823642730712891e+00 -inf 4.248823642730712891e+00 3.947534322738647461e+00 -inf 3.947534322738647461e+00
4.248823642730712891e+00 -inf 4.248823642730712891e+00 3.947534322738647461e+00 -inf 3.947534322738647461e+00
4.248823642730712891e+00 -inf 4.248823642730712891e+00 3.947534322738647461e+00 -inf 3.947534322738647461e+00
4.248823642730712891e+00 -inf 4.248823642730712891e+00 3.947534322738647461e+00 -inf 3.947534322738647461e+00
4.248823642730712891e+00 -inf 4.248823642730712891e+00 3.947534322738647461e+00 -inf 3.947534322738647461e+00
4.248823642730712891e+00 -inf 4.248823642730712891e+00 3.947534084320068359e+00 -inf 3.947534084320068359e+00
4.248823642730712891e+00 -inf 4.248823642730712891e+00 3.947534084320068359e+00 -inf 3.947534084320068359e+00
4.248823642730712891e+00 -inf 4.248823642730712891e+00 3.947534322738647461e+00 -inf 3.947534322738647461e+00
4.248823642730712891e+00 -inf 4.248823642730712891e+00 3.947534322738647461e+00 -inf 3.947534322738647461e+00
4.248823642730712891e+00 -inf 4.248823642730712891e+00 3.947534322738647461e+00 -inf 3.947534322738647461e+00
4.248823642730712891e+00 -inf 4.248823642730712891e+00 3.947534322738647461e+00 -inf 3.947534322738647461e+00
4.248823642730712891e+00 -inf 4.248823642730712891e+00 3.947534322738647461e+00 -inf 3.947534322738647461e+00
4.248823642730712891e+00 -inf 4.248823642730712891e+00 3.947534322738647461e+00 -inf 3.947534322738647461e+00
4.248823642730712891e+00 -inf 4.248823642730712891e+00 3.947534084320068359e+00 -inf 3.947534084320068359e+00
4.248823642730712891e+00 -inf 4.248823642730712891e+00 3.947534084320068359e+00 -inf 3.947534084320068359e+00
4.248823165893554688e+00 -inf 4.248823165893554688e+00 3.947534084320068359e+00 -inf 3.947534084320068359e+00
4.248823165893554688e+00 -inf 4.248823165893554688e+00 3.947534084320068359e+00 -inf 3.947534084320068359e+00
4.248823165893554688e+00 -inf 4.248823165893554688e+00 3.947534084320068359e+00 -inf 3.947534084320068359e+00
4.248823165893554688e+00 -inf 4.248823165893554688e+00 3.947534322738647461e+00 -inf 3.947534322738647461e+00
4.248823165893554688e+00 -inf 4.248823165893554688e+00 3.947534322738647461e+00 -inf 3.947534322738647461e+00
4.248823165893554688e+00 -inf 4.248823165893554688e+00 3.947534322738647461e+00 -inf 3.947534322738647461e+00
4.248823165893554688e+00 -inf 4.248823165893554688e+00 3.947534322738647461e+00 -inf 3.947534322738647461e+00
4.248823165893554688e+00 -inf 4.248823165893554688e+00 3.947534084320068359e+00 -inf 3.947534084320068359e+00
4.248823165893554688e+00 -inf 4.248823165893554688e+00 3.947534322738647461e+00 -inf 3.947534322738647461e+00
