5.572837352752685547e+00 -3.296502865850925446e-03 5.572836399078369141e+00 6.968104839324951172e+00 5.944289684295654297e+00 6.924914360046386719e+00
5.569155216217041016e+00 2.439025878906250000e+00 5.568833351135253906e+00 6.967950820922851562e+00 6.002145290374755859e+00 6.918221950531005859e+00
5.561592102050781250e+00 2.228566646575927734e+00 5.561390876770019531e+00 6.967511653900146484e+00 6.048618316650390625e+00 6.911731719970703125e+00
5.557986736297607422e+00 2.152236700057983398e+00 5.557816028594970703e+00 6.966900348663330078e+00 5.946632862091064453e+00 6.923337459564208984e+00
5.549614429473876953e+00 1.353549838066101074e+00 5.549587249755859375e+00 6.965760231018066406e+00 5.938905239105224609e+00 6.922886371612548828e+00
5.541555881500244141e+00 6.347829103469848633e-01 5.541549682617187500e+00 6.965330600738525391e+00 5.875126361846923828e+00 6.928529739379882812e+00
5.529151439666748047e+00 7.300880551338195801e-02 5.529150009155273438e+00 6.965419292449951172e+00 5.716457843780517578e+00 6.940221786499023438e+00
5.518181324005126953e+00 -1.758181862533092499e-02 5.518179893493652344e+00 6.966547012329101562e+00 5.644599437713623047e+00 6.945344448089599609e+00
5.509107112884521484e+00 6.828981637954711914e-01 5.509100437164306641e+00 6.966818809509277344e+00 5.575156688690185547e+00 6.948825836181640625e+00
5.503387928009033203e+00 1.102123379707336426e+00 5.503370761871337891e+00 6.967440128326416016e+00 5.705813407897949219e+00 6.942987918853759766e+00
5.506688594818115234e+00 1.093286991119384766e+00 5.506672382354736328e+00 6.968159675598144531e+00 5.857354640960693359e+00 6.933135509490966797e+00
5.505577087402343750e+00 1.322366833686828613e+00 5.505548477172851562e+00 6.969190120697021484e+00 6.021049499511718750e+00 6.917269229888916016e+00
5.497632026672363281e+00 1.692141175270080566e+00 5.497564315795898438e+00 6.969635486602783203e+00 6.155979633331298828e+00 6.897220134735107422e+00
5.502850532531738281e+00 1.956957578659057617e+00 5.502727031707763672e+00 6.969857692718505859e+00 6.178994655609130859e+00 6.893174648284912109e+00
5.515027523040771484e+00 2.120176076889038086e+00 5.514852523803710938e+00 6.970453739166259766e+00 6.224382400512695312e+00 6.884562015533447266e+00
5.522704124450683594e+00 1.953673362731933594e+00 5.522587299346923828e+00 6.970555782318115234e+00 6.255898952484130859e+00 6.877480030059814453e+00
5.527308464050292969e+00 2.101284980773925781e+00 5.527145862579345703e+00 6.970687866210937500e+00 6.306269168853759766e+00 6.864692687988281250e+00
5.541407108306884766e+00 2.499229192733764648e+00 5.541012763977050781e+00 6.971282005310058594e+00 6.376636505126953125e+00 6.843842983245849609e+00
5.539535522460937500e+00 2.514078855514526367e+00 5.539125919342041016e+00 6.971556186676025391e+00 6.443230628967285156e+00 6.818967819213867188e+00
5.541348457336425781e+00 2.684272289276123047e+00 5.540744781494140625e+00 6.971744537353515625e+00 6.490479946136474609e+00 6.797709941864013672e+00
5.551393032073974609e+00 2.879098415374755859e+00 5.550467967987060547e+00 6.971469402313232422e+00 6.528361797332763672e+00 6.777317047119140625e+00
5.558152198791503906e+00 3.133281707763671875e+00 5.556515693664550781e+00 6.971819400787353516e+00 6.569622039794921875e+00 6.752785682678222656e+00
5.571607589721679688e+00 2.334200620651245117e+00 5.571356296539306641e+00 6.971181869506835938e+00 6.494938850402832031e+00 6.794650554656982422e+00
5.588102340698242188e+00 2.087207555770874023e+00 5.587965011596679688e+00 6.970430850982666016e+00 6.421861648559570312e+00 6.826089859008789062e+00
5.602945327758789062e+00 2.135432243347167969e+00 5.602796554565429688e+00 6.970051288604736328e+00 6.391750812530517578e+00 6.836895465850830078e+00
5.616247653961181641e+00 1.971436381340026855e+00 5.616148948669433594e+00 6.969104290008544922e+00 6.363562107086181641e+00 6.845320701599121094e+00
5.626786231994628906e+00 2.009271621704101562e+00 5.626681327819824219e+00 6.968980312347412109e+00 6.371085643768310547e+00 6.842644214630126953e+00
5.646166324615478516e+00 1.913757681846618652e+00 5.646085739135742188e+00 6.967367172241210938e+00 6.301832199096679688e+00 6.861679553985595703e+00
5.666128158569335938e+00 1.466164827346801758e+00 5.666100502014160156e+00 6.965645313262939453e+00 6.218913078308105469e+00 6.879898071289062500e+00
5.677918910980224609e+00 2.034326553344726562e+00 5.677820682525634766e+00 6.964906692504882812e+00 6.142737865447998047e+00 6.894018173217773438e+00
5.689466953277587891e+00 1.751941204071044922e+00 5.689416885375976562e+00 6.964457511901855469e+00 6.094498634338378906e+00 6.901519298553466797e+00
5.703909397125244141e+00 2.034824848175048828e+00 5.703815937042236328e+00 6.964018821716308594e+00 6.108832836151123047e+00 6.898731231689453125e+00
5.717101573944091797e+00 1.911687850952148438e+00 5.717033386230468750e+00 6.962499618530273438e+00 6.098753929138183594e+00 6.898583889007568359e+00
5.732287883758544922e+00 1.682152509689331055e+00 5.732249259948730469e+00 6.960300922393798828e+00 6.055982589721679688e+00 6.902483463287353516e+00
5.755179405212402344e+00 1.557880163192749023e+00 5.755151271820068359e+00 6.958847045898437500e+00 6.037480831146240234e+00 6.903404235839843750e+00
5.779892444610595703e+00 2.138512134552001953e+00 5.779792785644531250e+00 6.957454681396484375e+00 6.078482151031494141e+00 6.895905494689941406e+00
5.803012847900390625e+00 2.460147142410278320e+00 5.802815914154052734e+00 6.955098152160644531e+00 6.119713783264160156e+00 6.886511802673339844e+00
5.822321891784667969e+00 2.626114606857299805e+00 5.822044849395751953e+00 6.953767299652099609e+00 6.151405811309814453e+00 6.879270076751708984e+00
5.840752124786376953e+00 2.319446086883544922e+00 5.840621471405029297e+00 6.952758312225341797e+00 6.190774440765380859e+00 6.870270252227783203e+00
5.862726211547851562e+00 1.906560778617858887e+00 5.862678050994873047e+00 6.949999332427978516e+00 6.160871982574462891e+00 6.872980594635009766e+00
5.882284641265869141e+00 1.652607917785644531e+00 5.882259368896484375e+00 6.948632717132568359e+00 6.126205921173095703e+00 6.877789974212646484e+00
5.911903858184814453e+00 1.732064127922058105e+00 5.911875247955322266e+00 6.946716308593750000e+00 6.122758865356445312e+00 6.876143455505371094e+00
5.937623500823974609e+00 1.688870787620544434e+00 5.937598705291748047e+00 6.944549083709716797e+00 6.111264228820800781e+00 6.875601768493652344e+00
5.957839488983154297e+00 2.223606586456298828e+00 5.957759380340576172e+00 6.941817283630371094e+00 6.148262977600097656e+00 6.865651607513427734e+00
5.976183891296386719e+00 1.544713497161865234e+00 5.976168155670166016e+00 6.939736843109130859e+00 6.104111671447753906e+00 6.871191024780273438e+00
5.998256683349609375e+00 1.069864869117736816e+00 5.998251438140869141e+00 6.937415122985839844e+00 6.062451839447021484e+00 6.875252246856689453e+00
6.018910884857177734e+00 1.135217905044555664e+00 6.018905162811279297e+00 6.934911251068115234e+00 6.017729282379150391e+00 6.878896236419677734e+00
6.040205001831054688e+00 1.829093813896179199e+00 6.040178298950195312e+00 6.932110309600830078e+00 6.037164688110351562e+00 6.872942447662353516e+00
6.061524391174316406e+00 1.999257206916809082e+00 6.061487197875976562e+00 6.929382324218750000e+00 6.082120418548583984e+00 6.862795352935791016e+00
6.083670139312744141e+00 2.636098861694335938e+00 6.083515167236328125e+00 6.926206588745117188e+00 6.166334152221679688e+00 6.843275547027587891e+00
6.104370117187500000e+00 2.778095245361328125e+00 6.104165554046630859e+00 6.923087120056152344e+00 6.259859561920166016e+00 6.816762447357177734e+00
6.124484539031982422e+00 3.190150499343872070e+00 6.123979568481445312e+00 6.919809818267822266e+00 6.333094120025634766e+00 6.789633750915527344e+00
6.149775981903076172e+00 3.188088178634643555e+00 6.149301528930664062e+00 6.915543079376220703e+00 6.300659179687500000e+00 6.794796466827392578e+00
6.174927234649658203e+00 3.068477869033813477e+00 6.174588203430175781e+00 6.910972595214843750e+00 6.308878898620605469e+00 6.786045074462890625e+00
6.189248085021972656e+00 2.958739042282104492e+00 6.188992023468017578e+00 6.908513545989990234e+00 6.278073310852050781e+00 6.792637348175048828e+00
6.197818756103515625e+00 2.813784837722778320e+00 6.197639942169189453e+00 6.906204700469970703e+00 6.250997066497802734e+00 6.797628879547119141e+00
6.205154418945312500e+00 2.683587312698364258e+00 6.205023288726806641e+00 6.903952598571777344e+00 6.185809135437011719e+00 6.811706542968750000e+00
6.214766025543212891e+00 2.475417137145996094e+00 6.214686870574951172e+00 6.900417327880859375e+00 6.084578514099121094e+00 6.828396797180175781e+00
6.223798274993896484e+00 2.246611356735229492e+00 6.223752498626708984e+00 6.898593902587890625e+00 5.961445808410644531e+00 6.845256805419921875e+00
6.232540130615234375e+00 1.858841061592102051e+00 6.232522010803222656e+00 6.896846771240234375e+00 5.894526004791259766e+00 6.851346492767333984e+00
6.237428665161132812e+00 2.174171209335327148e+00 6.237390995025634766e+00 6.895782470703125000e+00 5.879671573638916016e+00 6.851778984069824219e+00
6.243205547332763672e+00 2.942185401916503906e+00 6.242988109588623047e+00 6.894326686859130859e+00 5.952277660369873047e+00 6.841625690460205078e+00
6.250607490539550781e+00 3.002220630645751953e+00 6.250361442565917969e+00 6.892725467681884766e+00 6.050965309143066406e+00 6.825220108032226562e+00
6.258978366851806641e+00 3.000805377960205078e+00 6.258738517761230469e+00 6.889935493469238281e+00 6.001860618591308594e+00 6.829755306243896484e+00
6.266885757446289062e+00 3.080471515655517578e+00 6.266602993011474609e+00 6.887958526611328125e+00 6.015497684478759766e+00 6.825408935546875000e+00
6.273823261260986328e+00 2.782244682312011719e+00 6.273683071136474609e+00 6.886052608489990234e+00 5.999337673187255859e+00 6.825669765472412109e+00
6.280363082885742188e+00 2.423338413238525391e+00 6.280302524566650391e+00 6.884463787078857422e+00 6.008503913879394531e+00 6.822453975677490234e+00
6.288731575012207031e+00 2.990154027938842773e+00 6.288513183593750000e+00 6.882204532623291016e+00 6.080183029174804688e+00 6.807643890380859375e+00
6.296403884887695312e+00 2.664919376373291016e+00 6.296302795410156250e+00 6.879354476928710938e+00 6.048825263977050781e+00 6.809931278228759766e+00
6.302717685699462891e+00 2.989084243774414062e+00 6.302506923675537109e+00 6.877593517303466797e+00 6.074589252471923828e+00 6.803216934204101562e+00
6.308722496032714844e+00 2.630338907241821289e+00 6.308631896972656250e+00 6.875390529632568359e+00 6.014008522033691406e+00 6.811099529266357422e+00
6.317545890808105469e+00 2.500703334808349609e+00 6.317479133605957031e+00 6.872950077056884766e+00 6.015271663665771484e+00 6.808065414428710938e+00
6.326565742492675781e+00 2.495466947555541992e+00 6.326501369476318359e+00 6.869594573974609375e+00 5.966092586517333984e+00 6.811661720275878906e+00
6.334304332733154297e+00 2.827452898025512695e+00 6.334169387817382812e+00 6.867456912994384766e+00 5.896655559539794922e+00 6.818330764770507812e+00
6.340887069702148438e+00 2.838845729827880859e+00 6.340749263763427734e+00 6.865286827087402344e+00 5.904186248779296875e+00 6.814983844757080078e+00
6.346436023712158203e+00 2.497445821762084961e+00 6.346374511718750000e+00 6.863424301147460938e+00 5.856307506561279297e+00 6.818450450897216797e+00
6.351164340972900391e+00 2.578983545303344727e+00 6.351090908050537109e+00 6.862242698669433594e+00 5.881541728973388672e+00 6.814286708831787109e+00
6.354729175567626953e+00 2.967272043228149414e+00 6.354551315307617188e+00 6.861152172088623047e+00 5.982003211975097656e+00 6.799629688262939453e+00
6.358359336853027344e+00 3.587535381317138672e+00 6.357622623443603516e+00 6.859726905822753906e+00 6.069823265075683594e+00 6.782858371734619141e+00
6.363509654998779297e+00 3.112468957901000977e+00 6.363265991210937500e+00 6.858130455017089844e+00 5.989235401153564453e+00 6.795025825500488281e+00
6.367348670959472656e+00 2.895857810974121094e+00 6.367201805114746094e+00 6.857230663299560547e+00 5.994608879089355469e+00 6.793137073516845703e+00
6.370465278625488281e+00 3.147215604782104492e+00 6.370204925537109375e+00 6.856894969940185547e+00 5.974951744079589844e+00 6.795796394348144531e+00
6.373240947723388672e+00 3.455505847930908203e+00 6.372715473175048828e+00 6.856084346771240234e+00 6.032236099243164062e+00 6.785492897033691406e+00
6.374765396118164062e+00 3.717018604278564453e+00 6.373809337615966797e+00 6.855917930603027344e+00 6.131793975830078125e+00 6.765075206756591797e+00
6.375463962554931641e+00 4.029764175415039062e+00 6.373499393463134766e+00 6.855926036834716797e+00 6.215886592864990234e+00 6.742943286895751953e+00
6.376025676727294922e+00 4.319421291351318359e+00 6.372195720672607422e+00 6.856081008911132812e+00 6.312462806701660156e+00 6.709773063659667969e+00
6.376719951629638672e+00 4.508657932281494141e+00 6.370795249938964844e+00 6.856118202209472656e+00 6.376808643341064453e+00 6.681117534637451172e+00
6.377741336822509766e+00 4.641602039337158203e+00 6.369693756103515625e+00 6.856070518493652344e+00 6.428821563720703125e+00 6.652717113494873047e+00
6.379179000854492188e+00 4.723597049713134766e+00 6.369472503662109375e+00 6.855537414550781250e+00 6.471111297607421875e+00 6.624439716339111328e+00
6.378880500793457031e+00 4.782565593719482422e+00 6.367737293243408203e+00 6.855179309844970703e+00 6.506960868835449219e+00 6.596709728240966797e+00
6.378011703491210938e+00 4.851747989654541016e+00 6.364888668060302734e+00 6.855681896209716797e+00 6.535566806793212891e+00 6.572933197021484375e+00
6.377661705017089844e+00 4.914695739746093750e+00 6.362442970275878906e+00 6.856110572814941406e+00 6.561644077301025391e+00 6.548416614532470703e+00
6.376772403717041016e+00 4.969087600708007812e+00 6.359444141387939453e+00 6.856521606445312500e+00 6.582277774810791016e+00 6.526944637298583984e+00
6.378121852874755859e+00 4.635170936584472656e+00 6.370200634002685547e+00 6.855791568756103516e+00 6.545951366424560547e+00 6.563396453857421875e+00
6.379603385925292969e+00 4.110019683837890625e+00 6.377262592315673828e+00 6.855174064636230469e+00 6.494374275207519531e+00 6.606674194335937500e+00
6.380913257598876953e+00 3.767526865005493164e+00 6.379853725433349609e+00 6.854801177978515625e+00 6.460743427276611328e+00 6.630344867706298828e+00
6.381867885589599609e+00 3.786806821823120117e+00 6.380763530731201172e+00 6.854075431823730469e+00 6.398344993591308594e+00 6.666880130767822266e+00
6.381647109985351562e+00 4.018762588500976562e+00 6.379759788513183594e+00 6.854334831237792969e+00 6.393721103668212891e+00 6.669748306274414062e+00
6.381040573120117188e+00 3.574779987335205078e+00 6.380362033843994141e+00 6.852712631225585938e+00 6.265481948852539062e+00 6.722715854644775391e+00
6.383340835571289062e+00 3.265051126480102539e+00 6.383009433746337891e+00 6.851921081542968750e+00 6.188164710998535156e+00 6.745743274688720703e+00
6.385757446289062500e+00 3.139149427413940430e+00 6.385511875152587891e+00 6.851478099822998047e+00 6.155727863311767578e+00 6.753759384155273438e+00
6.389309406280517578e+00 2.917235136032104492e+00 6.389163017272949219e+00 6.849485397338867188e+00 6.101964473724365234e+00 6.763909816741943359e+00
6.394190788269042969e+00 3.129034996032714844e+00 6.393954277038574219e+00 6.847973823547363281e+00 6.083505630493164062e+00 6.766003608703613281e+00
6.397194862365722656e+00 3.618790626525878906e+00 6.396471023559570312e+00 6.846729278564453125e+00 6.144105434417724609e+00 6.750727653503417969e+00
6.396469116210937500e+00 3.991152763366699219e+00 6.394757747650146484e+00 6.846661090850830078e+00 6.225882053375244141e+00 6.727786540985107422e+00
6.395116806030273438e+00 4.202639579772949219e+00 6.392319202423095703e+00 6.847522735595703125e+00 6.255544185638427734e+00 6.719169139862060547e+00
6.393753051757812500e+00 4.415792942047119141e+00 6.389160156250000000e+00 6.848511219024658203e+00 6.302644729614257812e+00 6.703097820281982422e+00
6.391917705535888672e+00 4.475954532623291016e+00 6.386613845825195312e+00 6.849456787109375000e+00 6.320052623748779297e+00 6.697321891784667969e+00
6.390622138977050781e+00 4.669144630432128906e+00 6.382295608520507812e+00 6.850184440612792969e+00 6.378265857696533203e+00 6.671467781066894531e+00
6.388702869415283203e+00 4.961442470550537109e+00 6.372153759002685547e+00 6.850828170776367188e+00 6.443755626678466797e+00 6.634963035583496094e+00
6.387032985687255859e+00 5.181318283081054688e+00 6.359110832214355469e+00 6.851356983184814453e+00 6.504314422607421875e+00 6.591928482055664062e+00
6.386119842529296875e+00 5.309763431549072266e+00 6.348073959350585938e+00 6.851981639862060547e+00 6.552545070648193359e+00 6.549353122711181641e+00
6.384767055511474609e+00 4.883926391601562500e+00 6.370839118957519531e+00 6.851804256439208984e+00 6.445629596710205078e+00 6.635359764099121094e+00
6.383502960205078125e+00 4.750687599182128906e+00 6.373268127441406250e+00 6.852821350097656250e+00 6.410509109497070312e+00 6.658219814300537109e+00
6.374877929687500000e+00 4.543649196624755859e+00 6.368424892425537109e+00 6.855868816375732422e+00 6.385597229003906250e+00 6.676311492919921875e+00
6.360614776611328125e+00 4.108024120330810547e+00 6.358180522918701172e+00 6.859786510467529297e+00 6.357114315032958984e+00 6.695928096771240234e+00
6.346372604370117188e+00 3.841949701309204102e+00 6.345010757446289062e+00 6.864444732666015625e+00 6.344875335693359375e+00 6.708117008209228516e+00
6.333689689636230469e+00 3.109652280807495117e+00 6.333430290222167969e+00 6.866786003112792969e+00 6.209723949432373047e+00 6.758735179901123047e+00
6.322635173797607422e+00 3.037856340408325195e+00 6.322409629821777344e+00 6.870223522186279297e+00 6.173099994659423828e+00 6.772850513458251953e+00
6.312931060791015625e+00 2.973104476928710938e+00 6.312731742858886719e+00 6.873014926910400391e+00 6.152686595916748047e+00 6.781284332275390625e+00
6.303198337554931641e+00 3.067576646804809570e+00 6.302945613861083984e+00 6.875869750976562500e+00 6.194485664367675781e+00 6.774449348449707031e+00
6.293046474456787109e+00 3.405889272689819336e+00 6.292483329772949219e+00 6.878393650054931641e+00 6.254808425903320312e+00 6.760399341583251953e+00
6.279046535491943359e+00 3.693002700805664062e+00 6.277918338775634766e+00 6.881278514862060547e+00 6.280650615692138672e+00 6.755861282348632812e+00
6.264029979705810547e+00 3.717157363891601562e+00 6.262794971466064453e+00 6.884736061096191406e+00 6.295940876007080078e+00 6.755283832550048828e+00
6.247834682464599609e+00 3.900118350982666016e+00 6.245879650115966797e+00 6.888219356536865234e+00 6.316311836242675781e+00 6.752746105194091797e+00
6.232817649841308594e+00 3.810676336288452148e+00 6.231172084808349609e+00 6.891986370086669922e+00 6.331184864044189453e+00 6.752375602722167969e+00
6.218304157257080078e+00 3.905172109603881836e+00 6.216187953948974609e+00 6.894454002380371094e+00 6.358488082885742188e+00 6.745041847229003906e+00
6.203587055206298828e+00 3.519643783569335938e+00 6.202687263488769531e+00 6.896678447723388672e+00 6.305613517761230469e+00 6.768011569976806641e+00
6.188372135162353516e+00 3.347697734832763672e+00 6.187744617462158203e+00 6.899670124053955078e+00 6.246229171752929688e+00 6.790591239929199219e+00
6.172598361968994141e+00 3.351101160049438477e+00 6.171942234039306641e+00 6.902565479278564453e+00 6.204551219940185547e+00 6.805416584014892578e+00
6.159507274627685547e+00 3.199666261672973633e+00 6.159030437469482422e+00 6.904922008514404297e+00 6.204398632049560547e+00 6.808399677276611328e+00
6.145629405975341797e+00 2.968572854995727539e+00 6.145340442657470703e+00 6.907235622406005859e+00 6.221315383911132812e+00 6.807000637054443359e+00
6.134357929229736328e+00 2.793588876724243164e+00 6.134160041809082031e+00 6.909397125244140625e+00 6.267800331115722656e+00 6.796875953674316406e+00
6.123309612274169922e+00 2.702539443969726562e+00 6.123144149780273438e+00 6.911383628845214844e+00 6.305379390716552734e+00 6.787752151489257812e+00
6.112123966217041016e+00 2.869884490966796875e+00 6.111875534057617188e+00 6.913177490234375000e+00 6.335711479187011719e+00 6.779721260070800781e+00
6.102793693542480469e+00 3.304375410079956055e+00 6.102102279663085938e+00 6.915023803710937500e+00 6.399208545684814453e+00 6.757059574127197266e+00
6.094974994659423828e+00 3.544909477233886719e+00 6.093749523162841797e+00 6.915890216827392578e+00 6.457427024841308594e+00 6.730160713195800781e+00
6.086840629577636719e+00 3.764958143234252930e+00 6.084765911102294922e+00 6.917402744293212891e+00 6.506304264068603516e+00 6.704109668731689453e+00
6.079152107238769531e+00 3.970148563385009766e+00 6.075759887695312500e+00 6.919014930725097656e+00 6.542712688446044922e+00 6.682117938995361328e+00
6.071547031402587891e+00 4.200050830841064453e+00 6.065669059753417969e+00 6.920285701751708984e+00 6.575654506683349609e+00 6.658876419067382812e+00
6.062236785888671875e+00 4.359866142272949219e+00 6.053531646728515625e+00 6.921956539154052734e+00 6.603642940521240234e+00 6.637548446655273438e+00
6.053581714630126953e+00 3.020810604095458984e+00 6.053178787231445312e+00 6.922082901000976562e+00 6.465641975402832031e+00 6.735270023345947266e+00
6.044481754302978516e+00 2.961716651916503906e+00 6.044121265411376953e+00 6.923607826232910156e+00 6.404418945312500000e+00 6.767115116119384766e+00
6.033738613128662109e+00 2.416442394256591797e+00 6.033634185791015625e+00 6.925520420074462891e+00 6.349888801574707031e+00 6.791402816772460938e+00
6.023332595825195312e+00 2.486703872680664062e+00 6.023206710815429688e+00 6.927492618560791016e+00 6.391742229461669922e+00 6.777992725372314453e+00
6.013003826141357422e+00 3.138810634613037109e+00 6.012423515319824219e+00 6.928708553314208984e+00 6.465881824493408203e+00 6.745289325714111328e+00
6.002385139465332031e+00 3.439294815063476562e+00 6.001195907592773438e+00 6.930598735809326172e+00 6.521610260009765625e+00 6.715962409973144531e+00
5.990549564361572266e+00 3.680726528167724609e+00 5.988416194915771484e+00 6.931867599487304688e+00 6.571663856506347656e+00 6.682907581329345703e+00
5.978572845458984375e+00 3.734331369400024414e+00 5.976090908050537109e+00 6.932915210723876953e+00 6.592992305755615234e+00 6.667578697204589844e+00
5.966682434082031250e+00 3.442549943923950195e+00 5.965381622314453125e+00 6.934347629547119141e+00 6.592478752136230469e+00 6.670644283294677734e+00
5.954773902893066406e+00 3.031692504882812500e+00 5.954255580902099609e+00 6.935553073883056641e+00 6.596940517425537109e+00 6.669111251831054688e+00
5.943135261535644531e+00 2.804154157638549805e+00 5.942820549011230469e+00 6.936834812164306641e+00 6.608412742614746094e+00 6.661571025848388672e+00
5.931532859802246094e+00 2.677277088165283203e+00 5.931291103363037109e+00 6.937232017517089844e+00 6.584704875946044922e+00 6.682234287261962891e+00
5.922295093536376953e+00 2.784617185592651367e+00 5.921977996826171875e+00 6.937966823577880859e+00 6.574018478393554688e+00 6.691882610321044922e+00
5.912845611572265625e+00 2.614943981170654297e+00 5.912627220153808594e+00 6.938574790954589844e+00 6.511372089385986328e+00 6.735192775726318359e+00
5.903615951538085938e+00 2.228680610656738281e+00 5.903524398803710938e+00 6.939449310302734375e+00 6.461477756500244141e+00 6.763782978057861328e+00
5.894313335418701172e+00 2.477476835250854492e+00 5.894146442413330078e+00 6.940690994262695312e+00 6.438683986663818359e+00 6.776527881622314453e+00
5.883054733276367188e+00 2.468695878982543945e+00 5.882887363433837891e+00 6.941650867462158203e+00 6.446119308471679688e+00 6.774479866027832031e+00
5.872960090637207031e+00 2.693428039550781250e+00 5.872673034667968750e+00 6.942918300628662109e+00 6.511763572692871094e+00 6.741880893707275391e+00
5.861814975738525391e+00 2.674474716186523438e+00 5.861533164978027344e+00 6.943486213684082031e+00 6.521828651428222656e+00 6.736758708953857422e+00
5.848558425903320312e+00 2.850485324859619141e+00 5.848122596740722656e+00 6.944624423980712891e+00 6.530787467956542969e+00 6.733059406280517578e+00
5.836176872253417969e+00 2.431149721145629883e+00 5.836006164550781250e+00 6.945594310760498047e+00 6.524292469024658203e+00 6.738650798797607422e+00
5.825170040130615234e+00 2.292481184005737305e+00 5.825043201446533203e+00 6.946160793304443359e+00 6.498596191406250000e+00 6.754501342773437500e+00
5.811584472656250000e+00 2.560430526733398438e+00 5.811340808868408203e+00 6.947628498077392578e+00 6.514371871948242188e+00 6.747823715209960938e+00
5.801796913146972656e+00 2.768043041229248047e+00 5.801394462585449219e+00 6.948769092559814453e+00 6.562758922576904297e+00 6.718780517578125000e+00
5.792588233947753906e+00 2.869905948638916016e+00 5.792069435119628906e+00 6.949642181396484375e+00 6.609322547912597656e+00 6.684640884399414062e+00
5.782090187072753906e+00 3.227817773818969727e+00 5.780877113342285156e+00 6.950174331665039062e+00 6.648373126983642578e+00 6.649914264678955078e+00
5.771016597747802734e+00 3.017717599868774414e+00 5.770249366760253906e+00 6.950926780700683594e+00 6.637988567352294922e+00 6.661487579345703125e+00
5.760321617126464844e+00 2.856716156005859375e+00 5.759778976440429688e+00 6.951705455780029297e+00 6.642570018768310547e+00 6.658632755279541016e+00
5.751446723937988281e+00 2.756134748458862305e+00 5.751007080078125000e+00 6.952164649963378906e+00 6.632059574127197266e+00 6.669406890869140625e+00
5.740307807922363281e+00 2.643030166625976562e+00 5.739961147308349609e+00 6.952325820922851562e+00 6.635537147521972656e+00 6.666502475738525391e+00
5.731226921081542969e+00 2.552927255630493164e+00 5.730938434600830078e+00 6.952569007873535156e+00 6.624716758728027344e+00 6.676800251007080078e+00
5.725493907928466797e+00 2.311801910400390625e+00 5.725326538085937500e+00 6.952569961547851562e+00 6.577787399291992188e+00 6.714567184448242188e+00
5.721068859100341797e+00 2.370377540588378906e+00 5.720875263214111328e+00 6.953092575073242188e+00 6.561558246612548828e+00 6.726920127868652344e+00
5.712452888488769531e+00 2.618564128875732422e+00 5.712102413177490234e+00 6.953578472137451172e+00 6.560468673706054688e+00 6.728479385375976562e+00
5.705112457275390625e+00 2.650811910629272461e+00 5.704729080200195312e+00 6.954204082489013672e+00 6.578122615814208984e+00 6.717146396636962891e+00
5.694366455078125000e+00 2.646339654922485352e+00 5.693977355957031250e+00 6.954371929168701172e+00 6.621726989746093750e+00 6.682811260223388672e+00
5.688050270080566406e+00 2.597094058990478516e+00 5.687697410583496094e+00 6.954600334167480469e+00 6.615328788757324219e+00 6.688715457916259766e+00
5.684099674224853516e+00 2.831355094909667969e+00 5.683489322662353516e+00 6.953764915466308594e+00 6.539740562438964844e+00 6.742318153381347656e+00
5.681067943572998047e+00 2.554094314575195312e+00 5.680743217468261719e+00 6.953386783599853516e+00 6.446897029876708984e+00 6.791267395019531250e+00
5.674686908721923828e+00 2.721941471099853516e+00 5.674202919006347656e+00 6.953018665313720703e+00 6.342873096466064453e+00 6.830742359161376953e+00
5.670689582824707031e+00 2.300412416458129883e+00 5.670504570007324219e+00 6.952733516693115234e+00 6.261782169342041016e+00 6.853795528411865234e+00
5.668092250823974609e+00 1.939425468444824219e+00 5.668011188507080078e+00 6.952849388122558594e+00 6.238671302795410156e+00 6.859659194946289062e+00
5.663185596466064453e+00 2.346677303314208984e+00 5.662975311279296875e+00 6.953536033630371094e+00 6.218523025512695312e+00 6.865188598632812500e+00
5.656991958618164062e+00 2.273441553115844727e+00 5.656811714172363281e+00 6.952486991882324219e+00 6.285460472106933594e+00 6.847209930419921875e+00
5.653198242187500000e+00 1.618156194686889648e+00 5.653158187866210938e+00 6.951202392578125000e+00 6.121001243591308594e+00 6.881722450256347656e+00
5.650026798248291016e+00 1.696759581565856934e+00 5.649978637695312500e+00 6.950967311859130859e+00 6.066266059875488281e+00 6.890283584594726562e+00
5.650990962982177734e+00 1.014089345932006836e+00 5.650980472564697266e+00 6.949869155883789062e+00 5.906521320343017578e+00 6.908671379089355469e+00
5.652875900268554688e+00 1.247345685958862305e+00 5.652858257293701172e+00 6.949395656585693359e+00 5.830503463745117188e+00 6.915043830871582031e+00
5.656597614288330078e+00 1.269986271858215332e+00 5.656579971313476562e+00 6.948884010314941406e+00 5.764689922332763672e+00 6.919494152069091797e+00
5.658415317535400391e+00 7.058561444282531738e-01 5.658411026000976562e+00 6.948758602142333984e+00 5.675891399383544922e+00 6.924948692321777344e+00
5.664461612701416016e+00 1.502585887908935547e+00 5.664432048797607422e+00 6.948648929595947266e+00 5.667965412139892578e+00 6.925274848937988281e+00
5.670563697814941406e+00 1.049574732780456543e+00 5.670553207397460938e+00 6.948923587799072266e+00 5.758467197418212891e+00 6.919968605041503906e+00
5.674821853637695312e+00 1.850928783416748047e+00 5.674756526947021484e+00 6.947981834411621094e+00 5.791778087615966797e+00 6.916562557220458984e+00
5.678544998168945312e+00 1.485731363296508789e+00 5.678516864776611328e+00 6.948297977447509766e+00 5.841067314147949219e+00 6.912971973419189453e+00
5.679498672485351562e+00 1.539072155952453613e+00 5.679467201232910156e+00 6.948765277862548828e+00 5.910831451416015625e+00 6.907025337219238281e+00
5.682973861694335938e+00 1.181703329086303711e+00 5.682960033416748047e+00 6.948903083801269531e+00 5.999650001525878906e+00 6.897123336791992188e+00
5.686647415161132812e+00 1.331453323364257812e+00 5.686628341674804688e+00 6.948885440826416016e+00 6.213286399841308594e+00 6.860669136047363281e+00
5.689383506774902344e+00 1.150504589080810547e+00 5.689370155334472656e+00 6.948425769805908203e+00 6.222230911254882812e+00 6.858062744140625000e+00
5.694223880767822266e+00 9.584060907363891602e-01 5.694216251373291016e+00 6.948451042175292969e+00 6.291886329650878906e+00 6.840259075164794922e+00
5.701629161834716797e+00 1.143463373184204102e+00 5.701616764068603516e+00 6.947500705718994141e+00 6.284249782562255859e+00 6.841182708740234375e+00
5.704523563385009766e+00 7.650239467620849609e-01 5.704518795013427734e+00 6.947985172271728516e+00 6.245545864105224609e+00 6.851938247680664062e+00
5.710348606109619141e+00 2.103451728820800781e+00 5.710241317749023438e+00 6.947923183441162109e+00 6.334449291229248047e+00 6.826723098754882812e+00
5.714481353759765625e+00 1.488799929618835449e+00 5.714455604553222656e+00 6.946742534637451172e+00 6.296249866485595703e+00 6.836818695068359375e+00
5.713917255401611328e+00 1.496734976768493652e+00 5.713891029357910156e+00 6.947021007537841797e+00 6.299129486083984375e+00 6.836344242095947266e+00
5.706576824188232422e+00 1.631503701210021973e+00 5.706540584564208984e+00 6.947097301483154297e+00 6.283617496490478516e+00 6.840842723846435547e+00
5.696177482604980469e+00 1.625847220420837402e+00 5.696140766143798828e+00 6.947988033294677734e+00 6.323100566864013672e+00 6.830399036407470703e+00
5.688807964324951172e+00 1.825915932655334473e+00 5.688748359680175781e+00 6.948734283447265625e+00 6.412927150726318359e+00 6.799257755279541016e+00
5.687182426452636719e+00 2.105462789535522461e+00 5.687068939208984375e+00 6.948781967163085938e+00 6.472418785095214844e+00 6.772311687469482422e+00
5.682168960571289062e+00 2.469119310379028320e+00 5.681903362274169922e+00 6.949000358581542969e+00 6.530360221862792969e+00 6.740423202514648438e+00
5.681568622589111328e+00 3.054309606552124023e+00 5.680542469024658203e+00 6.949078559875488281e+00 6.572366237640380859e+00 6.712478637695312500e+00
5.683531761169433594e+00 3.251066207885742188e+00 5.681924819946289062e+00 6.949397087097167969e+00 6.605257034301757812e+00 6.687581539154052734e+00
5.684623241424560547e+00 3.320530414581298828e+00 5.682740688323974609e+00 6.949202537536621094e+00 6.634174823760986328e+00 6.661733150482177734e+00
5.683881282806396484e+00 3.306173324584960938e+00 5.682056903839111328e+00 6.949323654174804688e+00 6.657386302947998047e+00 6.639006614685058594e+00
5.684154033660888672e+00 2.724873304367065430e+00 5.683677196502685547e+00 6.948674201965332031e+00 6.610035419464111328e+00 6.682254314422607422e+00
5.682617187500000000e+00 2.229009866714477539e+00 5.682464599609375000e+00 6.948688507080078125e+00 6.583471775054931641e+00 6.703568935394287109e+00
5.681934356689453125e+00 2.271735429763793945e+00 5.681765079498291016e+00 6.949118137359619141e+00 6.562799453735351562e+00 6.719345092773437500e+00
5.686096668243408203e+00 2.531538248062133789e+00 5.685792446136474609e+00 6.948976993560791016e+00 6.568913936614990234e+00 6.714787006378173828e+00
5.687827110290527344e+00 2.012739896774291992e+00 5.687735080718994141e+00 6.947873115539550781e+00 6.525216102600097656e+00 6.741754055023193359e+00
5.689580440521240234e+00 1.873093962669372559e+00 5.689514160156250000e+00 6.947701454162597656e+00 6.499953746795654297e+00 6.756143093109130859e+00
5.690418720245361328e+00 2.014825105667114258e+00 5.690327167510986328e+00 6.947576045989990234e+00 6.469227313995361328e+00 6.772097110748291016e+00
5.685620784759521484e+00 2.247953891754150391e+00 5.685461997985839844e+00 6.948027610778808594e+00 6.467526912689208984e+00 6.773616313934326172e+00
5.685142040252685547e+00 2.082071065902709961e+00 5.685033798217773438e+00 6.947330474853515625e+00 6.467674255371093750e+00 6.772500514984130859e+00
5.681522846221923828e+00 2.457437515258789062e+00 5.681263446807861328e+00 6.947098731994628906e+00 6.453307628631591797e+00 6.779108047485351562e+00
5.678053379058837891e+00 2.677620649337768555e+00 5.677618980407714844e+00 6.946831226348876953e+00 6.452549934387207031e+00 6.779072284698486328e+00
5.681840896606445312e+00 2.526906728744506836e+00 5.681537151336669922e+00 6.945710659027099609e+00 6.413002967834472656e+00 6.794953823089599609e+00
5.688897609710693359e+00 2.390909671783447266e+00 5.688679218292236328e+00 6.943398952484130859e+00 6.301601409912109375e+00 6.830937385559082031e+00
5.700750827789306641e+00 2.105510950088500977e+00 5.700640201568603516e+00 6.941920280456542969e+00 6.209567546844482422e+00 6.852969646453857422e+00
5.714958667755126953e+00 2.025888681411743164e+00 5.714869499206542969e+00 6.938367843627929688e+00 6.089707851409912109e+00 6.872012138366699219e+00
5.736737251281738281e+00 1.661440372467041016e+00 5.736701011657714844e+00 6.937257289886474609e+00 6.016016483306884766e+00 6.881797790527343750e+00
5.761450767517089844e+00 2.255310058593750000e+00 5.761314868927001953e+00 6.934756278991699219e+00 5.943415164947509766e+00 6.888025760650634766e+00
5.786637306213378906e+00 2.210562467575073242e+00 5.786521434783935547e+00 6.931013107299804688e+00 5.884247779846191406e+00 6.890153884887695312e+00
5.807270050048828125e+00 2.042145967483520508e+00 5.807195663452148438e+00 6.929156303405761719e+00 5.857802867889404297e+00 6.890648841857910156e+00
5.823071002960205078e+00 2.192978858947753906e+00 5.822969436645507812e+00 6.928068637847900391e+00 5.829900264739990234e+00 6.891965866088867188e+00
5.837962150573730469e+00 1.985152006149291992e+00 5.837901115417480469e+00 6.926455020904541016e+00 5.794325828552246094e+00 6.893174648284912109e+00
5.847874164581298828e+00 2.298251867294311523e+00 5.847752094268798828e+00 6.925306320190429688e+00 5.816752433776855469e+00 6.890091896057128906e+00
5.857961654663085938e+00 2.478932142257690430e+00 5.857780456542968750e+00 6.924584865570068359e+00 5.897934913635253906e+00 6.881690502166748047e+00
5.867156982421875000e+00 2.259243488311767578e+00 5.867049694061279297e+00 6.923094749450683594e+00 5.916039466857910156e+00 6.878114223480224609e+00
5.872206687927246094e+00 2.124411106109619141e+00 5.872128963470458984e+00 6.922897338867187500e+00 5.875010967254638672e+00 6.882148265838623047e+00
5.875172615051269531e+00 1.934557914733886719e+00 5.875122547149658203e+00 6.922834396362304688e+00 5.864637851715087891e+00 6.883086681365966797e+00
5.879113197326660156e+00 2.471694946289062500e+00 5.878943443298339844e+00 6.922402381896972656e+00 5.733903884887695312e+00 6.893311977386474609e+00
5.883981227874755859e+00 1.533781170845031738e+00 5.883962154388427734e+00 6.921817779541015625e+00 5.582390308380126953e+00 6.901471138000488281e+00
5.884603977203369141e+00 1.312959432601928711e+00 5.884593009948730469e+00 6.920645713806152344e+00 5.527820587158203125e+00 6.902702808380126953e+00
5.887117862701416016e+00 1.750560641288757324e+00 5.887086391448974609e+00 6.921052455902099609e+00 5.462462902069091797e+00 6.905675888061523438e+00
5.887386322021484375e+00 1.380332946777343750e+00 5.887372970581054688e+00 6.921561717987060547e+00 5.446380138397216797e+00 6.906771183013916016e+00
5.886769771575927734e+00 1.692821383476257324e+00 5.886741638183593750e+00 6.922054290771484375e+00 5.434007167816162109e+00 6.907702922821044922e+00
5.883634567260742188e+00 1.739567041397094727e+00 5.883603572845458984e+00 6.922856330871582031e+00 5.633181571960449219e+00 6.899974346160888672e+00
5.878674030303955078e+00 1.822619199752807617e+00 5.878635406494140625e+00 6.923679828643798828e+00 5.790290832519531250e+00 6.890499591827392578e+00
5.878401756286621094e+00 1.819968461990356445e+00 5.878364086151123047e+00 6.923702716827392578e+00 5.798566818237304688e+00 6.889860630035400391e+00
