5.572836875915527344e+00 -3.296476788818836212e-03 5.572836875915527344e+00 6.968218803405761719e+00 5.944290161132812500e+00 6.925040721893310547e+00
5.570536613464355469e+00 2.326514005661010742e+00 5.570289611816406250e+00 6.969279766082763672e+00 6.083222389221191406e+00 6.908799171447753906e+00
5.563181400299072266e+00 1.906270146369934082e+00 5.563085556030273438e+00 6.968713760375976562e+00 6.168086051940917969e+00 6.893891334533691406e+00
5.558645248413085938e+00 1.730211019515991211e+00 5.558581352233886719e+00 6.967926502227783203e+00 6.167393684387207031e+00 6.893085002899169922e+00
5.550325393676757812e+00 1.205740451812744141e+00 5.550304412841796875e+00 6.967109203338623047e+00 6.188629150390625000e+00 6.887995243072509766e+00
5.541724681854248047e+00 4.816013574600219727e-01 5.541719436645507812e+00 6.966261863708496094e+00 6.112041950225830078e+00 6.900816917419433594e+00
5.530624866485595703e+00 3.824020624160766602e-01 5.530621528625488281e+00 6.965871810913085938e+00 5.951619148254394531e+00 6.921669006347656250e+00
5.521331787109375000e+00 7.210881710052490234e-01 5.521323680877685547e+00 6.965642929077148438e+00 5.774733066558837891e+00 6.936718463897705078e+00
5.514818668365478516e+00 8.885497450828552246e-01 5.514808654785156250e+00 6.966817378997802734e+00 5.668818950653076172e+00 6.944379806518554688e+00
5.508678913116455078e+00 7.658826112747192383e-01 5.508669853210449219e+00 6.967900753021240234e+00 5.641605854034423828e+00 6.946913719177246094e+00
5.511957168579101562e+00 5.622414946556091309e-01 5.511953830718994141e+00 6.968347072601318359e+00 5.758403301239013672e+00 6.940703392028808594e+00
5.512296676635742188e+00 5.895318984985351562e-01 5.512290477752685547e+00 6.969207763671875000e+00 5.883864879608154297e+00 6.931975364685058594e+00
5.504772663116455078e+00 1.599637389183044434e+00 5.504719734191894531e+00 6.969366550445556641e+00 5.997543334960937500e+00 6.920361042022705078e+00
5.512740612030029297e+00 1.649989843368530273e+00 5.512681007385253906e+00 6.969693183898925781e+00 6.117558956146240234e+00 6.903907775878906250e+00
5.522555828094482422e+00 1.519593477249145508e+00 5.522513389587402344e+00 6.970299243927001953e+00 6.212004184722900391e+00 6.887034893035888672e+00
5.530309200286865234e+00 2.208049535751342773e+00 5.530102252960205078e+00 6.970671653747558594e+00 6.300400733947753906e+00 6.866279602050781250e+00
5.535164833068847656e+00 2.308067083358764648e+00 5.534907341003417969e+00 6.970531940460205078e+00 6.376437664031982422e+00 6.842904090881347656e+00
5.546879768371582031e+00 2.761500358581542969e+00 5.546167850494384766e+00 6.970853805541992188e+00 6.434796333312988281e+00 6.821479797363281250e+00
5.555336475372314453e+00 3.121698379516601562e+00 5.553732872009277344e+00 6.970920085906982422e+00 6.500938415527343750e+00 6.791214466094970703e+00
5.573135852813720703e+00 3.170266389846801758e+00 5.571414947509765625e+00 6.970845699310302734e+00 6.553526401519775391e+00 6.761453151702880859e+00
5.586762905120849609e+00 3.353044986724853516e+00 5.584220409393310547e+00 6.970448970794677734e+00 6.595713615417480469e+00 6.732412815093994141e+00
5.594456672668457031e+00 3.253331184387207031e+00 5.592472076416015625e+00 6.970539569854736328e+00 6.632174968719482422e+00 6.703887462615966797e+00
5.610044956207275391e+00 3.390964746475219727e+00 5.607414245605468750e+00 6.970186233520507812e+00 6.662303924560546875e+00 6.675902843475341797e+00
5.622313976287841797e+00 3.296286821365356445e+00 5.620260715484619141e+00 6.969060420989990234e+00 6.614751815795898438e+00 6.715480327606201172e+00
5.640521526336669922e+00 2.570667266845703125e+00 5.640152454376220703e+00 6.968446731567382812e+00 6.547620296478271484e+00 6.761211395263671875e+00
5.655754089355468750e+00 2.159801244735717773e+00 5.655614852905273438e+00 6.968101024627685547e+00 6.502995491027832031e+00 6.785874366760253906e+00
5.675077915191650391e+00 2.064465761184692383e+00 5.674971103668212891e+00 6.966957092285156250e+00 6.464315414428710938e+00 6.803084850311279297e+00
5.690919876098632812e+00 2.259252548217773438e+00 5.690759658813476562e+00 6.966027736663818359e+00 6.429429531097412109e+00 6.816874980926513672e+00
5.710065364837646484e+00 2.032421588897705078e+00 5.709973335266113281e+00 6.964822292327880859e+00 6.384664535522460938e+00 6.832331180572509766e+00
5.711378097534179688e+00 2.016921520233154297e+00 5.711289405822753906e+00 6.964789390563964844e+00 6.381369590759277344e+00 6.833455085754394531e+00
5.742571353912353516e+00 1.397027611732482910e+00 5.742552280426025391e+00 6.960934162139892578e+00 6.211073875427246094e+00 6.875865936279296875e+00
5.756534576416015625e+00 1.477380514144897461e+00 5.756512165069580078e+00 6.958937644958496094e+00 6.137890338897705078e+00 6.887848854064941406e+00
5.768961906433105469e+00 1.544373631477355957e+00 5.768935203552246094e+00 6.958454132080078125e+00 6.072061538696289062e+00 6.898024082183837891e+00
5.781450271606445312e+00 1.707653880119323730e+00 5.781414985656738281e+00 6.956480979919433594e+00 6.043517589569091797e+00 6.899881362915039062e+00
5.794714450836181641e+00 1.458233833312988281e+00 5.794694900512695312e+00 6.954831600189208984e+00 6.037512779235839844e+00 6.898834228515625000e+00
5.806334495544433594e+00 1.343114614486694336e+00 5.806318283081054688e+00 6.953373908996582031e+00 6.027776718139648438e+00 6.898503780364990234e+00
5.818848609924316406e+00 1.494512796401977539e+00 5.818829059600830078e+00 6.952093601226806641e+00 6.002111911773681641e+00 6.900404930114746094e+00
5.833705902099609375e+00 1.748944401741027832e+00 5.833668708801269531e+00 6.950920104980468750e+00 6.016391754150390625e+00 6.897240161895751953e+00
5.845802307128906250e+00 1.684932351112365723e+00 5.845773220062255859e+00 6.949887275695800781e+00 6.002982139587402344e+00 6.897809028625488281e+00
5.864432334899902344e+00 1.714214920997619629e+00 5.864402294158935547e+00 6.948650836944580078e+00 6.008396148681640625e+00 6.895717144012451172e+00
5.887468814849853516e+00 1.705060839653015137e+00 5.887441635131835938e+00 6.946470737457275391e+00 6.018989086151123047e+00 6.891853809356689453e+00
5.918966293334960938e+00 1.912606954574584961e+00 5.918923377990722656e+00 6.943685531616210938e+00 6.049676895141601562e+00 6.884380340576171875e+00
5.944616794586181641e+00 1.995589852333068848e+00 5.944567680358886719e+00 6.940968990325927734e+00 6.063844680786132812e+00 6.879136562347412109e+00
5.963519573211669922e+00 2.463867187500000000e+00 5.963381290435791016e+00 6.939111709594726562e+00 6.054809093475341797e+00 6.878367424011230469e+00
5.982474327087402344e+00 1.687830805778503418e+00 5.982452869415283203e+00 6.937104701995849609e+00 6.024566173553466797e+00 6.880445003509521484e+00
6.000673294067382812e+00 2.332237482070922852e+00 6.000579833984375000e+00 6.934825897216796875e+00 6.012816905975341797e+00 6.879470825195312500e+00
6.024849414825439453e+00 2.118723869323730469e+00 6.024794578552246094e+00 6.931903839111328125e+00 5.999305248260498047e+00 6.877968788146972656e+00
6.052930831909179688e+00 2.000991821289062500e+00 6.052892684936523438e+00 6.928212642669677734e+00 5.982462406158447266e+00 6.875986576080322266e+00
6.077733993530273438e+00 2.320656538009643555e+00 6.077659130096435547e+00 6.925211429595947266e+00 5.996608257293701172e+00 6.870744705200195312e+00
6.100939750671386719e+00 2.172158002853393555e+00 6.100889205932617188e+00 6.921747684478759766e+00 6.062819480895996094e+00 6.857063293457031250e+00
6.120991706848144531e+00 3.125341176986694336e+00 6.120552539825439453e+00 6.918852329254150391e+00 6.123411655426025391e+00 6.843048095703125000e+00
6.139685153961181641e+00 3.371780872344970703e+00 6.138942241668701172e+00 6.916296958923339844e+00 6.183620452880859375e+00 6.827419757843017578e+00
6.156044483184814453e+00 3.534467935562133789e+00 6.155002593994140625e+00 6.913420677185058594e+00 6.242705821990966797e+00 6.809149265289306641e+00
6.169628620147705078e+00 3.682440519332885742e+00 6.168209075927734375e+00 6.910960197448730469e+00 6.303708076477050781e+00 6.787739276885986328e+00
6.181119441986083984e+00 3.681761741638183594e+00 6.179743289947509766e+00 6.908970832824707031e+00 6.338852405548095703e+00 6.772840499877929688e+00
6.192009925842285156e+00 3.178066730499267578e+00 6.191589355468750000e+00 6.906806468963623047e+00 6.300556659698486328e+00 6.783255577087402344e+00
6.200725078582763672e+00 3.051262378692626953e+00 6.200417995452880859e+00 6.904878139495849609e+00 6.281015396118164062e+00 6.786970138549804688e+00
6.209373474121093750e+00 2.438746213912963867e+00 6.209300518035888672e+00 6.902946949005126953e+00 6.260349750518798828e+00 6.790721416473388672e+00
6.217466354370117188e+00 2.914753437042236328e+00 6.217250347137451172e+00 6.901347160339355469e+00 6.243095874786376953e+00 6.793632507324218750e+00
6.224875450134277344e+00 2.726827144622802734e+00 6.224735736846923828e+00 6.899619579315185547e+00 6.258025169372558594e+00 6.787096977233886719e+00
6.232465744018554688e+00 2.945717811584472656e+00 6.232241153717041016e+00 6.898012638092041016e+00 6.258299827575683594e+00 6.784931659698486328e+00
6.239716529846191406e+00 2.922965288162231445e+00 6.239506721496582031e+00 6.896543025970458984e+00 6.288301944732666016e+00 6.773644447326660156e+00
6.244826793670654297e+00 3.069306612014770508e+00 6.244536876678466797e+00 6.894804477691650391e+00 6.299702644348144531e+00 6.767522335052490234e+00
6.252633094787597656e+00 2.867958068847656250e+00 6.252453327178955078e+00 6.893021583557128906e+00 6.302785873413085938e+00 6.764069557189941406e+00
6.260726451873779297e+00 3.030280590057373047e+00 6.260470867156982422e+00 6.891569614410400391e+00 6.321210861206054688e+00 6.755528926849365234e+00
6.268090248107910156e+00 3.253111124038696289e+00 6.267669200897216797e+00 6.889863491058349609e+00 6.329012870788574219e+00 6.750269889831542969e+00
6.273049831390380859e+00 3.452050924301147461e+00 6.272394657135009766e+00 6.888643741607666016e+00 6.360945224761962891e+00 6.735791683197021484e+00
6.276795864105224609e+00 3.640644550323486328e+00 6.275790691375732422e+00 6.887538909912109375e+00 6.397544860839843750e+00 6.717742919921875000e+00
6.277969837188720703e+00 3.690709829330444336e+00 6.276844978332519531e+00 6.886603355407714844e+00 6.382431030273437500e+00 6.723430633544921875e+00
6.280808925628662109e+00 3.533612489700317383e+00 6.280031681060791016e+00 6.886363506317138672e+00 6.363221168518066406e+00 6.731574535369873047e+00
6.281145572662353516e+00 3.284843683242797852e+00 6.280707836151123047e+00 6.885921001434326172e+00 6.349678993225097656e+00 6.736622333526611328e+00
6.283471107482910156e+00 3.508875370025634766e+00 6.282739162445068359e+00 6.885715007781982422e+00 6.363853454589843750e+00 6.730376720428466797e+00
6.287099361419677734e+00 3.850369215011596680e+00 6.285508155822753906e+00 6.884593009948730469e+00 6.427220344543457031e+00 6.698279857635498047e+00
6.291295051574707031e+00 4.180665493011474609e+00 6.287916660308837891e+00 6.883808135986328125e+00 6.489923477172851562e+00 6.659233570098876953e+00
6.295913219451904297e+00 4.486540794372558594e+00 6.289124488830566406e+00 6.882467269897460938e+00 6.545329570770263672e+00 6.614771366119384766e+00
6.302000522613525391e+00 4.756182670593261719e+00 6.289461612701416016e+00 6.880813121795654297e+00 6.588438987731933594e+00 6.570951461791992188e+00
6.307369709014892578e+00 4.899194240570068359e+00 6.290061473846435547e+00 6.879641056060791016e+00 6.618379116058349609e+00 6.534830093383789062e+00
6.314309597015380859e+00 5.048669338226318359e+00 6.290087223052978516e+00 6.877943038940429688e+00 6.640310287475585938e+00 6.502653121948242188e+00
6.321838378906250000e+00 5.207517623901367188e+00 6.287107944488525391e+00 6.876064300537109375e+00 6.661159992218017578e+00 6.467495441436767578e+00
6.329710960388183594e+00 5.342283248901367188e+00 6.282533168792724609e+00 6.873765945434570312e+00 6.672796249389648438e+00 6.442495822906494141e+00
6.337585926055908203e+00 5.416365623474121094e+00 6.282123088836669922e+00 6.871585369110107422e+00 6.681702613830566406e+00 6.420799255371093750e+00
6.345098018646240234e+00 5.320513248443603516e+00 6.301988601684570312e+00 6.869295120239257812e+00 6.673358440399169922e+00 6.429336071014404297e+00
6.351032257080078125e+00 5.191928863525390625e+00 6.319828987121582031e+00 6.867348670959472656e+00 6.659402370452880859e+00 6.447684288024902344e+00
6.355108737945556641e+00 4.730886936187744141e+00 6.344666957855224609e+00 6.865874767303466797e+00 6.584691524505615234e+00 6.544046878814697266e+00
6.357445716857910156e+00 4.469566345214843750e+00 6.351786613464355469e+00 6.865101814270019531e+00 6.527798652648925781e+00 6.597547531127929688e+00
6.358363151550292969e+00 4.384416103363037109e+00 6.353725910186767578e+00 6.865015506744384766e+00 6.484836101531982422e+00 6.630909919738769531e+00
6.356876850128173828e+00 4.413778781890869141e+00 6.351896762847900391e+00 6.865438938140869141e+00 6.464673995971679688e+00 6.645462512969970703e+00
6.355778694152832031e+00 4.340745449066162109e+00 6.351562500000000000e+00 6.864902973175048828e+00 6.437574863433837891e+00 6.661596298217773438e+00
6.354425430297851562e+00 3.950377702713012695e+00 6.352708816528320312e+00 6.865564823150634766e+00 6.364481925964355469e+00 6.700976848602294922e+00
6.352377414703369141e+00 3.728195428848266602e+00 6.351346015930175781e+00 6.865899562835693359e+00 6.318480968475341797e+00 6.721104621887207031e+00
6.349947929382324219e+00 3.636227607727050781e+00 6.349107265472412109e+00 6.866796493530273438e+00 6.269564151763916016e+00 6.740236282348632812e+00
6.347321510314941406e+00 3.574868440628051758e+00 6.346588611602783203e+00 6.867469787597656250e+00 6.246204376220703125e+00 6.748748779296875000e+00
6.344195842742919922e+00 3.753094673156738281e+00 6.343080997467041016e+00 6.868524551391601562e+00 6.273740768432617188e+00 6.741133689880371094e+00
6.340024948120117188e+00 3.811495065689086914e+00 6.338736057281494141e+00 6.869844913482666016e+00 6.314626216888427734e+00 6.728097438812255859e+00
6.336542129516601562e+00 3.931317090988159180e+00 6.334828376770019531e+00 6.870580673217773438e+00 6.334149837493896484e+00 6.721358776092529297e+00
6.332155704498291016e+00 4.054377555847167969e+00 6.329857349395751953e+00 6.871571063995361328e+00 6.345494270324707031e+00 6.718031406402587891e+00
6.324676513671875000e+00 4.099547863006591797e+00 6.322082996368408203e+00 6.873392105102539062e+00 6.338797569274902344e+00 6.723416328430175781e+00
6.317282676696777344e+00 3.817094087600708008e+00 6.315908908843994141e+00 6.875540256500244141e+00 6.307349205017089844e+00 6.738698482513427734e+00
6.307605266571044922e+00 3.758596897125244141e+00 6.306376934051513672e+00 6.878449440002441406e+00 6.282115936279296875e+00 6.751585006713867188e+00
6.294690608978271484e+00 3.843319177627563477e+00 6.293150901794433594e+00 6.881493091583251953e+00 6.283136367797851562e+00 6.755312442779541016e+00
6.278679370880126953e+00 3.183864593505859375e+00 6.278328895568847656e+00 6.885180950164794922e+00 6.202277183532714844e+00 6.784160137176513672e+00
6.259819507598876953e+00 2.200491189956665039e+00 6.259781837463378906e+00 6.889487743377685547e+00 6.132619857788085938e+00 6.805922508239746094e+00
6.237898826599121094e+00 2.437635421752929688e+00 6.237829685211181641e+00 6.894352436065673828e+00 6.086047649383544922e+00 6.820958614349365234e+00
6.216961860656738281e+00 2.430974960327148438e+00 6.216891765594482422e+00 6.898533821105957031e+00 6.040161609649658203e+00 6.833760261535644531e+00
6.198460578918457031e+00 2.511148452758789062e+00 6.198372364044189453e+00 6.902532577514648438e+00 6.015232086181640625e+00 6.842236995697021484e+00
6.177711486816406250e+00 2.691498517990112305e+00 6.177569389343261719e+00 6.906380176544189453e+00 6.029230117797851562e+00 6.844553470611572266e+00
6.154417991638183594e+00 2.385643005371093750e+00 6.154345035552978516e+00 6.910066604614257812e+00 6.040115356445312500e+00 6.847127914428710938e+00
6.129697799682617188e+00 2.360868930816650391e+00 6.129624843597412109e+00 6.914273738861083984e+00 6.074302196502685547e+00 6.846466064453125000e+00
6.105314731597900391e+00 2.614494562149047852e+00 6.105174541473388672e+00 6.917819499969482422e+00 6.053238868713378906e+00 6.854035854339599609e+00
6.079878807067871094e+00 2.403331518173217773e+00 6.079786300659179688e+00 6.921108722686767578e+00 6.013097763061523438e+00 6.863815307617187500e+00
6.056200027465820312e+00 1.789731383323669434e+00 6.056176662445068359e+00 6.923922538757324219e+00 5.955233573913574219e+00 6.874542236328125000e+00
6.037353515625000000e+00 1.992581009864807129e+00 6.037313938140869141e+00 6.926310539245605469e+00 5.909937858581542969e+00 6.882334232330322266e+00
6.018673896789550781e+00 1.841010451316833496e+00 6.018642902374267578e+00 6.929215431213378906e+00 5.875311374664306641e+00 6.889054298400878906e+00
5.997264862060546875e+00 1.939527392387390137e+00 5.997225761413574219e+00 6.932056903839111328e+00 5.900097846984863281e+00 6.889709472656250000e+00
5.974418163299560547e+00 2.294787883758544922e+00 5.974327564239501953e+00 6.934366703033447266e+00 5.909597873687744141e+00 6.891276359558105469e+00
5.956624507904052734e+00 2.072751760482788086e+00 5.956568717956542969e+00 6.935966491699218750e+00 5.973764896392822266e+00 6.885797977447509766e+00
5.940488815307617188e+00 1.896103024482727051e+00 5.940448284149169922e+00 6.937510967254638672e+00 5.965491294860839844e+00 6.888530731201171875e+00
5.926084995269775391e+00 2.195029973983764648e+00 5.926003932952880859e+00 6.938914299011230469e+00 5.930663585662841797e+00 6.894063472747802734e+00
5.912021160125732422e+00 1.615055561065673828e+00 5.911996841430664062e+00 6.940289974212646484e+00 5.897855758666992188e+00 6.899000644683837891e+00
5.895648956298828125e+00 1.717378735542297363e+00 5.895618915557861328e+00 6.942085742950439453e+00 5.853183746337890625e+00 6.905169486999511719e+00
5.877236843109130859e+00 1.383704066276550293e+00 5.877221584320068359e+00 6.943656444549560547e+00 5.858398437500000000e+00 6.906416416168212891e+00
5.855907917022705078e+00 1.632601737976074219e+00 5.855881214141845703e+00 6.944419384002685547e+00 5.934460639953613281e+00 6.899755001068115234e+00
5.831387519836425781e+00 1.915237903594970703e+00 5.831333160400390625e+00 6.947732448577880859e+00 6.053225517272949219e+00 6.888501167297363281e+00
5.802123069763183594e+00 2.116559028625488281e+00 5.802033424377441406e+00 6.949956893920898438e+00 6.190463066101074219e+00 6.866945266723632812e+00
5.768309116363525391e+00 2.585163116455078125e+00 5.768024444580078125e+00 6.952372074127197266e+00 6.307923316955566406e+00 6.840689659118652344e+00
5.730849742889404297e+00 2.510804653167724609e+00 5.730587959289550781e+00 6.954702377319335938e+00 6.402006626129150391e+00 6.811977386474609375e+00
5.692318916320800781e+00 2.671812772750854492e+00 5.691905021667480469e+00 6.957456111907958984e+00 6.467789173126220703e+00 6.787505149841308594e+00
5.652261734008789062e+00 2.879696846008300781e+00 5.651526927947998047e+00 6.959384441375732422e+00 6.525144577026367188e+00 6.760152339935302734e+00
5.615821838378906250e+00 3.060188531875610352e+00 5.614612579345703125e+00 6.961366176605224609e+00 6.573334217071533203e+00 6.732782840728759766e+00
5.584770202636718750e+00 3.187915325164794922e+00 5.583025455474853516e+00 6.962923526763916016e+00 6.611884117126464844e+00 6.706734657287597656e+00
5.546250343322753906e+00 3.263095378875732422e+00 5.543981552124023438e+00 6.964447021484375000e+00 6.640327453613281250e+00 6.685342311859130859e+00
5.512331962585449219e+00 3.144844055175781250e+00 5.510463237762451172e+00 6.965694904327392578e+00 6.632217407226562500e+00 6.694856166839599609e+00
5.475829601287841797e+00 3.183950424194335938e+00 5.473606586456298828e+00 6.966890811920166016e+00 6.599946498870849609e+00 6.723076343536376953e+00
5.439465522766113281e+00 2.725434064865112305e+00 5.438626766204833984e+00 6.968119621276855469e+00 6.574079036712646484e+00 6.743651866912841797e+00
5.405896186828613281e+00 2.130954504013061523e+00 5.405665874481201172e+00 6.969081878662109375e+00 6.540640830993652344e+00 6.766439914703369141e+00
5.378207206726074219e+00 2.626737356185913086e+00 5.377437591552734375e+00 6.969855785369873047e+00 6.528933048248291016e+00 6.774466991424560547e+00
5.351392269134521484e+00 2.807533979415893555e+00 5.350150108337402344e+00 6.970798015594482422e+00 6.580688476562500000e+00 6.743649482727050781e+00
5.325515270233154297e+00 2.966617584228515625e+00 5.323611259460449219e+00 6.971158027648925781e+00 6.627472877502441406e+00 6.708966255187988281e+00
5.321471214294433594e+00 3.002480983734130859e+00 5.319383621215820312e+00 6.971388339996337891e+00 6.633316516876220703e+00 6.704486846923828125e+00
5.275222301483154297e+00 3.338236331939697266e+00 5.270172119140625000e+00 6.972339153289794922e+00 6.699233531951904297e+00 6.641465187072753906e+00
5.251349449157714844e+00 3.335996150970458984e+00 5.246040344238281250e+00 6.972797393798828125e+00 6.731560707092285156e+00 6.602407455444335938e+00
5.232701778411865234e+00 3.318787336349487305e+00 5.227373600006103516e+00 6.972986698150634766e+00 6.752657413482666016e+00 6.572756767272949219e+00
5.212437629699707031e+00 3.151209115982055664e+00 5.208649158477783203e+00 6.973355770111083984e+00 6.756462097167968750e+00 6.567875862121582031e+00
5.199207305908203125e+00 3.158046722412109375e+00 5.195238113403320312e+00 6.973327159881591797e+00 6.738543510437011719e+00 6.594094276428222656e+00
5.186972618103027344e+00 2.835051536560058594e+00 5.185037612915039062e+00 6.973356723785400391e+00 6.701438903808593750e+00 6.641121387481689453e+00
5.173559188842773438e+00 1.871162652969360352e+00 5.173342704772949219e+00 6.973414421081542969e+00 6.649258136749267578e+00 6.694341659545898438e+00
5.156090736389160156e+00 1.646321535110473633e+00 5.155956745147705078e+00 6.973175048828125000e+00 6.582400321960449219e+00 6.746483325958251953e+00
5.140789031982421875e+00 1.539329767227172852e+00 5.140682220458984375e+00 6.973037719726562500e+00 6.508797168731689453e+00 6.790359020233154297e+00
5.126309394836425781e+00 1.048924088478088379e+00 5.126272678375244141e+00 6.972750186920166016e+00 6.457091808319091797e+00 6.814715862274169922e+00
5.112752914428710938e+00 1.013710498809814453e+00 5.112719058990478516e+00 6.972898960113525391e+00 6.452492237091064453e+00 6.816931724548339844e+00
5.107348918914794922e+00 1.264291405677795410e+00 5.107286453247070312e+00 6.972599029541015625e+00 6.500240802764892578e+00 6.794106960296630859e+00
5.105577468872070312e+00 1.807867407798767090e+00 5.105359077453613281e+00 6.972666740417480469e+00 6.556522846221923828e+00 6.762543678283691406e+00
5.103531837463378906e+00 1.750637412071228027e+00 5.103339195251464844e+00 6.972349643707275391e+00 6.581176757812500000e+00 6.745929718017578125e+00
5.103985786437988281e+00 1.460253596305847168e+00 5.103887557983398438e+00 6.971880435943603516e+00 6.574025630950927734e+00 6.749976634979248047e+00
5.109207153320312500e+00 2.045350790023803711e+00 5.108832359313964844e+00 6.971938133239746094e+00 6.571713924407958984e+00 6.751603126525878906e+00
5.119889259338378906e+00 1.622392654418945312e+00 5.119751930236816406e+00 6.971444129943847656e+00 6.561347961425781250e+00 6.757514476776123047e+00
5.124609470367431641e+00 2.178665637969970703e+00 5.124117374420166016e+00 6.970688819885253906e+00 6.547009944915771484e+00 6.765189170837402344e+00
5.138175487518310547e+00 1.858495354652404785e+00 5.137947082519531250e+00 6.970313072204589844e+00 6.544548988342285156e+00 6.766070842742919922e+00
5.142868041992187500e+00 2.095384597778320312e+00 5.142477989196777344e+00 6.969681262969970703e+00 6.521351814270019531e+00 6.778445720672607422e+00
5.137634277343750000e+00 1.884881496429443359e+00 5.137391567230224609e+00 6.969536781311035156e+00 6.496079921722412109e+00 6.791601181030273438e+00
5.127519130706787109e+00 1.771098256111145020e+00 5.127328872680664062e+00 6.969017505645751953e+00 6.502993583679199219e+00 6.787269115447998047e+00
5.124178886413574219e+00 1.869476914405822754e+00 5.123935699462890625e+00 6.968697071075439453e+00 6.485564708709716797e+00 6.795579433441162109e+00
5.124098777770996094e+00 1.174380779266357422e+00 5.124051094055175781e+00 6.967607975006103516e+00 6.442695617675781250e+00 6.813574314117431641e+00
5.125426769256591797e+00 1.501173377037048340e+00 5.125322818756103516e+00 6.967176437377929688e+00 6.372145652770996094e+00 6.839868545532226562e+00
5.125742912292480469e+00 1.289879918098449707e+00 5.125679969787597656e+00 6.966874122619628906e+00 6.378410339355468750e+00 6.837306022644042969e+00
5.126056671142578125e+00 1.705259680747985840e+00 5.125891685485839844e+00 6.966506004333496094e+00 6.386330127716064453e+00 6.834019660949707031e+00
5.130865573883056641e+00 1.979256868362426758e+00 5.130559444427490234e+00 6.966161251068115234e+00 6.412616252899169922e+00 6.823766708374023438e+00
5.142613410949707031e+00 1.464768767356872559e+00 5.142523288726806641e+00 6.965414524078369141e+00 6.403215885162353516e+00 6.826331615447998047e+00
5.157436847686767578e+00 1.406660556793212891e+00 5.157359123229980469e+00 6.964498519897460938e+00 6.384877204895019531e+00 6.831814289093017578e+00
5.172855377197265625e+00 1.618895649909973145e+00 5.172734737396240234e+00 6.964086532592773438e+00 6.368298530578613281e+00 6.837037086486816406e+00
5.189673423767089844e+00 1.599734306335449219e+00 5.189561367034912109e+00 6.963629722595214844e+00 6.369890689849853516e+00 6.835880756378173828e+00
5.207259654998779297e+00 1.631966829299926758e+00 5.207144737243652344e+00 6.962857723236083984e+00 6.387998580932617188e+00 6.828459262847900391e+00
5.227835655212402344e+00 1.484541654586791992e+00 5.227756977081298828e+00 6.961987495422363281e+00 6.375464439392089844e+00 6.831744194030761719e+00
5.247124671936035156e+00 1.395659804344177246e+00 5.247063636779785156e+00 6.961880683898925781e+00 6.412508964538574219e+00 6.817857265472412109e+00
5.263779163360595703e+00 1.664986491203308105e+00 5.263670921325683594e+00 6.960535049438476562e+00 6.384401321411132812e+00 6.826598644256591797e+00
5.277118206024169922e+00 1.423464655876159668e+00 5.277057170867919922e+00 6.959897994995117188e+00 6.368480682373046875e+00 6.831352710723876953e+00
5.289024829864501953e+00 1.420749068260192871e+00 5.288966655731201172e+00 6.959633827209472656e+00 6.368910789489746094e+00 6.830851078033447266e+00
5.298973560333251953e+00 1.547364354133605957e+00 5.298896789550781250e+00 6.958825588226318359e+00 6.347413539886474609e+00 6.836960315704345703e+00
5.314506053924560547e+00 1.366746783256530762e+00 5.314456462860107422e+00 6.958573341369628906e+00 6.382983207702636719e+00 6.824439048767089844e+00
5.332986831665039062e+00 1.546878576278686523e+00 5.332915306091308594e+00 6.957686901092529297e+00 6.376657009124755859e+00 6.825505733489990234e+00
5.357045650482177734e+00 1.890892863273620605e+00 5.356895923614501953e+00 6.957128047943115234e+00 6.400711536407470703e+00 6.815842151641845703e+00
5.383581638336181641e+00 1.672576069831848145e+00 5.383496284484863281e+00 6.956485748291015625e+00 6.439364433288574219e+00 6.799092769622802734e+00
5.405557632446289062e+00 1.802465915679931641e+00 5.405447006225585938e+00 6.955899715423583984e+00 6.496624469757080078e+00 6.770601272583007812e+00
5.423207759857177734e+00 1.983666539192199707e+00 5.423049926757812500e+00 6.955101490020751953e+00 6.549239158630371094e+00 6.738455295562744141e+00
5.438626289367675781e+00 2.089772462844848633e+00 5.438432693481445312e+00 6.954523086547851562e+00 6.570123195648193359e+00 6.723408699035644531e+00
5.453975200653076172e+00 2.281507015228271484e+00 5.453683376312255859e+00 6.954074382781982422e+00 6.600760936737060547e+00 6.699704170227050781e+00
5.477585792541503906e+00 2.763677597045898438e+00 5.476744651794433594e+00 6.953096866607666016e+00 6.615522384643554688e+00 6.685773849487304688e+00
5.499440670013427734e+00 2.888674497604370117e+00 5.498376369476318359e+00 6.952460289001464844e+00 6.644619464874267578e+00 6.658135414123535156e+00
5.522141456604003906e+00 2.747808218002319336e+00 5.521410465240478516e+00 6.951655387878417969e+00 6.662570476531982422e+00 6.638342380523681641e+00
5.542136192321777344e+00 2.831784963607788086e+00 5.541287899017333984e+00 6.950825691223144531e+00 6.677039623260498047e+00 6.620726585388183594e+00
5.559009552001953125e+00 3.009554386138916016e+00 5.557780742645263672e+00 6.949706554412841797e+00 6.685387611389160156e+00 6.608572483062744141e+00
5.579246997833251953e+00 3.286343574523925781e+00 5.577028274536132812e+00 6.948914527893066406e+00 6.711166381835937500e+00 6.573781013488769531e+00
5.600474357604980469e+00 3.449049234390258789e+00 5.597399711608886719e+00 6.947815418243408203e+00 6.734555244445800781e+00 6.536664485931396484e+00
5.618884563446044922e+00 3.488769531250000000e+00 5.615653038024902344e+00 6.946816921234130859e+00 6.736541748046875000e+00 6.530917644500732422e+00
5.631521701812744141e+00 3.323213100433349609e+00 5.629379749298095703e+00 6.945801258087158203e+00 6.729161262512207031e+00 6.539929389953613281e+00
5.647783756256103516e+00 2.963798046112060547e+00 5.646883487701416016e+00 6.944215774536132812e+00 6.697262763977050781e+00 6.581402778625488281e+00
5.660987854003906250e+00 2.260833740234375000e+00 5.660814285278320312e+00 6.943030834197998047e+00 6.650786876678466797e+00 6.633035182952880859e+00
5.677087306976318359e+00 2.240172863006591797e+00 5.676928043365478516e+00 6.941417217254638672e+00 6.607732295989990234e+00 6.670758247375488281e+00
5.696193695068359375e+00 2.326329469680786133e+00 5.696009635925292969e+00 6.940021038055419922e+00 6.549298286437988281e+00 6.713292121887207031e+00
5.714038372039794922e+00 2.210469961166381836e+00 5.713902950286865234e+00 6.937919139862060547e+00 6.504217147827148438e+00 6.738373279571533203e+00
5.735094070434570312e+00 1.892784118652343750e+00 5.735030651092529297e+00 6.935865402221679688e+00 6.442402362823486328e+00 6.767721176147460938e+00
5.757986545562744141e+00 1.527317285537719727e+00 5.757960796356201172e+00 6.932874679565429688e+00 6.333520412445068359e+00 6.807030200958251953e+00
5.778469562530517578e+00 1.504051566123962402e+00 5.778447151184082031e+00 6.930068492889404297e+00 6.227056026458740234e+00 6.834162712097167969e+00
5.794125080108642578e+00 1.228357911109924316e+00 5.794113159179687500e+00 6.928238391876220703e+00 6.140824317932128906e+00 6.850886344909667969e+00
5.805509090423583984e+00 1.463523745536804199e+00 5.805488586425781250e+00 6.926433086395263672e+00 6.042275428771972656e+00 6.865668296813964844e+00
5.815671443939208984e+00 1.739892959594726562e+00 5.815634727478027344e+00 6.925261497497558594e+00 5.994019031524658203e+00 6.871145725250244141e+00
5.824871063232421875e+00 1.836173534393310547e+00 5.824825763702392578e+00 6.922718048095703125e+00 5.946871757507324219e+00 6.874191761016845703e+00
5.835773944854736328e+00 1.926105737686157227e+00 5.835719585418701172e+00 6.920641422271728516e+00 5.926779270172119141e+00 6.874197483062744141e+00
5.848320960998535156e+00 2.047514200210571289e+00 5.848252296447753906e+00 6.919237613677978516e+00 5.927388668060302734e+00 6.872564792633056641e+00
5.864119529724121094e+00 1.890585064888000488e+00 5.864072799682617188e+00 6.917282581329345703e+00 6.004643440246582031e+00 6.860637664794921875e+00
5.874738216400146484e+00 1.740143299102783203e+00 5.874705314636230469e+00 6.915695190429687500e+00 6.108754634857177734e+00 6.842049598693847656e+00
5.883877277374267578e+00 2.107188224792480469e+00 5.883804798126220703e+00 6.914294719696044922e+00 6.192326068878173828e+00 6.822948932647705078e+00
5.893257617950439453e+00 1.948175191879272461e+00 5.893208980560302734e+00 6.913355827331542969e+00 6.256592273712158203e+00 6.805220603942871094e+00
5.903383255004882812e+00 2.016242742538452148e+00 5.903326988220214844e+00 6.912326335906982422e+00 6.313717365264892578e+00 6.786230564117431641e+00
5.911848068237304688e+00 2.192856311798095703e+00 5.911765098571777344e+00 6.911221981048583984e+00 6.352307796478271484e+00 6.770893573760986328e+00
5.917672634124755859e+00 2.670597076416015625e+00 5.917427062988281250e+00 6.910433769226074219e+00 6.422566413879394531e+00 6.739616870880126953e+00
5.924902439117431641e+00 3.053730964660644531e+00 5.924317836761474609e+00 6.909354686737060547e+00 6.481950759887695312e+00 6.706091880798339844e+00
5.933782577514648438e+00 2.976718664169311523e+00 5.933303833007812500e+00 6.908466815948486328e+00 6.522684097290039062e+00 6.678318977355957031e+00
5.944679737091064453e+00 3.065929651260375977e+00 5.944105148315429688e+00 6.907247543334960938e+00 6.564035892486572266e+00 6.644662380218505859e+00
5.955552101135253906e+00 3.218120813369750977e+00 5.954755306243896484e+00 6.905642032623291016e+00 6.589549064636230469e+00 6.619169235229492188e+00
5.963137149810791016e+00 3.403709173202514648e+00 5.961937427520751953e+00 6.904282093048095703e+00 6.609166622161865234e+00 6.597258090972900391e+00
5.974242687225341797e+00 3.573059320449829102e+00 5.972514629364013672e+00 6.903345584869384766e+00 6.627401351928710938e+00 6.575690746307373047e+00
5.984107971191406250e+00 3.365798711776733398e+00 5.983061790466308594e+00 6.901504993438720703e+00 6.599706172943115234e+00 6.601241588592529297e+00
5.994925022125244141e+00 3.370076894760131836e+00 5.993894100189208984e+00 6.900002002716064453e+00 6.584225654602050781e+00 6.613234996795654297e+00
6.010069370269775391e+00 3.472246646881103516e+00 6.008808135986328125e+00 6.898052692413330078e+00 6.574526309967041016e+00 6.618411064147949219e+00
6.020069122314453125e+00 2.834093332290649414e+00 6.019785881042480469e+00 6.895983219146728516e+00 6.522513866424560547e+00 6.657021522521972656e+00
6.029504299163818359e+00 2.405390262603759766e+00 6.029400825500488281e+00 6.893773078918457031e+00 6.454473018646240234e+00 6.697460651397705078e+00
6.038431167602539062e+00 2.016281604766845703e+00 6.038389682769775391e+00 6.891472816467285156e+00 6.355595588684082031e+00 6.742023944854736328e+00
6.047847270965576172e+00 1.667388916015625000e+00 6.047828197479248047e+00 6.889816284179687500e+00 6.284340381622314453e+00 6.766010284423828125e+00
6.058261394500732422e+00 1.394752502441406250e+00 6.058251380920410156e+00 6.886475086212158203e+00 6.206860065460205078e+00 6.784588336944580078e+00
6.071949958801269531e+00 1.786154389381408691e+00 6.071928501129150391e+00 6.883586406707763672e+00 6.149376869201660156e+00 6.795056819915771484e+00
6.085802555084228516e+00 1.779812335968017578e+00 6.085781097412109375e+00 6.880159854888916016e+00 6.072091102600097656e+00 6.806722640991210938e+00
6.098176956176757812e+00 2.123726367950439453e+00 6.098132610321044922e+00 6.877162933349609375e+00 6.020706176757812500e+00 6.812081336975097656e+00
6.110435009002685547e+00 1.741594076156616211e+00 6.110417842864990234e+00 6.872822284698486328e+00 5.934938430786132812e+00 6.819581031799316406e+00
6.124624729156494141e+00 1.782169938087463379e+00 6.124603748321533203e+00 6.869696140289306641e+00 5.887688636779785156e+00 6.821892261505126953e+00
6.135931491851806641e+00 1.989623665809631348e+00 6.135900974273681641e+00 6.867193222045898438e+00 5.858895778656005859e+00 6.822347164154052734e+00
6.146331787109375000e+00 2.109438419342041016e+00 6.146292209625244141e+00 6.864533901214599609e+00 5.850763320922851562e+00 6.820280075073242188e+00
6.154203414916992188e+00 2.135243654251098633e+00 6.154160499572753906e+00 6.862539291381835938e+00 5.893266677856445312e+00 6.813229084014892578e+00
6.163257598876953125e+00 2.390121221542358398e+00 6.163184165954589844e+00 6.860434055328369141e+00 5.941652774810791016e+00 6.804637432098388672e+00
6.173829555511474609e+00 2.356024503707885742e+00 6.173764228820800781e+00 6.858198165893554688e+00 6.017148017883300781e+00 6.790572166442871094e+00
6.184444904327392578e+00 2.616798877716064453e+00 6.184327602386474609e+00 6.856237411499023438e+00 6.077550411224365234e+00 6.777163028717041016e+00
6.194736003875732422e+00 2.390178442001342773e+00 6.194668769836425781e+00 6.854388713836669922e+00 6.093022346496582031e+00 6.771770954132080078e+00
6.204251766204833984e+00 2.385591983795166016e+00 6.204185962677001953e+00 6.852518558502197266e+00 6.128008365631103516e+00 6.761765956878662109e+00
6.212229251861572266e+00 2.613021135330200195e+00 6.212120056152343750e+00 6.851380825042724609e+00 6.175298690795898438e+00 6.748554706573486328e+00
6.219831466674804688e+00 2.829384803771972656e+00 6.219655513763427734e+00 6.849816322326660156e+00 6.209750175476074219e+00 6.736841678619384766e+00
6.225290775299072266e+00 2.814722537994384766e+00 6.225122451782226562e+00 6.848771095275878906e+00 6.224292755126953125e+00 6.731054782867431641e+00
6.229822635650634766e+00 2.254795551300048828e+00 6.229776382446289062e+00 6.847547531127929688e+00 6.189806938171386719e+00 6.739688873291015625e+00
6.235292911529541016e+00 2.450552701950073242e+00 6.235221862792968750e+00 6.846595287322998047e+00 6.168770790100097656e+00 6.744234085083007812e+00
6.241358280181884766e+00 2.037998437881469727e+00 6.241331100463867188e+00 6.844516754150390625e+00 6.111567020416259766e+00 6.755702972412109375e+00
