5.928077697753906250e+00 -inf 5.928077697753906250e+00 6.923308849334716797e+00 5.624945163726806641e+00 6.900891304016113281e+00
5.940587997436523438e+00 -inf 5.940587997436523438e+00 6.921146869659423828e+00 5.624362945556640625e+00 6.898645401000976562e+00
5.960090160369873047e+00 -inf 5.960090160369873047e+00 6.917964935302734375e+00 5.620554447174072266e+00 6.895497322082519531e+00
5.980492115020751953e+00 -inf 5.980492115020751953e+00 6.913092136383056641e+00 5.596764564514160156e+00 6.891605854034423828e+00
6.004607200622558594e+00 -inf 6.004607200622558594e+00 6.908310413360595703e+00 5.582424640655517578e+00 6.887303352355957031e+00
6.030805587768554688e+00 -inf 6.030805587768554688e+00 6.902858734130859375e+00 5.549593925476074219e+00 6.883165359497070312e+00
6.052605152130126953e+00 -inf 6.052605152130126953e+00 6.896743774414062500e+00 5.495635986328125000e+00 6.879146575927734375e+00
6.072852611541748047e+00 -inf 6.072852611541748047e+00 6.891822814941406250e+00 5.477290153503417969e+00 6.874772071838378906e+00
6.093367576599121094e+00 -inf 6.093367576599121094e+00 6.885501861572265625e+00 5.440333843231201172e+00 6.869633674621582031e+00
6.111377716064453125e+00 -inf 6.111377716064453125e+00 6.879127502441406250e+00 5.415376663208007812e+00 6.863935470581054688e+00
6.131549835205078125e+00 -inf 6.131549835205078125e+00 6.873228073120117188e+00 5.413491249084472656e+00 6.857892990112304688e+00
6.150093555450439453e+00 -inf 6.150093555450439453e+00 6.867323875427246094e+00 5.391651153564453125e+00 6.852550506591796875e+00
6.165855407714843750e+00 -inf 6.165855407714843750e+00 6.861728668212890625e+00 5.402903079986572266e+00 6.846360683441162109e+00
6.180623054504394531e+00 -inf 6.180623054504394531e+00 6.856197357177734375e+00 5.457242012023925781e+00 6.838510990142822266e+00
6.194654464721679688e+00 -inf 6.194654464721679688e+00 6.850847244262695312e+00 5.536356925964355469e+00 6.829267978668212891e+00
6.207404136657714844e+00 -inf 6.207404136657714844e+00 6.845648765563964844e+00 5.607293128967285156e+00 6.819808959960937500e+00
6.219750404357910156e+00 -inf 6.219750404357910156e+00 6.840480804443359375e+00 5.663044929504394531e+00 6.810613155364990234e+00
6.231328487396240234e+00 -inf 6.231328487396240234e+00 6.834573745727539062e+00 5.714663505554199219e+00 6.800305366516113281e+00
6.241483211517333984e+00 -inf 6.241483211517333984e+00 6.828632831573486328e+00 5.760079860687255859e+00 6.789865016937255859e+00
6.249161720275878906e+00 -inf 6.249161720275878906e+00 6.823142528533935547e+00 5.792436122894287109e+00 6.780666828155517578e+00
6.255522251129150391e+00 -inf 6.255522251129150391e+00 6.818021774291992188e+00 5.821378707885742188e+00 6.771889686584472656e+00
6.259947776794433594e+00 -inf 6.259947776794433594e+00 6.813101768493652344e+00 5.836645126342773438e+00 6.764647483825683594e+00
6.261689186096191406e+00 -inf 6.261689186096191406e+00 6.809657573699951172e+00 5.866147994995117188e+00 6.757144927978515625e+00
6.261234760284423828e+00 -inf 6.261234760284423828e+00 6.806690692901611328e+00 5.882817745208740234e+00 6.751588344573974609e+00
6.259479522705078125e+00 -inf 6.259479522705078125e+00 6.803136825561523438e+00 5.886999130249023438e+00 6.746977806091308594e+00
6.257079124450683594e+00 -inf 6.257079124450683594e+00 6.799367427825927734e+00 5.886630058288574219e+00 6.742736339569091797e+00
6.253928661346435547e+00 -inf 6.253928661346435547e+00 6.796681880950927734e+00 5.899288654327392578e+00 6.737870216369628906e+00
6.249530792236328125e+00 -inf 6.249530792236328125e+00 6.794879913330078125e+00 5.900764942169189453e+00 6.735589981079101562e+00
6.243711471557617188e+00 -inf 6.243711471557617188e+00 6.794380187988281250e+00 5.893978595733642578e+00 6.736002445220947266e+00
6.237137794494628906e+00 -inf 6.237137794494628906e+00 6.794358253479003906e+00 5.873212814331054688e+00 6.738885402679443359e+00
6.228758335113525391e+00 -inf 6.228758335113525391e+00 6.795472621917724609e+00 5.856407165527343750e+00 6.742384910583496094e+00
6.218473911285400391e+00 -inf 6.218473911285400391e+00 6.796584129333496094e+00 5.836211204528808594e+00 6.746191978454589844e+00
6.206131458282470703e+00 -inf 6.206131458282470703e+00 6.799326419830322266e+00 5.824852943420410156e+00 6.750638008117675781e+00
6.193503379821777344e+00 -inf 6.193503379821777344e+00 6.801181793212890625e+00 5.796289920806884766e+00 6.755964756011962891e+00
6.180573940277099609e+00 -inf 6.180573940277099609e+00 6.803930282592773438e+00 5.774645328521728516e+00 6.761308193206787109e+00
6.166254997253417969e+00 -inf 6.166254997253417969e+00 6.806941032409667969e+00 5.755429267883300781e+00 6.766547203063964844e+00
6.151382923126220703e+00 -inf 6.151382923126220703e+00 6.810134410858154297e+00 5.726674079895019531e+00 6.772732734680175781e+00
6.136362075805664062e+00 -inf 6.136362075805664062e+00 6.813418388366699219e+00 5.714103221893310547e+00 6.777414798736572266e+00
6.121068477630615234e+00 -inf 6.121068477630615234e+00 6.816761493682861328e+00 5.695871353149414062e+00 6.782573223114013672e+00
6.105459690093994141e+00 -inf 6.105459690093994141e+00 6.818251609802246094e+00 5.647898674011230469e+00 6.787875652313232422e+00
6.089791297912597656e+00 -inf 6.089791297912597656e+00 6.821664333343505859e+00 5.619978427886962891e+00 6.793472766876220703e+00
6.074387550354003906e+00 -inf 6.074387550354003906e+00 6.824988842010498047e+00 5.602824687957763672e+00 6.798136711120605469e+00
6.058526992797851562e+00 -inf 6.058526992797851562e+00 6.828290939331054688e+00 5.577273368835449219e+00 6.803215980529785156e+00
6.042073249816894531e+00 -inf 6.042073249816894531e+00 6.831577777862548828e+00 5.573471069335937500e+00 6.806920528411865234e+00
6.024862289428710938e+00 -inf 6.024862289428710938e+00 6.833884716033935547e+00 5.567455291748046875e+00 6.809708595275878906e+00
6.006841659545898438e+00 -inf 6.006841659545898438e+00 6.837229251861572266e+00 5.562016963958740234e+00 6.813550472259521484e+00
5.988333225250244141e+00 -inf 5.988333225250244141e+00 6.840532779693603516e+00 5.540669918060302734e+00 6.818195343017578125e+00
5.969980716705322266e+00 -inf 5.969980716705322266e+00 6.843546390533447266e+00 5.536219120025634766e+00 6.821599006652832031e+00
5.951590538024902344e+00 -inf 5.951590538024902344e+00 6.845278739929199219e+00 5.506611824035644531e+00 6.824895381927490234e+00
5.932405948638916016e+00 -inf 5.932405948638916016e+00 6.847967147827148438e+00 5.506238460540771484e+00 6.827730655670166016e+00
5.911760330200195312e+00 -inf 5.911760330200195312e+00 6.850961685180664062e+00 5.504088401794433594e+00 6.830968856811523438e+00
5.889196872711181641e+00 -inf 5.889196872711181641e+00 6.853158473968505859e+00 5.490540504455566406e+00 6.833893775939941406e+00
5.865290641784667969e+00 -inf 5.865290641784667969e+00 6.856712818145751953e+00 5.490774631500244141e+00 6.837597846984863281e+00
5.840401649475097656e+00 -inf 5.840401649475097656e+00 6.860553741455078125e+00 5.490023136138916016e+00 6.841644763946533203e+00
5.812927246093750000e+00 -inf 5.812927246093750000e+00 6.864678382873535156e+00 5.489820480346679688e+00 6.845960617065429688e+00
5.781363010406494141e+00 -inf 5.781363010406494141e+00 6.869200229644775391e+00 5.480928897857666016e+00 6.851063728332519531e+00
5.741518497467041016e+00 -inf 5.741518497467041016e+00 6.874437332153320312e+00 5.478187084197998047e+00 6.856637954711914062e+00
5.694020271301269531e+00 -inf 5.694020271301269531e+00 6.880020618438720703e+00 5.503404617309570312e+00 6.861380100250244141e+00
5.642136096954345703e+00 -inf 5.642136096954345703e+00 6.883853912353515625e+00 5.512083053588867188e+00 6.864999771118164062e+00
5.584005355834960938e+00 -inf 5.584005355834960938e+00 6.889331817626953125e+00 5.520003795623779297e+00 6.870368957519531250e+00
5.523399353027343750e+00 -inf 5.523399353027343750e+00 6.894881725311279297e+00 5.495551109313964844e+00 6.877211093902587891e+00
5.463403701782226562e+00 -inf 5.463403701782226562e+00 6.900645256042480469e+00 5.436658859252929688e+00 6.885461807250976562e+00
5.398327350616455078e+00 -inf 5.398327350616455078e+00 6.905698299407958984e+00 5.370483398437500000e+00 6.892845630645751953e+00
5.335030555725097656e+00 -inf 5.335030555725097656e+00 6.911135196685791016e+00 5.344875812530517578e+00 6.899181842803955078e+00
5.279048919677734375e+00 -inf 5.279048919677734375e+00 6.915759086608886719e+00 5.302559375762939453e+00 6.905045509338378906e+00
5.225790977478027344e+00 -inf 5.225790977478027344e+00 6.920025825500488281e+00 5.279869556427001953e+00 6.909964561462402344e+00
5.180421829223632812e+00 -inf 5.180421829223632812e+00 6.924446105957031250e+00 5.253012180328369141e+00 6.915091514587402344e+00
5.132689476013183594e+00 -inf 5.132689476013183594e+00 6.929883956909179688e+00 5.251118183135986328e+00 6.920687675476074219e+00
5.086033344268798828e+00 -inf 5.086033344268798828e+00 6.936028003692626953e+00 5.294232368469238281e+00 6.926005363464355469e+00
5.043041706085205078e+00 -inf 5.043041706085205078e+00 6.941534519195556641e+00 5.404758930206298828e+00 6.928728580474853516e+00
5.006536960601806641e+00 -inf 5.006536960601806641e+00 6.945649623870849609e+00 5.530671119689941406e+00 6.928617000579833984e+00
4.981415748596191406e+00 -inf 4.981415748596191406e+00 6.949046611785888672e+00 5.646365642547607422e+00 6.926856994628906250e+00
4.963210105895996094e+00 -inf 4.963210105895996094e+00 6.951793193817138672e+00 5.713244438171386719e+00 6.925964832305908203e+00
4.953491687774658203e+00 -inf 4.953491687774658203e+00 6.954571247100830078e+00 5.760436534881591797e+00 6.925868988037109375e+00
4.949378967285156250e+00 -inf 4.949378967285156250e+00 6.957092285156250000e+00 5.764851570129394531e+00 6.928259849548339844e+00
4.947449684143066406e+00 -inf 4.947449684143066406e+00 6.959717273712158203e+00 5.763982295989990234e+00 6.931124210357666016e+00
4.951207160949707031e+00 -inf 4.951207160949707031e+00 6.962335586547851562e+00 5.776936054229736328e+00 6.933030128479003906e+00
4.956980228424072266e+00 -inf 4.956980228424072266e+00 6.964419841766357422e+00 5.762659072875976562e+00 6.936233043670654297e+00
4.958772182464599609e+00 -inf 4.958772182464599609e+00 6.966516494750976562e+00 5.752588748931884766e+00 6.939134120941162109e+00
4.963247299194335938e+00 -inf 4.963247299194335938e+00 6.968531608581542969e+00 5.767182350158691406e+00 6.940317153930664062e+00
4.979249954223632812e+00 -inf 4.979249954223632812e+00 6.970190048217773438e+00 5.762912273406982422e+00 6.942370891571044922e+00
4.987755298614501953e+00 -inf 4.987755298614501953e+00 6.971417427062988281e+00 5.766705989837646484e+00 6.943428039550781250e+00
4.994073390960693359e+00 -inf 4.994073390960693359e+00 6.972456932067871094e+00 5.770549774169921875e+00 6.944280624389648438e+00
5.001313209533691406e+00 -inf 5.001313209533691406e+00 6.973551273345947266e+00 5.765478134155273438e+00 6.945785045623779297e+00
5.017143726348876953e+00 -inf 5.017143726348876953e+00 6.974514484405517578e+00 5.756241798400878906e+00 6.947413444519042969e+00
5.030578136444091797e+00 -inf 5.030578136444091797e+00 6.975147724151611328e+00 5.760217189788818359e+00 6.947830200195312500e+00
5.044087409973144531e+00 -inf 5.044087409973144531e+00 6.975667476654052734e+00 5.762051105499267578e+00 6.948264122009277344e+00
5.068235397338867188e+00 -inf 5.068235397338867188e+00 6.976028442382812500e+00 5.770912170410156250e+00 6.948066234588623047e+00
5.094514369964599609e+00 -inf 5.094514369964599609e+00 6.976115226745605469e+00 5.781106948852539062e+00 6.947472572326660156e+00
5.119045734405517578e+00 -inf 5.119045734405517578e+00 6.975698947906494141e+00 5.785975933074951172e+00 6.946693420410156250e+00
5.142010211944580078e+00 -inf 5.142010211944580078e+00 6.975513458251953125e+00 5.794286251068115234e+00 6.945915222167968750e+00
5.164006710052490234e+00 -inf 5.164006710052490234e+00 6.975326061248779297e+00 5.785309314727783203e+00 6.946340560913085938e+00
5.185324668884277344e+00 -inf 5.185324668884277344e+00 6.975106716156005859e+00 5.781107425689697266e+00 6.946395397186279297e+00
5.207512378692626953e+00 -inf 5.207512378692626953e+00 6.974848747253417969e+00 5.768685340881347656e+00 6.946956157684326172e+00
5.231063842773437500e+00 -inf 5.231063842773437500e+00 6.974535465240478516e+00 5.771594524383544922e+00 6.946428298950195312e+00
5.254089355468750000e+00 -inf 5.254089355468750000e+00 6.974176883697509766e+00 5.768682003021240234e+00 6.946239948272705078e+00
5.282371997833251953e+00 -inf 5.282371997833251953e+00 6.973678112030029297e+00 5.770960330963134766e+00 6.945555210113525391e+00
5.311597824096679688e+00 -inf 5.311597824096679688e+00 6.973083019256591797e+00 5.770245552062988281e+00 6.944968700408935547e+00
5.338612079620361328e+00 -inf 5.338612079620361328e+00 6.972486019134521484e+00 5.788169860839843750e+00 6.943104743957519531e+00
5.363158702850341797e+00 -inf 5.363158702850341797e+00 6.971641540527343750e+00 5.795313358306884766e+00 6.941694736480712891e+00
5.383113384246826172e+00 -inf 5.383113384246826172e+00 6.971147537231445312e+00 5.807303428649902344e+00 6.940296173095703125e+00
5.399910926818847656e+00 -inf 5.399910926818847656e+00 6.970706939697265625e+00 5.830837726593017578e+00 6.938036918640136719e+00
5.414340496063232422e+00 -inf 5.414340496063232422e+00 6.970304489135742188e+00 5.848295211791992188e+00 6.936207771301269531e+00
5.427893161773681641e+00 -inf 5.427893161773681641e+00 6.969889640808105469e+00 5.861075401306152344e+00 6.934697151184082031e+00
5.441828250885009766e+00 -inf 5.441828250885009766e+00 6.969457149505615234e+00 5.878378868103027344e+00 6.932734012603759766e+00
5.455026149749755859e+00 -inf 5.455026149749755859e+00 6.968447208404541016e+00 5.893047332763671875e+00 6.930313110351562500e+00
5.466836929321289062e+00 -inf 5.466836929321289062e+00 6.968053817749023438e+00 5.911309719085693359e+00 6.928167343139648438e+00
5.477343559265136719e+00 -inf 5.477343559265136719e+00 6.967693805694580078e+00 5.939224720001220703e+00 6.924987316131591797e+00
5.486102581024169922e+00 -inf 5.486102581024169922e+00 6.967356681823730469e+00 5.959829807281494141e+00 6.922427654266357422e+00
5.493326187133789062e+00 -inf 5.493326187133789062e+00 6.967070579528808594e+00 5.965744495391845703e+00 6.921459674835205078e+00
5.499942779541015625e+00 -inf 5.499942779541015625e+00 6.966806888580322266e+00 5.970293045043945312e+00 6.920660495758056641e+00
5.506539344787597656e+00 -inf 5.506539344787597656e+00 6.965932846069335938e+00 5.972227096557617188e+00 6.919470310211181641e+00
5.513368606567382812e+00 -inf 5.513368606567382812e+00 6.965286254882812500e+00 5.978456497192382812e+00 6.918040752410888672e+00
5.519221782684326172e+00 -inf 5.519221782684326172e+00 6.964931488037109375e+00 5.993107318878173828e+00 6.915926933288574219e+00
5.523504257202148438e+00 -inf 5.523504257202148438e+00 6.964698791503906250e+00 6.002542495727539062e+00 6.914525032043457031e+00
5.526950359344482422e+00 -inf 5.526950359344482422e+00 6.964494705200195312e+00 6.015904426574707031e+00 6.912630081176757812e+00
5.530846595764160156e+00 -inf 5.530846595764160156e+00 6.964312553405761719e+00 6.029214859008789062e+00 6.910706520080566406e+00
5.533102512359619141e+00 -inf 5.533102512359619141e+00 6.963288784027099609e+00 6.027409553527832031e+00 6.909785270690917969e+00
5.532197952270507812e+00 -inf 5.532197952270507812e+00 6.963255882263183594e+00 6.038079738616943359e+00 6.908329486846923828e+00
5.527542114257812500e+00 -inf 5.527542114257812500e+00 6.963375568389892578e+00 6.043795585632324219e+00 6.907689094543457031e+00
5.519523620605468750e+00 -inf 5.519523620605468750e+00 6.962662220001220703e+00 6.034823894500732422e+00 6.908092975616455078e+00
5.507204532623291016e+00 -inf 5.507204532623291016e+00 6.962624549865722656e+00 6.025301456451416016e+00 6.909309864044189453e+00
5.492227554321289062e+00 -inf 5.492227554321289062e+00 6.962606430053710938e+00 6.005786418914794922e+00 6.911775112152099609e+00
5.476156234741210938e+00 -inf 5.476156234741210938e+00 6.962896347045898438e+00 5.980878353118896484e+00 6.915093898773193359e+00
5.458823204040527344e+00 -inf 5.458823204040527344e+00 6.962200641632080078e+00 5.936867237091064453e+00 6.919168949127197266e+00
5.439404964447021484e+00 -inf 5.439404964447021484e+00 6.962745189666748047e+00 5.906340122222900391e+00 6.922825336456298828e+00
5.419559001922607422e+00 -inf 5.419559001922607422e+00 6.963288784027099609e+00 5.873511314392089844e+00 6.926451206207275391e+00
5.399108886718750000e+00 -inf 5.399108886718750000e+00 6.963815689086914062e+00 5.838278293609619141e+00 6.930006027221679688e+00
5.376223564147949219e+00 -inf 5.376223564147949219e+00 6.963615417480468750e+00 5.814076900482177734e+00 6.931691646575927734e+00
5.351627349853515625e+00 -inf 5.351627349853515625e+00 6.963453769683837891e+00 5.803282260894775391e+00 6.932330608367919922e+00
5.325845718383789062e+00 -inf 5.325845718383789062e+00 6.963921546936035156e+00 5.797054767608642578e+00 6.933291912078857422e+00
5.298851966857910156e+00 -inf 5.298851966857910156e+00 6.964349269866943359e+00 5.787279605865478516e+00 6.934455871582031250e+00
5.271625518798828125e+00 -inf 5.271625518798828125e+00 6.964726448059082031e+00 5.771283149719238281e+00 6.935976505279541016e+00
5.246828079223632812e+00 -inf 5.246828079223632812e+00 6.964939117431640625e+00 5.754846096038818359e+00 6.937305450439453125e+00
5.222514152526855469e+00 -inf 5.222514152526855469e+00 6.964246749877929688e+00 5.705198764801025391e+00 6.939644336700439453e+00
5.196082115173339844e+00 -inf 5.196082115173339844e+00 6.962793827056884766e+00 5.668792724609375000e+00 6.940145015716552734e+00
5.164221286773681641e+00 -inf 5.164221286773681641e+00 6.962092876434326172e+00 5.634985446929931641e+00 6.941146373748779297e+00
5.127073287963867188e+00 -inf 5.127073287963867188e+00 6.961279392242431641e+00 5.582279205322265625e+00 6.942743301391601562e+00
5.090653896331787109e+00 -inf 5.090653896331787109e+00 6.960603237152099609e+00 5.507597446441650391e+00 6.945023536682128906e+00
5.056764602661132812e+00 -inf 5.056764602661132812e+00 6.960425376892089844e+00 5.433950901031494141e+00 6.947307586669921875e+00
5.024233818054199219e+00 -inf 5.024233818054199219e+00 6.960274696350097656e+00 5.389617443084716797e+00 6.948443412780761719e+00
4.989809989929199219e+00 -inf 4.989809989929199219e+00 6.960148334503173828e+00 5.362116813659667969e+00 6.949048995971679688e+00
4.953258037567138672e+00 -inf 4.953258037567138672e+00 6.959978103637695312e+00 5.345047473907470703e+00 6.949308395385742188e+00
4.907950401306152344e+00 -inf 4.907950401306152344e+00 6.957660198211669922e+00 5.210880279541015625e+00 6.949809074401855469e+00
4.868166923522949219e+00 -inf 4.868166923522949219e+00 6.957177639007568359e+00 5.158452510833740234e+00 6.950218677520751953e+00
4.839536190032958984e+00 -inf 4.839536190032958984e+00 6.956558704376220703e+00 5.087985038757324219e+00 6.950640678405761719e+00
4.819394588470458984e+00 -inf 4.819394588470458984e+00 6.955604076385498047e+00 4.972628116607666016e+00 6.951064109802246094e+00
4.816221237182617188e+00 -inf 4.816221237182617188e+00 6.954349994659423828e+00 4.796867847442626953e+00 6.951317787170410156e+00
4.831479072570800781e+00 -inf 4.831479072570800781e+00 6.952784061431884766e+00 4.664797306060791016e+00 6.950540542602539062e+00
4.868275165557861328e+00 -inf 4.868275165557861328e+00 6.951085567474365234e+00 4.583651065826416016e+00 6.949217796325683594e+00
4.896702289581298828e+00 -inf 4.896702289581298828e+00 6.949265480041503906e+00 4.492847442626953125e+00 6.947744369506835938e+00
4.925916194915771484e+00 -inf 4.925916194915771484e+00 6.947338581085205078e+00 4.494557857513427734e+00 6.945804595947265625e+00
4.953385829925537109e+00 -inf 4.953385829925537109e+00 6.945191383361816406e+00 4.533614635467529297e+00 6.943505287170410156e+00
4.975003242492675781e+00 -inf 4.975003242492675781e+00 6.943027973175048828e+00 4.629283428192138672e+00 6.940914154052734375e+00
4.993971824645996094e+00 -inf 4.993971824645996094e+00 6.941063880920410156e+00 4.630755424499511719e+00 6.938932895660400391e+00
5.016749382019042969e+00 -inf 5.016749382019042969e+00 6.938858985900878906e+00 4.736846446990966797e+00 6.936122417449951172e+00
5.053247451782226562e+00 -inf 5.053247451782226562e+00 6.936416625976562500e+00 4.867306232452392578e+00 6.932696819305419922e+00
5.084674358367919922e+00 -inf 5.084674358367919922e+00 6.933873176574707031e+00 4.969491004943847656e+00 6.929132938385009766e+00
5.111149311065673828e+00 -inf 5.111149311065673828e+00 6.931138992309570312e+00 5.156407833099365234e+00 6.923781871795654297e+00
5.133854866027832031e+00 -inf 5.133854866027832031e+00 6.928701877593994141e+00 5.277577877044677734e+00 6.918894290924072266e+00
5.148119926452636719e+00 -inf 5.148119926452636719e+00 6.926520824432373047e+00 5.347084522247314453e+00 6.914929389953613281e+00
5.159309864044189453e+00 -inf 5.159309864044189453e+00 6.924311161041259766e+00 5.411922931671142578e+00 6.910754680633544922e+00
5.169513702392578125e+00 -inf 5.169513702392578125e+00 6.921754837036132812e+00 5.450653076171875000e+00 6.906823158264160156e+00
5.178728103637695312e+00 -inf 5.178728103637695312e+00 6.919661998748779297e+00 5.491961002349853516e+00 6.903130531311035156e+00
5.184242725372314453e+00 -inf 5.184242725372314453e+00 6.917742729187011719e+00 5.516936302185058594e+00 6.900133132934570312e+00
5.186836719512939453e+00 -inf 5.186836719512939453e+00 6.915984630584716797e+00 5.543630599975585938e+00 6.897156238555908203e+00
5.185792446136474609e+00 -inf 5.185792446136474609e+00 6.914180278778076172e+00 5.572692871093750000e+00 6.893932342529296875e+00
5.181836128234863281e+00 -inf 5.181836128234863281e+00 6.912700176239013672e+00 5.603824615478515625e+00 6.890832901000976562e+00
5.178165912628173828e+00 -inf 5.178165912628173828e+00 6.911318778991699219e+00 5.645277023315429688e+00 6.887120723724365234e+00
5.173573493957519531e+00 -inf 5.173573493957519531e+00 6.909637451171875000e+00 5.681395530700683594e+00 6.883170127868652344e+00
5.170404911041259766e+00 -inf 5.170404911041259766e+00 6.908483982086181641e+00 5.715427398681640625e+00 6.879707813262939453e+00
5.163519382476806641e+00 -inf 5.163519382476806641e+00 6.907099246978759766e+00 5.741125583648681641e+00 6.876404285430908203e+00
5.156284332275390625e+00 -inf 5.156284332275390625e+00 6.906336784362792969e+00 5.757724761962890625e+00 6.874342441558837891e+00
5.147229671478271484e+00 -inf 5.147229671478271484e+00 6.905756950378417969e+00 5.772374153137207031e+00 6.872576236724853516e+00
5.137235641479492188e+00 -inf 5.137235641479492188e+00 6.905420303344726562e+00 5.782929420471191406e+00 6.871362686157226562e+00
5.129179477691650391e+00 -inf 5.129179477691650391e+00 6.905152320861816406e+00 5.793700695037841797e+00 6.870182037353515625e+00
5.120557785034179688e+00 -inf 5.120557785034179688e+00 6.904141902923583984e+00 5.793464183807373047e+00 6.869106292724609375e+00
5.111181735992431641e+00 -inf 5.111181735992431641e+00 6.904257297515869141e+00 5.815562725067138672e+00 6.867323398590087891e+00
5.102048397064208984e+00 -inf 5.102048397064208984e+00 6.904528617858886719e+00 5.827405929565429688e+00 6.866552829742431641e+00
5.094421386718750000e+00 -inf 5.094421386718750000e+00 6.904953956604003906e+00 5.835359573364257812e+00 6.866282939910888672e+00
5.089237213134765625e+00 -inf 5.089237213134765625e+00 6.904672145843505859e+00 5.836049556732177734e+00 6.865910530090332031e+00
5.084891796112060547e+00 -inf 5.084891796112060547e+00 6.905269622802734375e+00 5.836216926574707031e+00 6.866548538208007812e+00
5.083479404449462891e+00 -inf 5.083479404449462891e+00 6.905945301055908203e+00 5.848021984100341797e+00 6.866171360015869141e+00
5.081749439239501953e+00 -inf 5.081749439239501953e+00 6.906700134277343750e+00 5.858934402465820312e+00 6.865939617156982422e+00
5.078908920288085938e+00 -inf 5.078908920288085938e+00 6.906646728515625000e+00 5.862818717956542969e+00 6.865496635437011719e+00
5.077214717864990234e+00 -inf 5.077214717864990234e+00 6.905459880828857422e+00 5.836362361907958984e+00 6.866743087768554688e+00
5.074280261993408203e+00 -inf 5.074280261993408203e+00 6.906490802764892578e+00 5.797411918640136719e+00 6.871320724487304688e+00
5.070254325866699219e+00 -inf 5.070254325866699219e+00 6.907620906829833984e+00 5.751235008239746094e+00 6.876215457916259766e+00
5.065277099609375000e+00 -inf 5.065277099609375000e+00 6.908844947814941406e+00 5.695919513702392578e+00 6.881396770477294922e+00
5.060015678405761719e+00 -inf 5.060015678405761719e+00 6.910127639770507812e+00 5.638917922973632812e+00 6.886223793029785156e+00
5.053627490997314453e+00 -inf 5.053627490997314453e+00 6.911506175994873047e+00 5.597032070159912109e+00 6.889925956726074219e+00
5.047343730926513672e+00 -inf 5.047343730926513672e+00 6.912960052490234375e+00 5.575105190277099609e+00 6.892537593841552734e+00
5.041349411010742188e+00 -inf 5.041349411010742188e+00 6.914482593536376953e+00 5.548486232757568359e+00 6.895370483398437500e+00
5.035981178283691406e+00 -inf 5.035981178283691406e+00 6.915953636169433594e+00 5.513709545135498047e+00 6.898403167724609375e+00
5.031956195831298828e+00 -inf 5.031956195831298828e+00 6.917373180389404297e+00 5.482325553894042969e+00 6.901123523712158203e+00
5.029973030090332031e+00 -inf 5.029973030090332031e+00 6.918720722198486328e+00 5.452226638793945312e+00 6.903626441955566406e+00
5.036392688751220703e+00 -inf 5.036392688751220703e+00 6.919970989227294922e+00 5.473859310150146484e+00 6.904137611389160156e+00
5.064610481262207031e+00 -inf 5.064610481262207031e+00 6.920325279235839844e+00 5.440244674682617188e+00 6.905703544616699219e+00
5.098342895507812500e+00 -inf 5.098342895507812500e+00 6.921149253845214844e+00 5.440437316894531250e+00 6.906549453735351562e+00
5.127125263214111328e+00 -inf 5.127125263214111328e+00 6.921943187713623047e+00 5.442860603332519531e+00 6.907287597656250000e+00
5.175661087036132812e+00 -inf 5.175661087036132812e+00 6.922047615051269531e+00 5.432272434234619141e+00 6.907753944396972656e+00
5.220806121826171875e+00 -inf 5.220806121826171875e+00 6.922313213348388672e+00 5.417201995849609375e+00 6.908523559570312500e+00
5.264892101287841797e+00 -inf 5.264892101287841797e+00 6.922612667083740234e+00 5.402426242828369141e+00 6.909300804138183594e+00
5.305654525756835938e+00 -inf 5.305654525756835938e+00 6.922906875610351562e+00 5.365896701812744141e+00 6.910692691802978516e+00
5.339741230010986328e+00 -inf 5.339741230010986328e+00 6.923297405242919922e+00 5.363763809204101562e+00 6.911154747009277344e+00
5.367106914520263672e+00 -inf 5.367106914520263672e+00 6.923772811889648438e+00 5.379258155822753906e+00 6.911196708679199219e+00
5.391344070434570312e+00 -inf 5.391344070434570312e+00 6.924230098724365234e+00 5.404850959777832031e+00 6.910892963409423828e+00
5.413402080535888672e+00 -inf 5.413402080535888672e+00 6.924638271331787109e+00 5.432303428649902344e+00 6.910429954528808594e+00
5.434018135070800781e+00 -inf 5.434018135070800781e+00 6.924916267395019531e+00 5.458168983459472656e+00 6.909830570220947266e+00
5.454199314117431641e+00 -inf 5.454199314117431641e+00 6.925055503845214844e+00 5.457149028778076172e+00 6.910010814666748047e+00
5.471936702728271484e+00 -inf 5.471936702728271484e+00 6.925180912017822266e+00 5.470961093902587891e+00 6.909646034240722656e+00
5.488361835479736328e+00 -inf 5.488361835479736328e+00 6.925358772277832031e+00 5.479171276092529297e+00 6.909528255462646484e+00
5.505747318267822266e+00 -inf 5.505747318267822266e+00 6.925545215606689453e+00 5.497344493865966797e+00 6.909032821655273438e+00
5.521530151367187500e+00 -inf 5.521530151367187500e+00 6.925681114196777344e+00 5.521832942962646484e+00 6.908196449279785156e+00
5.535705566406250000e+00 -inf 5.535705566406250000e+00 6.925766944885253906e+00 5.567349433898925781e+00 6.906310081481933594e+00
5.548299789428710938e+00 -inf 5.548299789428710938e+00 6.925905227661132812e+00 5.599648952484130859e+00 6.904917240142822266e+00
5.559848785400390625e+00 -inf 5.559848785400390625e+00 6.926015853881835938e+00 5.659576416015625000e+00 6.901840209960937500e+00
5.568913936614990234e+00 -inf 5.568913936614990234e+00 6.926081180572509766e+00 5.705403327941894531e+00 6.899134159088134766e+00
5.577474117279052734e+00 -inf 5.577474117279052734e+00 6.926029682159423828e+00 5.736702442169189453e+00 6.896996498107910156e+00
5.584941387176513672e+00 -inf 5.584941387176513672e+00 6.925366401672363281e+00 5.768830776214599609e+00 6.893971920013427734e+00
5.590730667114257812e+00 -inf 5.590730667114257812e+00 6.925300121307373047e+00 5.815332412719726562e+00 6.890205383300781250e+00
5.594854831695556641e+00 -inf 5.594854831695556641e+00 6.924664497375488281e+00 5.854749679565429688e+00 6.886023998260498047e+00
5.597705841064453125e+00 -inf 5.597705841064453125e+00 6.924168586730957031e+00 5.877133846282958984e+00 6.883336067199707031e+00
5.599808692932128906e+00 -inf 5.599808692932128906e+00 6.923401355743408203e+00 5.878021240234375000e+00 6.882405281066894531e+00
5.600956439971923828e+00 -inf 5.600956439971923828e+00 6.923181056976318359e+00 5.867427825927734375e+00 6.883198738098144531e+00
5.601134300231933594e+00 -inf 5.601134300231933594e+00 6.923026561737060547e+00 5.849516391754150391e+00 6.884718894958496094e+00
5.600636482238769531e+00 -inf 5.600636482238769531e+00 6.923306465148925781e+00 5.831474781036376953e+00 6.886650085449218750e+00
5.599458694458007812e+00 -inf 5.599458694458007812e+00 6.923568248748779297e+00 5.820934295654296875e+00 6.887850761413574219e+00
5.598215103149414062e+00 -inf 5.598215103149414062e+00 6.923823356628417969e+00 5.821728706359863281e+00 6.888059139251708984e+00
5.596850395202636719e+00 -inf 5.596850395202636719e+00 6.924065589904785156e+00 5.830970287322998047e+00 6.887520313262939453e+00
5.595354557037353516e+00 -inf 5.595354557037353516e+00 6.923923492431640625e+00 5.828902721405029297e+00 6.887546539306640625e+00
5.593815326690673828e+00 -inf 5.593815326690673828e+00 6.924222946166992188e+00 5.833561897277832031e+00 6.887463092803955078e+00
5.592131137847900391e+00 -inf 5.592131137847900391e+00 6.924715042114257812e+00 5.831434249877929688e+00 6.888185977935791016e+00
5.590282917022705078e+00 -inf 5.590282917022705078e+00 6.924808979034423828e+00 5.797079563140869141e+00 6.891176223754882812e+00
5.588062763214111328e+00 -inf 5.588062763214111328e+00 6.925611972808837891e+00 5.764688014984130859e+00 6.894545078277587891e+00
5.585246086120605469e+00 -inf 5.585246086120605469e+00 6.926649570465087891e+00 5.737023830413818359e+00 6.897637367248535156e+00
5.581957817077636719e+00 -inf 5.581957817077636719e+00 6.927731513977050781e+00 5.706859588623046875e+00 6.900796890258789062e+00
5.578651905059814453e+00 -inf 5.578651905059814453e+00 6.928605079650878906e+00 5.682140350341796875e+00 6.903257846832275391e+00
5.575206279754638672e+00 -inf 5.575206279754638672e+00 6.928816795349121094e+00 5.636582851409912109e+00 6.906072616577148438e+00
5.571826934814453125e+00 -inf 5.571826934814453125e+00 6.929224967956542969e+00 5.607626438140869141e+00 6.908004283905029297e+00
5.568099021911621094e+00 -inf 5.568099021911621094e+00 6.929688930511474609e+00 5.581986427307128906e+00 6.909735202789306641e+00
5.565547943115234375e+00 -inf 5.565547943115234375e+00 6.930088520050048828e+00 5.553414344787597656e+00 6.911450862884521484e+00
5.562077045440673828e+00 -inf 5.562077045440673828e+00 6.930603027343750000e+00 5.505356788635253906e+00 6.913975715637207031e+00
5.556777477264404297e+00 -inf 5.556777477264404297e+00 6.931045055389404297e+00 5.472388267517089844e+00 6.915670871734619141e+00
5.550112247467041016e+00 -inf 5.550112247467041016e+00 6.931797504425048828e+00 5.437753677368164062e+00 6.917645931243896484e+00
5.542800903320312500e+00 -inf 5.542800903320312500e+00 6.932624340057373047e+00 5.406338214874267578e+00 6.919500827789306641e+00
5.534937381744384766e+00 -inf 5.534937381744384766e+00 6.933585643768310547e+00 5.365922927856445312e+00 6.921671390533447266e+00
5.526932716369628906e+00 -inf 5.526932716369628906e+00 6.934719562530517578e+00 5.350687503814697266e+00 6.923251628875732422e+00
5.517577648162841797e+00 -inf 5.517577648162841797e+00 6.935771942138671875e+00 5.355445861816406250e+00 6.924204826354980469e+00
