5.572836875915527344e+00 -3.296476788818836212e-03 5.572836875915527344e+00 6.968218803405761719e+00 5.944290161132812500e+00 6.925040721893310547e+00
5.570536613464355469e+00 2.326723098754882812e+00 5.570288658142089844e+00 6.969304084777832031e+00 6.083539485931396484e+00 6.908780574798583984e+00
5.563180446624755859e+00 1.904110908508300781e+00 5.563086986541748047e+00 6.968785762786865234e+00 6.171711921691894531e+00 6.893290519714355469e+00
5.558645725250244141e+00 1.726422429084777832e+00 5.558582782745361328e+00 6.966656684875488281e+00 6.167766094207763672e+00 6.891506195068359375e+00
5.550324440002441406e+00 1.199892282485961914e+00 5.550305843353271484e+00 6.966168403625488281e+00 6.189466476440429688e+00 6.886696338653564453e+00
5.541734695434570312e+00 5.919997692108154297e-01 5.541729927062988281e+00 6.965819835662841797e+00 6.134208679199218750e+00 6.896584033966064453e+00
5.530704975128173828e+00 4.238663613796234131e-01 5.530701160430908203e+00 6.965622425079345703e+00 6.010328769683837891e+00 6.914601325988769531e+00
5.521348953247070312e+00 7.664739489555358887e-01 5.521340370178222656e+00 6.965750217437744141e+00 5.833055496215820312e+00 6.932514667510986328e+00
5.514055252075195312e+00 9.460983276367187500e-01 5.514045715332031250e+00 6.966819763183593750e+00 5.712230205535888672e+00 6.941955566406250000e+00
5.507943153381347656e+00 4.468724131584167480e-01 5.507939338684082031e+00 6.967441082000732422e+00 5.600249290466308594e+00 6.948381900787353516e+00
5.509885787963867188e+00 2.518978714942932129e-01 5.509884357452392578e+00 6.968540191650390625e+00 5.571779251098632812e+00 6.950762271881103516e+00
5.509396076202392578e+00 6.227424740791320801e-01 5.509389400482177734e+00 6.969871520996093750e+00 5.727200031280517578e+00 6.944294452667236328e+00
5.503119468688964844e+00 1.623977541923522949e+00 5.503061771392822266e+00 6.969887733459472656e+00 5.923419475555419922e+00 6.928998947143554688e+00
5.507849693298339844e+00 1.773012042045593262e+00 5.507771015167236328e+00 6.970650196075439453e+00 6.117683887481689453e+00 6.905001640319824219e+00
5.518498897552490234e+00 1.803892731666564941e+00 5.518415451049804688e+00 6.971311092376708984e+00 6.290218353271484375e+00 6.869814395904541016e+00
5.526400566101074219e+00 2.419599294662475586e+00 5.526060581207275391e+00 6.971727848052978516e+00 6.411239624023437500e+00 6.831999301910400391e+00
5.528594493865966797e+00 2.643933296203613281e+00 5.528027534484863281e+00 6.971689224243164062e+00 6.486127853393554688e+00 6.799756526947021484e+00
5.545120239257812500e+00 2.967642545700073242e+00 5.543970108032226562e+00 6.971942901611328125e+00 6.536224842071533203e+00 6.773568153381347656e+00
5.556730270385742188e+00 3.224476099014282227e+00 5.554704189300537109e+00 6.972480773925781250e+00 6.581944942474365234e+00 6.745625019073486328e+00
5.576764583587646484e+00 3.262331008911132812e+00 5.574653148651123047e+00 6.973057270050048828e+00 6.618544101715087891e+00 6.719639301300048828e+00
5.595553398132324219e+00 3.428404569625854492e+00 5.592586994171142578e+00 6.972732543945312500e+00 6.649808883666992188e+00 6.692544460296630859e+00
5.618345260620117188e+00 3.303697586059570312e+00 5.616236686706542969e+00 6.972005367279052734e+00 6.657009124755859375e+00 6.684506416320800781e+00
5.650127887725830078e+00 3.001396656036376953e+00 5.649151802062988281e+00 6.970685005187988281e+00 6.637775421142578125e+00 6.699354648590087891e+00
5.685424327850341797e+00 2.757884263992309570e+00 5.684910774230957031e+00 6.968458175659179688e+00 6.592603206634521484e+00 6.731235027313232422e+00
5.720040321350097656e+00 2.788273811340332031e+00 5.719532012939453125e+00 6.966331481933593750e+00 6.551980495452880859e+00 6.755088806152343750e+00
5.762896537780761719e+00 2.425528049468994141e+00 5.762697696685791016e+00 6.963520050048828125e+00 6.510412216186523438e+00 6.774904727935791016e+00
5.828921318054199219e+00 2.536172866821289062e+00 5.828701019287109375e+00 6.958422660827636719e+00 6.449177742004394531e+00 6.797544479370117188e+00
5.891798973083496094e+00 2.826596975326538086e+00 5.891425609588623047e+00 6.953214645385742188e+00 6.415255069732666016e+00 6.804620265960693359e+00
5.974925518035888672e+00 2.870432853698730469e+00 5.974583625793457031e+00 6.944821357727050781e+00 6.350075244903564453e+00 6.817418098449707031e+00
6.033038616180419922e+00 2.788333654403686523e+00 6.032790184020996094e+00 6.938278675079345703e+00 6.339122772216796875e+00 6.812366962432861328e+00
6.080152988433837891e+00 2.963688611984252930e+00 6.079820156097412109e+00 6.931821346282958984e+00 6.380180835723876953e+00 6.788685798645019531e+00
6.139083385467529297e+00 2.928411722183227539e+00 6.138814926147460938e+00 6.922746181488037109e+00 6.347085952758789062e+00 6.788638114929199219e+00
6.203829765319824219e+00 2.884194374084472656e+00 6.203621387481689453e+00 6.911301612854003906e+00 6.311590671539306641e+00 6.785576820373535156e+00
6.248783588409423828e+00 3.077207565307617188e+00 6.248491287231445312e+00 6.901985168457031250e+00 6.280351161956787109e+00 6.783380031585693359e+00
6.282431125640869141e+00 2.964708328247070312e+00 6.282221794128417969e+00 6.894024848937988281e+00 6.225964546203613281e+00 6.789031028747558594e+00
6.311793327331542969e+00 2.871433258056640625e+00 6.311635494232177734e+00 6.885572910308837891e+00 6.118107318878173828e+00 6.804222106933593750e+00
6.338064670562744141e+00 2.688879728317260742e+00 6.337966442108154297e+00 6.877318859100341797e+00 5.994507789611816406e+00 6.816350460052490234e+00
6.358613491058349609e+00 2.456301450729370117e+00 6.358560085296630859e+00 6.870113372802734375e+00 5.883882522583007812e+00 6.822798728942871094e+00
6.373162746429443359e+00 2.615777015686035156e+00 6.373087406158447266e+00 6.864565849304199219e+00 5.794256210327148438e+00 6.825962066650390625e+00
6.386583328247070312e+00 2.981717586517333984e+00 6.386410236358642578e+00 6.859556198120117188e+00 5.758838176727294922e+00 6.823673248291015625e+00
6.398693084716796875e+00 2.765643596649169922e+00 6.398592472076416016e+00 6.854095458984375000e+00 5.755064964294433594e+00 6.818066596984863281e+00
6.413079261779785156e+00 2.814731359481811523e+00 6.412970542907714844e+00 6.848278999328613281e+00 5.767547607421875000e+00 6.810631752014160156e+00
6.428631305694580078e+00 2.729579210281372070e+00 6.428544998168945312e+00 6.842490196228027344e+00 5.828714847564697266e+00 6.798235893249511719e+00
6.443391323089599609e+00 2.859302759170532227e+00 6.443278312683105469e+00 6.836596488952636719e+00 5.991557121276855469e+00 6.769639968872070312e+00
6.457015037536621094e+00 2.959825515747070312e+00 6.456877231597900391e+00 6.831281661987304688e+00 6.129045486450195312e+00 6.735184192657470703e+00
6.468468189239501953e+00 3.160384654998779297e+00 6.468255519866943359e+00 6.825617313385009766e+00 6.181707382202148438e+00 6.713778495788574219e+00
6.478312015533447266e+00 2.996068000793457031e+00 6.478169441223144531e+00 6.819846630096435547e+00 6.167691230773925781e+00 6.710400104522705078e+00
6.486831665039062500e+00 2.969051837921142578e+00 6.486700057983398438e+00 6.814596652984619141e+00 6.156413555145263672e+00 6.706862449645996094e+00
6.496066093444824219e+00 2.943589210510253906e+00 6.495944499969482422e+00 6.808799743652343750e+00 6.143630504608154297e+00 6.703011989593505859e+00
6.505567550659179688e+00 2.915834903717041016e+00 6.505455017089843750e+00 6.802062511444091797e+00 6.134287834167480469e+00 6.696990489959716797e+00
6.514176368713378906e+00 3.058267831802368164e+00 6.514025211334228516e+00 6.794279098510742188e+00 6.168208122253417969e+00 6.677057743072509766e+00
6.523171424865722656e+00 3.356259346008300781e+00 6.522875308990478516e+00 6.786541461944580078e+00 6.219240188598632812e+00 6.649369239807128906e+00
6.529753208160400391e+00 3.539277315139770508e+00 6.529310226440429688e+00 6.779425144195556641e+00 6.264391899108886719e+00 6.621117591857910156e+00
6.535378456115722656e+00 3.619774103164672852e+00 6.534851551055908203e+00 6.771155834197998047e+00 6.274645328521728516e+00 6.604444503784179688e+00
6.542207717895507812e+00 3.481632709503173828e+00 6.541830062866210938e+00 6.762760639190673828e+00 6.264287471771240234e+00 6.596963405609130859e+00
6.549036979675292969e+00 3.680725574493408203e+00 6.548447132110595703e+00 6.754436969757080078e+00 6.289776325225830078e+00 6.571979045867919922e+00
6.556063652038574219e+00 3.942431449890136719e+00 6.555005073547363281e+00 6.745021820068359375e+00 6.313051223754882812e+00 6.544464111328125000e+00
6.560880661010742188e+00 4.214062213897705078e+00 6.558921337127685547e+00 6.736366748809814453e+00 6.324009418487548828e+00 6.523869991302490234e+00
6.568234920501708984e+00 4.317711353302001953e+00 6.565789222717285156e+00 6.726790904998779297e+00 6.331591606140136719e+00 6.503103733062744141e+00
6.578585147857666016e+00 4.102317333221435547e+00 6.577132701873779297e+00 6.714905261993408203e+00 6.278575897216796875e+00 6.516884803771972656e+00
6.588643550872802734e+00 4.153571605682373047e+00 6.587046146392822266e+00 6.703828334808349609e+00 6.270207405090332031e+00 6.504235267639160156e+00
6.596012115478515625e+00 4.128930091857910156e+00 6.594528198242187500e+00 6.693381786346435547e+00 6.236545562744140625e+00 6.506781578063964844e+00
6.603703498840332031e+00 4.176373958587646484e+00 6.602077484130859375e+00 6.683105945587158203e+00 6.201957225799560547e+00 6.509013652801513672e+00
6.611849784851074219e+00 4.251522541046142578e+00 6.609951972961425781e+00 6.671674251556396484e+00 6.132095336914062500e+00 6.523737907409667969e+00
6.620449066162109375e+00 4.140145301818847656e+00 6.619010925292968750e+00 6.659466743469238281e+00 6.042572975158691406e+00 6.539362430572509766e+00
6.627699375152587891e+00 3.868842601776123047e+00 6.626941680908203125e+00 6.648437500000000000e+00 5.948025703430175781e+00 6.551887035369873047e+00
6.634919643402099609e+00 3.588772058486938477e+00 6.634527683258056641e+00 6.636380672454833984e+00 5.881614685058593750e+00 6.552367210388183594e+00
6.640272140502929688e+00 2.911824464797973633e+00 6.640191555023193359e+00 6.625977993011474609e+00 5.818466186523437500e+00 6.552437305450439453e+00
6.643380641937255859e+00 3.156627178192138672e+00 6.643238544464111328e+00 6.617002487182617188e+00 5.773561000823974609e+00 6.549778461456298828e+00
6.646832942962646484e+00 3.337815046310424805e+00 6.646619319915771484e+00 6.608358383178710938e+00 5.717988967895507812e+00 6.548518180847167969e+00
6.649088859558105469e+00 3.201968193054199219e+00 6.648931980133056641e+00 6.602020263671875000e+00 5.693791389465332031e+00 6.544758319854736328e+00
6.650365829467773438e+00 3.138949871063232422e+00 6.650232315063476562e+00 6.596357822418212891e+00 5.675586223602294922e+00 6.540833950042724609e+00
6.650162220001220703e+00 3.341647863388061523e+00 6.649949073791503906e+00 6.591907978057861328e+00 5.689752578735351562e+00 6.533782482147216797e+00
6.649826049804687500e+00 3.302674770355224609e+00 6.649629592895507812e+00 6.585327625274658203e+00 5.691732406616210938e+00 6.525962829589843750e+00
6.650066375732421875e+00 3.397873401641845703e+00 6.649824142456054688e+00 6.579418659210205078e+00 5.721694946289062500e+00 6.514540195465087891e+00
6.651778221130371094e+00 3.448207378387451172e+00 6.651507377624511719e+00 6.572262287139892578e+00 5.683519363403320312e+00 6.512181282043457031e+00
6.653809547424316406e+00 3.367313146591186523e+00 6.653585433959960938e+00 6.565320491790771484e+00 5.622197628021240234e+00 6.512757778167724609e+00
6.655438899993896484e+00 3.271131038665771484e+00 6.655260562896728516e+00 6.558617115020751953e+00 5.534406185150146484e+00 6.515468120574951172e+00
6.658440113067626953e+00 3.497186899185180664e+00 6.658139705657958984e+00 6.551438331604003906e+00 5.489214420318603516e+00 6.512074947357177734e+00
6.662428379058837891e+00 3.731375932693481445e+00 6.661920547485351562e+00 6.542759418487548828e+00 5.568533897399902344e+00 6.494041442871093750e+00
6.667031288146972656e+00 4.082169055938720703e+00 6.665901184082031250e+00 6.531854629516601562e+00 5.698340415954589844e+00 6.462946414947509766e+00
6.671728134155273438e+00 4.549907684326171875e+00 6.668435573577880859e+00 6.521255016326904297e+00 5.843666076660156250e+00 6.418830871582031250e+00
6.675885677337646484e+00 4.885663509368896484e+00 6.668787956237792969e+00 6.511309623718261719e+00 5.967021942138671875e+00 6.365269184112548828e+00
6.679163455963134766e+00 5.119411468505859375e+00 6.667026519775390625e+00 6.501120090484619141e+00 6.054852962493896484e+00 6.308738708496093750e+00
6.682303428649902344e+00 5.288204193115234375e+00 6.664414405822753906e+00 6.490313053131103516e+00 6.114107131958007812e+00 6.253346443176269531e+00
6.685459613800048828e+00 5.276703357696533203e+00 6.668176174163818359e+00 6.479666233062744141e+00 6.121345043182373047e+00 6.229243278503417969e+00
6.688709735870361328e+00 5.311849117279052734e+00 6.670079231262207031e+00 6.468104839324951172e+00 6.142092704772949219e+00 6.190697669982910156e+00
6.693598270416259766e+00 5.394840717315673828e+00 6.671201229095458984e+00 6.452071189880371094e+00 6.155676841735839844e+00 6.146355628967285156e+00
6.698470115661621094e+00 5.527193069458007812e+00 6.668161869049072266e+00 6.436475276947021484e+00 6.180003166198730469e+00 6.085788249969482422e+00
6.699376106262207031e+00 5.659884929656982422e+00 6.657792568206787109e+00 6.426653861999511719e+00 6.208405494689941406e+00 6.023258209228515625e+00
6.699459552764892578e+00 5.744479179382324219e+00 6.648399353027343750e+00 6.417934894561767578e+00 6.232853889465332031e+00 5.958254814147949219e+00
6.698350906372070312e+00 5.835053443908691406e+00 6.634365081787109375e+00 6.410356998443603516e+00 6.244782924652099609e+00 5.911404609680175781e+00
6.697131156921386719e+00 5.860336303710937500e+00 6.628784179687500000e+00 6.402144908905029297e+00 6.245517253875732422e+00 5.883267402648925781e+00
6.695078372955322266e+00 5.909077644348144531e+00 6.617449760437011719e+00 6.396826744079589844e+00 6.250267505645751953e+00 5.853835582733154297e+00
6.691445827484130859e+00 5.887977600097656250e+00 6.617153644561767578e+00 6.392764568328857422e+00 6.238520622253417969e+00 5.868346691131591797e+00
6.687103748321533203e+00 5.830160617828369141e+00 6.622100353240966797e+00 6.389946937561035156e+00 6.224983215332031250e+00 5.889674663543701172e+00
6.683047294616699219e+00 5.768219470977783203e+00 6.626706123352050781e+00 6.386570930480957031e+00 6.210533142089843750e+00 5.909344196319580078e+00
6.679641246795654297e+00 5.686625957489013672e+00 6.633100986480712891e+00 6.382439136505126953e+00 6.181505680084228516e+00 5.951107501983642578e+00
6.676328659057617188e+00 5.598926067352294922e+00 6.638378143310546875e+00 6.379601478576660156e+00 6.150310516357421875e+00 5.992591381072998047e+00
6.672851085662841797e+00 5.621547222137451172e+00 6.632437705993652344e+00 6.376061916351318359e+00 6.149213314056396484e+00 5.985516548156738281e+00
6.669636726379394531e+00 5.732172489166259766e+00 6.616341114044189453e+00 6.371724128723144531e+00 6.172857284545898438e+00 5.936857700347900391e+00
6.665980815887451172e+00 5.666713237762451172e+00 6.620141506195068359e+00 6.364421367645263672e+00 6.154022693634033203e+00 5.948720455169677734e+00
6.663877010345458984e+00 5.616996765136718750e+00 6.623029708862304688e+00 6.355088710784912109e+00 6.136317729949951172e+00 5.952492237091064453e+00
6.661812782287597656e+00 5.419046401977539062e+00 6.636240959167480469e+00 6.348243713378906250e+00 6.082332611083984375e+00 6.009002685546875000e+00
6.660069942474365234e+00 5.200787544250488281e+00 6.644717693328857422e+00 6.341061592102050781e+00 6.017033100128173828e+00 6.061873912811279297e+00
6.658855438232421875e+00 5.047358036041259766e+00 6.648099422454833984e+00 6.334662437438964844e+00 5.960905551910400391e+00 6.095908641815185547e+00
6.656291007995605469e+00 4.881381511688232422e+00 6.648937225341796875e+00 6.324304103851318359e+00 5.865775585174560547e+00 6.138610363006591797e+00
6.653826236724853516e+00 4.717544078826904297e+00 6.648767948150634766e+00 6.319330692291259766e+00 5.780793666839599609e+00 6.170970439910888672e+00
6.650921344757080078e+00 4.590376377105712891e+00 6.647128105163574219e+00 6.313366889953613281e+00 5.684122085571289062e+00 6.197123050689697266e+00
6.648538112640380859e+00 4.562360763549804688e+00 6.644961833953857422e+00 6.307182788848876953e+00 5.638178825378417969e+00 6.202447414398193359e+00
6.645879268646240234e+00 4.635679721832275391e+00 6.641617298126220703e+00 6.302657127380371094e+00 5.640635013580322266e+00 6.195997714996337891e+00
6.643091678619384766e+00 4.819096565246582031e+00 6.636528491973876953e+00 6.300553321838378906e+00 5.685966491699218750e+00 6.179710865020751953e+00
6.640543460845947266e+00 5.011845588684082031e+00 6.630209445953369141e+00 6.298249721527099609e+00 5.773853778839111328e+00 6.143996238708496094e+00
6.638736724853515625e+00 5.175916194915771484e+00 6.623511314392089844e+00 6.294742584228515625e+00 5.858710765838623047e+00 6.096551418304443359e+00
6.637419700622558594e+00 5.363947868347167969e+00 6.613644599914550781e+00 6.292779922485351562e+00 5.903611660003662109e+00 6.064983367919921875e+00
6.635928153991699219e+00 5.517223834991455078e+00 6.601561546325683594e+00 6.287744522094726562e+00 5.937514305114746094e+00 6.030903816223144531e+00
6.635024547576904297e+00 5.635579109191894531e+00 6.589204788208007812e+00 6.283165454864501953e+00 5.957235813140869141e+00 6.005683422088623047e+00
6.633676528930664062e+00 5.709503650665283203e+00 6.578614711761474609e+00 6.278715133666992188e+00 5.969704151153564453e+00 5.985521793365478516e+00
6.633129119873046875e+00 5.777168273925781250e+00 6.567965984344482422e+00 6.275382041931152344e+00 5.976430892944335938e+00 5.972262859344482422e+00
6.631763935089111328e+00 5.831990242004394531e+00 6.556780815124511719e+00 6.271710395812988281e+00 5.973705768585205078e+00 5.967634201049804688e+00
6.630160808563232422e+00 5.862336158752441406e+00 6.548884391784667969e+00 6.267493724822998047e+00 5.960422039031982422e+00 5.972422599792480469e+00
6.629203796386718750e+00 5.879624366760253906e+00 6.544075489044189453e+00 6.263428688049316406e+00 5.954444408416748047e+00 5.970209598541259766e+00
6.628376483917236328e+00 5.895795822143554688e+00 6.539476871490478516e+00 6.259824752807617188e+00 5.950669288635253906e+00 5.966771125793457031e+00
6.627640247344970703e+00 5.913394451141357422e+00 6.534466266632080078e+00 6.256481647491455078e+00 5.936284542083740234e+00 5.973808765411376953e+00
6.627267360687255859e+00 5.926209926605224609e+00 6.530877113342285156e+00 6.252878189086914062e+00 5.927939891815185547e+00 5.974508285522460938e+00
6.626886844635009766e+00 5.936463832855224609e+00 6.527813434600830078e+00 6.248364925384521484e+00 5.919974803924560547e+00 5.973072052001953125e+00
6.626486778259277344e+00 5.941865444183349609e+00 6.525914669036865234e+00 6.243472576141357422e+00 5.912467479705810547e+00 5.970482826232910156e+00
6.626847743988037109e+00 5.947686672210693359e+00 6.524841785430908203e+00 6.237495422363281250e+00 5.905181884765625000e+00 5.965647697448730469e+00
6.627677440643310547e+00 5.958117485046386719e+00 6.523091793060302734e+00 6.229851722717285156e+00 5.893192768096923828e+00 5.961747646331787109e+00
6.629648208618164062e+00 5.968350887298583984e+00 6.522785663604736328e+00 6.221474170684814453e+00 5.885089874267578125e+00 5.953134059906005859e+00
6.631907939910888672e+00 5.834405422210693359e+00 6.556496143341064453e+00 6.211000442504882812e+00 5.844461917877197266e+00 5.966879844665527344e+00
6.635657787322998047e+00 5.672168254852294922e+00 6.585647583007812500e+00 6.198543071746826172e+00 5.821763038635253906e+00 5.961992740631103516e+00
6.639842510223388672e+00 5.553708076477050781e+00 6.602681159973144531e+00 6.184824466705322266e+00 5.802421092987060547e+00 5.952300548553466797e+00
6.644372463226318359e+00 5.507412910461425781e+00 6.611474514007568359e+00 6.170568943023681641e+00 5.797851085662841797e+00 5.931052207946777344e+00
6.648396492004394531e+00 5.553398132324218750e+00 6.612016677856445312e+00 6.157048702239990234e+00 5.784920692443847656e+00 5.917098522186279297e+00
6.651719570159912109e+00 5.595647811889648438e+00 6.611767768859863281e+00 6.145833969116210938e+00 5.784536838531494141e+00 5.897714614868164062e+00
6.654476165771484375e+00 5.585538387298583984e+00 6.615744590759277344e+00 6.133500576019287109e+00 5.773858547210693359e+00 5.884103298187255859e+00
6.657959938049316406e+00 5.577957630157470703e+00 6.620245456695556641e+00 6.119872570037841797e+00 5.763169765472412109e+00 5.868183135986328125e+00
6.661606311798095703e+00 5.640731334686279297e+00 6.618107795715332031e+00 6.104409694671630859e+00 5.745409011840820312e+00 5.854515552520751953e+00
6.664600849151611328e+00 5.682611465454101562e+00 6.616795539855957031e+00 6.090498924255371094e+00 5.739959239959716797e+00 5.833907127380371094e+00
6.667753696441650391e+00 5.670915603637695312e+00 6.621642589569091797e+00 6.074100017547607422e+00 5.720460414886474609e+00 5.819990634918212891e+00
6.669639110565185547e+00 5.567474842071533203e+00 6.633881568908691406e+00 6.061313629150390625e+00 5.697246551513671875e+00 5.815320491790771484e+00
6.670916557312011719e+00 5.656683444976806641e+00 6.626711368560791016e+00 6.049977779388427734e+00 5.693997383117675781e+00 5.797720432281494141e+00
6.672426223754882812e+00 5.785737991333007812e+00 6.612040996551513672e+00 6.038251399993896484e+00 5.708936691284179688e+00 5.763776779174804688e+00
6.673495292663574219e+00 5.874824047088623047e+00 6.598304271697998047e+00 6.028858661651611328e+00 5.703443527221679688e+00 5.750916957855224609e+00
6.674520492553710938e+00 5.943745136260986328e+00 6.585210323333740234e+00 6.019042491912841797e+00 5.700577259063720703e+00 5.734776496887207031e+00
6.675045490264892578e+00 5.987968921661376953e+00 6.575110912322998047e+00 6.011688232421875000e+00 5.690905570983886719e+00 5.729551792144775391e+00
6.674420833587646484e+00 6.057863235473632812e+00 6.554209709167480469e+00 6.005346775054931641e+00 5.690901279449462891e+00 5.717330932617187500e+00
6.674614429473876953e+00 6.091482639312744141e+00 6.543179512023925781e+00 5.993107795715332031e+00 5.676610946655273438e+00 5.707013130187988281e+00
6.674032688140869141e+00 6.112961769104003906e+00 6.534523487091064453e+00 5.983082771301269531e+00 5.655168056488037109e+00 5.707369804382324219e+00
6.672835350036621094e+00 6.136316776275634766e+00 6.523649692535400391e+00 5.972954273223876953e+00 5.635300636291503906e+00 5.705697536468505859e+00
6.671048641204833984e+00 6.156855106353759766e+00 6.512370586395263672e+00 5.965609073638916016e+00 5.621749401092529297e+00 5.703560829162597656e+00
6.668148994445800781e+00 6.166788578033447266e+00 6.503687381744384766e+00 5.956810951232910156e+00 5.606637477874755859e+00 5.699926853179931641e+00
6.664291858673095703e+00 6.181652545928955078e+00 6.490933895111083984e+00 5.944451808929443359e+00 5.581711769104003906e+00 5.697444915771484375e+00
6.660223960876464844e+00 6.198112964630126953e+00 6.476428031921386719e+00 5.935535907745361328e+00 5.557275295257568359e+00 5.700053691864013672e+00
6.655534267425537109e+00 6.213181972503662109e+00 6.460955619812011719e+00 5.928702831268310547e+00 5.531963825225830078e+00 5.706050872802734375e+00
6.650930404663085938e+00 6.228442668914794922e+00 6.444708347320556641e+00 5.921430587768554688e+00 5.497357368469238281e+00 5.716169834136962891e+00
6.647342681884765625e+00 6.234253406524658203e+00 6.435307502746582031e+00 5.911021709442138672e+00 5.460779190063476562e+00 5.720841884613037109e+00
6.644227981567382812e+00 6.241291046142578125e+00 6.425679206848144531e+00 5.898180961608886719e+00 5.434467315673828125e+00 5.715226173400878906e+00
6.641543388366699219e+00 6.241320610046386719e+00 6.421209335327148438e+00 5.885221004486083984e+00 5.415618896484375000e+00 5.705320835113525391e+00
6.639046192169189453e+00 6.237878322601318359e+00 6.419335842132568359e+00 5.871557712554931641e+00 5.391701221466064453e+00 5.696827411651611328e+00
6.635093212127685547e+00 6.228723049163818359e+00 6.418774604797363281e+00 5.860402584075927734e+00 5.360807418823242188e+00 5.695126056671142578e+00
6.632082462310791016e+00 6.223249435424804688e+00 6.417346954345703125e+00 5.846403121948242188e+00 5.328810214996337891e+00 5.689215183258056641e+00
6.628659248352050781e+00 6.218480587005615234e+00 6.414782524108886719e+00 5.833338737487792969e+00 5.295807361602783203e+00 5.684568405151367188e+00
6.626020431518554688e+00 6.218148708343505859e+00 6.410669326782226562e+00 5.817718505859375000e+00 5.250082969665527344e+00 5.680670261383056641e+00
6.622439861297607422e+00 6.213400840759277344e+00 6.407838344573974609e+00 5.805251121520996094e+00 5.211381435394287109e+00 5.677547931671142578e+00
6.620048999786376953e+00 6.208965301513671875e+00 6.406746864318847656e+00 5.786167144775390625e+00 5.187259197235107422e+00 5.660171985626220703e+00
6.618421077728271484e+00 6.209346771240234375e+00 6.403840065002441406e+00 5.762626171112060547e+00 5.163968563079833984e+00 5.636548042297363281e+00
6.617982864379882812e+00 6.206897258758544922e+00 6.404681682586669922e+00 5.730876922607421875e+00 5.140698432922363281e+00 5.601904392242431641e+00
6.617191314697265625e+00 6.205893039703369141e+00 6.404025077819824219e+00 5.696176528930664062e+00 5.083765983581542969e+00 5.574634552001953125e+00
6.616197586059570312e+00 6.212929248809814453e+00 6.397865772247314453e+00 5.657199859619140625e+00 5.024640083312988281e+00 5.541969299316406250e+00
6.613193988800048828e+00 6.218891620635986328e+00 6.388903617858886719e+00 5.627276420593261719e+00 4.956645488739013672e+00 5.522983551025390625e+00
6.610329151153564453e+00 6.229516506195068359e+00 6.376674175262451172e+00 5.586249351501464844e+00 4.912573337554931641e+00 5.482779026031494141e+00
6.609062194824218750e+00 6.232641696929931641e+00 6.372251033782958984e+00 5.528220176696777344e+00 4.868752956390380859e+00 5.420846462249755859e+00
6.606906890869140625e+00 6.238579750061035156e+00 6.364131450653076172e+00 5.469165802001953125e+00 4.820371150970458984e+00 5.358750820159912109e+00
6.604366779327392578e+00 6.243632316589355469e+00 6.355816364288330078e+00 5.407038688659667969e+00 4.767895698547363281e+00 5.293788909912109375e+00
6.599078178405761719e+00 6.246001243591308594e+00 6.344521045684814453e+00 5.353852272033691406e+00 4.711876869201660156e+00 5.241443157196044922e+00
6.592101573944091797e+00 6.244746208190917969e+00 6.332928657531738281e+00 5.303597450256347656e+00 4.664476394653320312e+00 5.190341472625732422e+00
6.582844734191894531e+00 6.244283676147460938e+00 6.316358089447021484e+00 5.254709720611572266e+00 4.651876449584960938e+00 5.130029201507568359e+00
6.572646141052246094e+00 6.239484310150146484e+00 6.301533699035644531e+00 5.209560394287109375e+00 4.633227348327636719e+00 5.075696468353271484e+00
6.563952445983886719e+00 6.232647895812988281e+00 6.291222572326660156e+00 5.133884906768798828e+00 4.561869621276855469e+00 4.998451232910156250e+00
6.553524971008300781e+00 6.223366260528564453e+00 6.279791831970214844e+00 5.086219787597656250e+00 4.511443138122558594e+00 4.951791763305664062e+00
6.542443275451660156e+00 6.210544109344482422e+00 6.270233154296875000e+00 5.017957210540771484e+00 4.494241714477539062e+00 4.863412857055664062e+00
6.531243801116943359e+00 6.203728675842285156e+00 6.255176067352294922e+00 4.925064563751220703e+00 4.423000812530517578e+00 4.760927200317382812e+00
6.520128250122070312e+00 6.185707569122314453e+00 6.250104427337646484e+00 4.867794513702392578e+00 4.319774150848388672e+00 4.723237514495849609e+00
6.508891105651855469e+00 6.168626308441162109e+00 6.243843555450439453e+00 4.825202465057373047e+00 4.223853111267089844e+00 4.700026512145996094e+00
6.499584674835205078e+00 6.156227588653564453e+00 6.237119674682617188e+00 4.754418849945068359e+00 4.084596633911132812e+00 4.649905681610107422e+00
6.491243362426757812e+00 6.143716812133789062e+00 6.232209682464599609e+00 4.658788204193115234e+00 3.982559919357299805e+00 4.556001663208007812e+00
6.480451583862304688e+00 6.134859085083007812e+00 6.219834804534912109e+00 4.525589466094970703e+00 3.810230255126953125e+00 4.432682037353515625e+00
6.465254306793212891e+00 6.127005577087402344e+00 6.198503494262695312e+00 4.377534866333007812e+00 3.518863677978515625e+00 4.312809467315673828e+00
6.444360256195068359e+00 6.114260673522949219e+00 6.170575618743896484e+00 4.186211585998535156e+00 3.161104679107666016e+00 4.143156528472900391e+00
6.419466495513916016e+00 6.076900959014892578e+00 6.156343936920166016e+00 4.058883190155029297e+00 3.270174026489257812e+00 3.981783151626586914e+00
6.397199630737304688e+00 6.053072929382324219e+00 6.135372638702392578e+00 3.952136278152465820e+00 3.422065496444702148e+00 3.800280570983886719e+00
6.378403186798095703e+00 6.036842823028564453e+00 6.114441871643066406e+00 3.874042034149169922e+00 3.393046379089355469e+00 3.699875116348266602e+00
6.358169555664062500e+00 6.017305850982666016e+00 6.093625068664550781e+00 3.529408216476440430e+00 2.949163436889648438e+00 3.396947383880615234e+00
6.340006828308105469e+00 6.012329578399658203e+00 6.064082622528076172e+00 3.522086143493652344e+00 3.034726142883300781e+00 3.351025104522705078e+00
6.322446346282958984e+00 6.015974521636962891e+00 6.026790618896484375e+00 3.464632749557495117e+00 2.755598783493041992e+00 3.370202541351318359e+00
6.308947086334228516e+00 6.018996238708496094e+00 5.996547698974609375e+00 1.814700961112976074e+00 -inf 1.814700961112976074e+00
6.296473503112792969e+00 6.022963523864746094e+00 5.966060638427734375e+00 -inf -inf -inf
6.283365726470947266e+00 6.023705005645751953e+00 5.936605930328369141e+00 -inf -inf -inf
6.269350051879882812e+00 6.016113758087158203e+00 5.914608001708984375e+00 -inf -inf -inf
6.257916927337646484e+00 6.011224746704101562e+00 5.894765377044677734e+00 -inf -inf -inf
6.246624946594238281e+00 6.017891407012939453e+00 5.858809947967529297e+00 -inf -inf -inf
6.234137535095214844e+00 6.017821311950683594e+00 5.827763557434082031e+00 -inf -inf -inf
6.224477291107177734e+00 6.020129680633544922e+00 5.798887252807617188e+00 -inf -inf -inf
6.215515136718750000e+00 6.021128654479980469e+00 5.772822380065917969e+00 -inf -inf -inf
6.207845211029052734e+00 6.018311500549316406e+00 5.756422519683837891e+00 -inf -inf -inf
6.200614929199218750e+00 6.010260105133056641e+00 5.750689029693603516e+00 -inf -inf -inf
6.195271492004394531e+00 6.002385139465332031e+00 5.749909877777099609e+00 -inf -inf -inf
6.188966274261474609e+00 5.989233016967773438e+00 5.755586624145507812e+00 -inf -inf -inf
6.182456970214843750e+00 5.968046665191650391e+00 5.773116111755371094e+00 -inf -inf -inf
6.174833774566650391e+00 5.945493221282958984e+00 5.787893772125244141e+00 -inf -inf -inf
6.169213771820068359e+00 5.914261817932128906e+00 5.816630363464355469e+00 -inf -inf -inf
6.162871837615966797e+00 5.888764381408691406e+00 5.833139419555664062e+00 -inf -inf -inf
6.156540870666503906e+00 5.896899700164794922e+00 5.809757709503173828e+00 -inf -inf -inf
6.151203632354736328e+00 5.902074813842773438e+00 5.791216850280761719e+00 -inf -inf -inf
6.145590782165527344e+00 5.909804821014404297e+00 5.767752647399902344e+00 -inf -inf -inf
6.137867927551269531e+00 5.915010452270507812e+00 5.741435527801513672e+00 -inf -inf -inf
6.131604194641113281e+00 5.926995754241943359e+00 5.706448078155517578e+00 -inf -inf -inf
6.125798225402832031e+00 5.928708076477050781e+00 5.687853336334228516e+00 -inf -inf -inf
6.118243694305419922e+00 5.926730155944824219e+00 5.670414924621582031e+00 -inf -inf -inf
6.110340595245361328e+00 5.922166347503662109e+00 5.656420707702636719e+00 -inf -inf -inf
6.104495525360107422e+00 5.913599967956542969e+00 5.655550479888916016e+00 -inf -inf -inf
