5.935238361358642578e+00 -inf 5.935238361358642578e+00 6.923308849334716797e+00 5.240874767303466797e+00 6.914191246032714844e+00
5.947510242462158203e+00 -inf 5.947510242462158203e+00 6.921140670776367188e+00 5.267263889312744141e+00 6.911396026611328125e+00
5.966395378112792969e+00 -inf 5.966395378112792969e+00 6.917996883392333984e+00 5.290757179260253906e+00 6.907628536224365234e+00
5.986052513122558594e+00 -inf 5.986052513122558594e+00 6.913148880004882812e+00 5.242205142974853516e+00 6.903783798217773438e+00
6.008947372436523438e+00 -inf 6.008947372436523438e+00 6.908496856689453125e+00 5.268553256988525391e+00 6.898430824279785156e+00
6.034214496612548828e+00 -inf 6.034214496612548828e+00 6.902097225189208984e+00 5.208679199218750000e+00 6.893209457397460938e+00
6.055644035339355469e+00 -inf 6.055644035339355469e+00 6.897039413452148438e+00 5.194804668426513672e+00 6.888331890106201172e+00
6.075119972229003906e+00 -inf 6.075119972229003906e+00 6.892576217651367188e+00 5.196843147277832031e+00 6.883736133575439453e+00
6.094895839691162109e+00 -inf 6.094895839691162109e+00 6.887498378753662109e+00 5.167408466339111328e+00 6.879145145416259766e+00
6.112771987915039062e+00 -inf 6.112771987915039062e+00 6.883571147918701172e+00 5.188805580139160156e+00 6.874711036682128906e+00
6.131763458251953125e+00 -inf 6.131763458251953125e+00 6.880096435546875000e+00 5.129423141479492188e+00 6.872315883636474609e+00
6.149343967437744141e+00 -inf 6.149343967437744141e+00 6.878140926361083984e+00 5.084222316741943359e+00 6.871103763580322266e+00
6.164024353027343750e+00 -inf 6.164024353027343750e+00 6.877624988555908203e+00 5.042912960052490234e+00 6.871223449707031250e+00
6.176450252532958984e+00 -inf 6.176450252532958984e+00 6.877500534057617188e+00 5.082756996154785156e+00 6.870477199554443359e+00
6.189247131347656250e+00 -inf 6.189247131347656250e+00 6.879658222198486328e+00 5.173251152038574219e+00 6.871034622192382812e+00
6.204444885253906250e+00 -inf 6.204444885253906250e+00 6.882611751556396484e+00 5.238420486450195312e+00 6.872644901275634766e+00
6.218555450439453125e+00 -inf 6.218555450439453125e+00 6.889837265014648438e+00 5.318392753601074219e+00 6.878027439117431641e+00
6.228876590728759766e+00 -inf 6.228876590728759766e+00 6.900101661682128906e+00 5.423212051391601562e+00 6.885370254516601562e+00
6.237359046936035156e+00 -inf 6.237359046936035156e+00 6.905910968780517578e+00 5.487199783325195312e+00 6.889026641845703125e+00
6.244872570037841797e+00 -inf 6.244872570037841797e+00 6.907074928283691406e+00 5.525491237640380859e+00 6.888650894165039062e+00
6.250611305236816406e+00 -inf 6.250611305236816406e+00 6.907848358154296875e+00 5.556242465972900391e+00 6.888077735900878906e+00
6.254553794860839844e+00 -inf 6.254553794860839844e+00 6.908913612365722656e+00 5.603664875030517578e+00 6.886858463287353516e+00
6.256820678710937500e+00 -inf 6.256820678710937500e+00 6.909150600433349609e+00 5.644939422607421875e+00 6.884846687316894531e+00
6.258149147033691406e+00 -inf 6.258149147033691406e+00 6.909520626068115234e+00 5.682675838470458984e+00 6.882965087890625000e+00
6.258628845214843750e+00 -inf 6.258628845214843750e+00 6.909747123718261719e+00 5.759737014770507812e+00 6.877859592437744141e+00
6.257412910461425781e+00 -inf 6.257412910461425781e+00 6.909327030181884766e+00 5.798957824707031250e+00 6.874265670776367188e+00
6.256071090698242188e+00 -inf 6.256071090698242188e+00 6.909541130065917969e+00 5.833720684051513672e+00 6.871445178985595703e+00
6.255477905273437500e+00 -inf 6.255477905273437500e+00 6.908758163452148438e+00 5.855577945709228516e+00 6.868526935577392578e+00
6.255509376525878906e+00 -inf 6.255509376525878906e+00 6.907212257385253906e+00 5.866210460662841797e+00 6.865780353546142578e+00
6.257922172546386719e+00 -inf 6.257922172546386719e+00 6.905987739562988281e+00 5.867544174194335938e+00 6.864299297332763672e+00
6.262446403503417969e+00 -inf 6.262446403503417969e+00 6.904980659484863281e+00 5.840057849884033203e+00 6.865872859954833984e+00
6.264492988586425781e+00 -inf 6.264492988586425781e+00 6.904708862304687500e+00 5.809058189392089844e+00 6.868386745452880859e+00
6.269066333770751953e+00 -inf 6.269066333770751953e+00 6.902775764465332031e+00 5.739675998687744141e+00 6.871869564056396484e+00
6.276488780975341797e+00 -inf 6.276488780975341797e+00 6.900263309478759766e+00 5.670595645904541016e+00 6.873885631561279297e+00
6.283954143524169922e+00 -inf 6.283954143524169922e+00 6.898641109466552734e+00 5.637274742126464844e+00 6.874173164367675781e+00
6.295900344848632812e+00 -inf 6.295900344848632812e+00 6.895820140838623047e+00 5.621271133422851562e+00 6.872104167938232422e+00
6.304726123809814453e+00 -inf 6.304726123809814453e+00 6.892870903015136719e+00 5.593920707702636719e+00 6.870484828948974609e+00
6.319119453430175781e+00 -inf 6.319119453430175781e+00 6.889197826385498047e+00 5.591160774230957031e+00 6.866763591766357422e+00
6.333188533782958984e+00 -inf 6.333188533782958984e+00 6.885432243347167969e+00 5.601076602935791016e+00 6.862260341644287109e+00
6.345194339752197266e+00 -inf 6.345194339752197266e+00 6.880328178405761719e+00 5.569932460784912109e+00 6.858539104461669922e+00
6.358391284942626953e+00 -inf 6.358391284942626953e+00 6.876495838165283203e+00 5.568314075469970703e+00 6.854592323303222656e+00
6.370500564575195312e+00 -inf 6.370500564575195312e+00 6.872866153717041016e+00 5.584072113037109375e+00 6.849936008453369141e+00
6.384007930755615234e+00 -inf 6.384007930755615234e+00 6.868646144866943359e+00 5.617125988006591797e+00 6.843600273132324219e+00
6.392836093902587891e+00 -inf 6.392836093902587891e+00 6.864197254180908203e+00 5.613836288452148438e+00 6.839083194732666016e+00
6.398996353149414062e+00 -inf 6.398996353149414062e+00 6.862222671508789062e+00 5.615117549896240234e+00 6.836913585662841797e+00
6.406113147735595703e+00 -inf 6.406113147735595703e+00 6.859275817871093750e+00 5.563961505889892578e+00 6.836696624755859375e+00
6.414048194885253906e+00 -inf 6.414048194885253906e+00 6.856589794158935547e+00 5.524185180664062500e+00 6.835903644561767578e+00
6.422870159149169922e+00 -inf 6.422870159149169922e+00 6.853508949279785156e+00 5.478745460510253906e+00 6.834786891937255859e+00
6.431189537048339844e+00 -inf 6.431189537048339844e+00 6.850514888763427734e+00 5.444424629211425781e+00 6.833122253417968750e+00
6.441385269165039062e+00 -inf 6.441385269165039062e+00 6.846645355224609375e+00 5.440720558166503906e+00 6.829246044158935547e+00
6.453723907470703125e+00 -inf 6.453723907470703125e+00 6.841733932495117188e+00 5.450063705444335938e+00 6.823741912841796875e+00
6.466264724731445312e+00 -inf 6.466264724731445312e+00 6.836514472961425781e+00 5.462149143218994141e+00 6.817775249481201172e+00
6.479919433593750000e+00 -inf 6.479919433593750000e+00 6.829976558685302734e+00 5.489198684692382812e+00 6.809694766998291016e+00
6.496234416961669922e+00 -inf 6.496234416961669922e+00 6.822374343872070312e+00 5.527939319610595703e+00 6.799747943878173828e+00
6.512681961059570312e+00 -inf 6.512681961059570312e+00 6.814494132995605469e+00 5.566946506500244141e+00 6.789211750030517578e+00
6.527606964111328125e+00 -inf 6.527606964111328125e+00 6.805881500244140625e+00 5.590092658996582031e+00 6.778619766235351562e+00
6.541234493255615234e+00 -inf 6.541234493255615234e+00 6.797792434692382812e+00 5.599399089813232422e+00 6.769379138946533203e+00
6.553198814392089844e+00 -inf 6.553198814392089844e+00 6.788939476013183594e+00 5.580702304840087891e+00 6.761183738708496094e+00
6.562920570373535156e+00 -inf 6.562920570373535156e+00 6.782950401306152344e+00 5.572267055511474609e+00 6.755355834960937500e+00
6.572615146636962891e+00 -inf 6.572615146636962891e+00 6.777134418487548828e+00 5.551135063171386719e+00 6.750525951385498047e+00
6.581647872924804688e+00 -inf 6.581647872924804688e+00 6.771538734436035156e+00 5.545221805572509766e+00 6.744950294494628906e+00
6.590677738189697266e+00 -inf 6.590677738189697266e+00 6.765793323516845703e+00 5.522098541259765625e+00 6.740279197692871094e+00
6.599455833435058594e+00 -inf 6.599455833435058594e+00 6.759985923767089844e+00 5.507853031158447266e+00 6.734976768493652344e+00
6.607871055603027344e+00 -inf 6.607871055603027344e+00 6.752334117889404297e+00 5.447868347167968750e+00 6.730237483978271484e+00
6.616396903991699219e+00 -inf 6.616396903991699219e+00 6.746244907379150391e+00 5.438166141510009766e+00 6.724336147308349609e+00
6.624317169189453125e+00 -inf 6.624317169189453125e+00 6.740451812744140625e+00 5.419348716735839844e+00 6.719206333160400391e+00
6.632603168487548828e+00 -inf 6.632603168487548828e+00 6.734150409698486328e+00 5.377709865570068359e+00 6.714603424072265625e+00
6.640030384063720703e+00 -inf 6.640030384063720703e+00 6.728339195251464844e+00 5.361477851867675781e+00 6.709266185760498047e+00
6.647161006927490234e+00 -inf 6.647161006927490234e+00 6.721559524536132812e+00 5.317516803741455078e+00 6.704083442687988281e+00
6.654757976531982422e+00 -inf 6.654757976531982422e+00 6.715207099914550781e+00 5.335321903228759766e+00 6.696709632873535156e+00
6.662421703338623047e+00 -inf 6.662421703338623047e+00 6.707655429840087891e+00 5.325873374938964844e+00 6.689240455627441406e+00
6.669295310974121094e+00 -inf 6.669295310974121094e+00 6.701357364654541016e+00 5.340542316436767578e+00 6.682011127471923828e+00
6.673807621002197266e+00 -inf 6.673807621002197266e+00 6.695951461791992188e+00 5.343183040618896484e+00 6.676235198974609375e+00
6.677432537078857422e+00 -inf 6.677432537078857422e+00 6.692300796508789062e+00 5.365771293640136719e+00 6.671326160430908203e+00
6.680706977844238281e+00 -inf 6.680706977844238281e+00 6.689153671264648438e+00 5.340161800384521484e+00 6.669260501861572266e+00
6.683712959289550781e+00 2.592115879058837891e+00 6.683678627014160156e+00 6.686413764953613281e+00 5.309058189392089844e+00 6.667806148529052734e+00
6.686738967895507812e+00 -inf 6.686738967895507812e+00 6.683599948883056641e+00 5.258528232574462891e+00 6.666965484619140625e+00
6.689691066741943359e+00 -inf 6.689691066741943359e+00 6.680819034576416016e+00 5.207230567932128906e+00 6.665973186492919922e+00
6.692966938018798828e+00 -inf 6.692966938018798828e+00 6.677673816680908203e+00 5.137006759643554688e+00 6.664984226226806641e+00
6.696428298950195312e+00 -inf 6.696428298950195312e+00 6.673039913177490234e+00 5.080979347229003906e+00 6.661785125732421875e+00
6.699484825134277344e+00 -inf 6.699484825134277344e+00 6.670007228851318359e+00 5.068755149841308594e+00 6.658990859985351562e+00
6.701768398284912109e+00 -inf 6.701768398284912109e+00 6.667758464813232422e+00 5.067551612854003906e+00 6.656715393066406250e+00
6.702989578247070312e+00 -inf 6.702989578247070312e+00 6.666635990142822266e+00 5.082977771759033203e+00 6.655158519744873047e+00
6.703093051910400391e+00 -inf 6.703093051910400391e+00 6.666759490966796875e+00 5.054881572723388672e+00 6.656012535095214844e+00
6.702347278594970703e+00 -inf 6.702347278594970703e+00 6.667808055877685547e+00 5.042996883392333984e+00 6.657380580902099609e+00
6.701360702514648438e+00 -inf 6.701360702514648438e+00 6.669087409973144531e+00 5.072785377502441406e+00 6.657943248748779297e+00
6.700346469879150391e+00 -inf 6.700346469879150391e+00 6.670418739318847656e+00 5.068470954895019531e+00 6.659420967102050781e+00
6.698740005493164062e+00 -inf 6.698740005493164062e+00 6.672356605529785156e+00 5.069182872772216797e+00 6.661389827728271484e+00
6.696238040924072266e+00 3.093482732772827148e+00 6.696129798889160156e+00 6.675256252288818359e+00 5.086611747741699219e+00 6.663911342620849609e+00
6.693147182464599609e+00 2.883554458618164062e+00 6.693079948425292969e+00 6.678742885589599609e+00 5.144344329833984375e+00 6.665865898132324219e+00
6.690062046051025391e+00 3.085154294967651367e+00 6.689954280853271484e+00 6.682148933410644531e+00 5.196606159210205078e+00 6.667713165283203125e+00
6.687583446502685547e+00 3.093795537948608398e+00 6.687472820281982422e+00 6.684893608093261719e+00 5.258691787719726562e+00 6.668303012847900391e+00
6.684929370880126953e+00 3.496304273605346680e+00 6.684647083282470703e+00 6.687800884246826172e+00 5.378417015075683594e+00 6.665959835052490234e+00
6.681947231292724609e+00 3.324032545089721680e+00 6.681756973266601562e+00 6.689995288848876953e+00 5.410712718963623047e+00 6.666543483734130859e+00
6.678811550140380859e+00 3.679427623748779297e+00 6.678376197814941406e+00 6.693302154541015625e+00 5.487942695617675781e+00 6.665355682373046875e+00
6.675034523010253906e+00 3.870160818099975586e+00 6.674353599548339844e+00 6.697186946868896484e+00 5.537686824798583984e+00 6.666013717651367188e+00
6.671400547027587891e+00 3.940943717956542969e+00 6.670591831207275391e+00 6.699865818023681641e+00 5.567488670349121094e+00 6.666605472564697266e+00
6.666945934295654297e+00 3.872571468353271484e+00 6.666247367858886719e+00 6.704230308532714844e+00 5.595116138458251953e+00 6.669063091278076172e+00
6.661356449127197266e+00 3.109513521194458008e+00 6.661234378814697266e+00 6.707069396972656250e+00 5.608554363250732422e+00 6.670996665954589844e+00
6.655551433563232422e+00 -inf 6.655551433563232422e+00 6.712482929229736328e+00 5.628816604614257812e+00 6.675099849700927734e+00
6.649240970611572266e+00 -inf 6.649240970611572266e+00 6.718186378479003906e+00 5.632636547088623047e+00 6.680972099304199219e+00
6.642706394195556641e+00 -inf 6.642706394195556641e+00 6.723051548004150391e+00 5.575828075408935547e+00 6.690951347351074219e+00
6.636926174163818359e+00 -inf 6.636926174163818359e+00 6.728050231933593750e+00 5.546352386474609375e+00 6.698484420776367188e+00
6.632394790649414062e+00 -inf 6.632394790649414062e+00 6.731962203979492188e+00 5.486349582672119141e+00 6.706563949584960938e+00
6.627587795257568359e+00 -inf 6.627587795257568359e+00 6.735498428344726562e+00 5.449828147888183594e+00 6.712398529052734375e+00
6.622975826263427734e+00 -inf 6.622975826263427734e+00 6.739280223846435547e+00 5.435505867004394531e+00 6.717147350311279297e+00
6.618573665618896484e+00 -inf 6.618573665618896484e+00 6.742837905883789062e+00 5.422212123870849609e+00 6.721568584442138672e+00
6.614346504211425781e+00 -inf 6.614346504211425781e+00 6.746202945709228516e+00 5.414747714996337891e+00 6.725470542907714844e+00
6.610329627990722656e+00 -inf 6.610329627990722656e+00 6.749367237091064453e+00 5.439579010009765625e+00 6.727546691894531250e+00
6.606191158294677734e+00 -inf 6.606191158294677734e+00 6.752527713775634766e+00 5.465878486633300781e+00 6.729481697082519531e+00
6.601782321929931641e+00 -inf 6.601782321929931641e+00 6.755853652954101562e+00 5.504433631896972656e+00 6.730802059173583984e+00
6.598281860351562500e+00 -inf 6.598281860351562500e+00 6.758488178253173828e+00 5.546761035919189453e+00 6.730961799621582031e+00
6.596072673797607422e+00 -inf 6.596072673797607422e+00 6.759312152862548828e+00 5.559221744537353516e+00 6.731013774871826172e+00
6.595409393310546875e+00 -inf 6.595409393310546875e+00 6.759959697723388672e+00 5.579490184783935547e+00 6.730308055877685547e+00
6.593736648559570312e+00 -inf 6.593736648559570312e+00 6.761320114135742188e+00 5.612865447998046875e+00 6.729313850402832031e+00
6.591014862060546875e+00 -inf 6.591014862060546875e+00 6.762341022491455078e+00 5.623520851135253906e+00 6.729589462280273438e+00
6.587290287017822266e+00 -inf 6.587290287017822266e+00 6.765069961547851562e+00 5.642293453216552734e+00 6.731036186218261719e+00
6.582839965820312500e+00 -inf 6.582839965820312500e+00 6.766462326049804688e+00 5.616706371307373047e+00 6.734555244445800781e+00
6.578224658966064453e+00 -inf 6.578224658966064453e+00 6.769677639007568359e+00 5.605858802795410156e+00 6.738824367523193359e+00
6.573994636535644531e+00 -inf 6.573994636535644531e+00 6.772609233856201172e+00 5.584369182586669922e+00 6.743501186370849609e+00
6.569698333740234375e+00 -inf 6.569698333740234375e+00 6.775521755218505859e+00 5.525299072265625000e+00 6.750399112701416016e+00
6.566193580627441406e+00 -inf 6.566193580627441406e+00 6.777915477752685547e+00 5.496342182159423828e+00 6.754590511322021484e+00
6.562921524047851562e+00 -inf 6.562921524047851562e+00 6.779198169708251953e+00 5.471013545989990234e+00 6.757295131683349609e+00
6.559351921081542969e+00 -inf 6.559351921081542969e+00 6.781591892242431641e+00 5.506999969482421875e+00 6.757878303527832031e+00
6.555549621582031250e+00 -inf 6.555549621582031250e+00 6.784049510955810547e+00 5.545740604400634766e+00 6.758207321166992188e+00
6.551666736602783203e+00 -inf 6.551666736602783203e+00 6.786514759063720703e+00 5.578800678253173828e+00 6.758724689483642578e+00
6.544791221618652344e+00 -inf 6.544791221618652344e+00 6.789914608001708984e+00 5.594365596771240234e+00 6.761308193206787109e+00
6.534425258636474609e+00 -inf 6.534425258636474609e+00 6.794615745544433594e+00 5.576643943786621094e+00 6.767494678497314453e+00
6.522322654724121094e+00 -inf 6.522322654724121094e+00 6.801300525665283203e+00 5.571401596069335938e+00 6.774937152862548828e+00
6.509745597839355469e+00 -inf 6.509745597839355469e+00 6.807946681976318359e+00 5.559565544128417969e+00 6.782713890075683594e+00
6.497502803802490234e+00 -inf 6.497502803802490234e+00 6.814166069030761719e+00 5.557537555694580078e+00 6.789422035217285156e+00
6.484169960021972656e+00 -inf 6.484169960021972656e+00 6.820106029510498047e+00 5.533103466033935547e+00 6.797078132629394531e+00
6.470200061798095703e+00 -inf 6.470200061798095703e+00 6.826539516448974609e+00 5.522774219512939453e+00 6.804406642913818359e+00
6.456375598907470703e+00 -inf 6.456375598907470703e+00 6.832631111145019531e+00 5.511610031127929688e+00 6.811381816864013672e+00
6.440708160400390625e+00 -inf 6.440708160400390625e+00 6.839198589324951172e+00 5.512219905853271484e+00 6.818245410919189453e+00
6.424033641815185547e+00 -inf 6.424033641815185547e+00 6.845812797546386719e+00 5.496455192565917969e+00 6.825937271118164062e+00
6.406352996826171875e+00 -inf 6.406352996826171875e+00 6.852469921112060547e+00 5.469613552093505859e+00 6.834101200103759766e+00
6.390368938446044922e+00 -inf 6.390368938446044922e+00 6.858205318450927734e+00 5.439394950866699219e+00 6.841324329376220703e+00
6.376012325286865234e+00 -inf 6.376012325286865234e+00 6.863144874572753906e+00 5.449476718902587891e+00 6.846059322357177734e+00
6.362888336181640625e+00 -inf 6.362888336181640625e+00 6.867470264434814453e+00 5.454720973968505859e+00 6.850347995758056641e+00
6.349087238311767578e+00 -inf 6.349087238311767578e+00 6.871842861175537109e+00 5.468504428863525391e+00 6.854337215423583984e+00
6.332230567932128906e+00 -inf 6.332230567932128906e+00 6.875808238983154297e+00 5.469621181488037109e+00 6.858419418334960938e+00
6.316123962402343750e+00 -inf 6.316123962402343750e+00 6.880462646484375000e+00 5.523062229156494141e+00 6.860959529876708984e+00
6.302217960357666016e+00 -inf 6.302217960357666016e+00 6.884318351745605469e+00 5.539200305938720703e+00 6.864242553710937500e+00
6.288681983947753906e+00 -inf 6.288681983947753906e+00 6.887952804565429688e+00 5.554968357086181641e+00 6.867294311523437500e+00
6.276413917541503906e+00 -inf 6.276413917541503906e+00 6.891129970550537109e+00 5.592401027679443359e+00 6.868731975555419922e+00
6.264879226684570312e+00 -inf 6.264879226684570312e+00 6.894011020660400391e+00 5.602014541625976562e+00 6.871253967285156250e+00
6.253944396972656250e+00 -inf 6.253944396972656250e+00 6.896654605865478516e+00 5.640830516815185547e+00 6.871863365173339844e+00
6.242228507995605469e+00 -inf 6.242228507995605469e+00 6.899060726165771484e+00 5.642602443695068359e+00 6.874306678771972656e+00
6.231915950775146484e+00 -inf 6.231915950775146484e+00 6.901398181915283203e+00 5.665616035461425781e+00 6.875400543212890625e+00
6.222545146942138672e+00 -inf 6.222545146942138672e+00 6.903492927551269531e+00 5.714356899261474609e+00 6.874446868896484375e+00
6.214855670928955078e+00 -inf 6.214855670928955078e+00 6.905202388763427734e+00 5.744778633117675781e+00 6.874097824096679688e+00
6.206024646759033203e+00 -inf 6.206024646759033203e+00 6.906429767608642578e+00 5.759556293487548828e+00 6.874302387237548828e+00
6.195289611816406250e+00 -inf 6.195289611816406250e+00 6.908285617828369141e+00 5.769379138946533203e+00 6.875540256500244141e+00
6.184408664703369141e+00 -inf 6.184408664703369141e+00 6.909819126129150391e+00 5.765373229980468750e+00 6.877504825592041016e+00
6.174699306488037109e+00 -inf 6.174699306488037109e+00 6.911625862121582031e+00 5.749272823333740234e+00 6.880664348602294922e+00
6.165102958679199219e+00 -inf 6.165102958679199219e+00 6.913507938385009766e+00 5.722171306610107422e+00 6.884613513946533203e+00
6.153773784637451172e+00 -inf 6.153773784637451172e+00 6.915650367736816406e+00 5.703023910522460938e+00 6.888182640075683594e+00
6.142817020416259766e+00 -inf 6.142817020416259766e+00 6.917676925659179688e+00 5.685083866119384766e+00 6.891481876373291016e+00
6.132644653320312500e+00 -inf 6.132644653320312500e+00 6.919000625610351562e+00 5.677350044250488281e+00 6.893362045288085938e+00
6.124358177185058594e+00 -inf 6.124358177185058594e+00 6.920488357543945312e+00 5.672154426574707031e+00 6.895253181457519531e+00
6.118077754974365234e+00 -inf 6.118077754974365234e+00 6.921303749084472656e+00 5.686121940612792969e+00 6.895268917083740234e+00
6.114434719085693359e+00 -inf 6.114434719085693359e+00 6.922021865844726562e+00 5.705097198486328125e+00 6.894833087921142578e+00
6.111808300018310547e+00 -inf 6.111808300018310547e+00 6.922576904296875000e+00 5.717499732971191406e+00 6.894611835479736328e+00
6.107817649841308594e+00 -inf 6.107817649841308594e+00 6.923351287841796875e+00 5.696334362030029297e+00 6.896807193756103516e+00
6.102969646453857422e+00 -inf 6.102969646453857422e+00 6.924239635467529297e+00 5.682415962219238281e+00 6.898612022399902344e+00
6.098590373992919922e+00 -inf 6.098590373992919922e+00 6.925037384033203125e+00 5.681842803955078125e+00 6.899493217468261719e+00
6.095540523529052734e+00 -inf 6.095540523529052734e+00 6.925319194793701172e+00 5.687261581420898438e+00 6.899461746215820312e+00
6.093216419219970703e+00 -inf 6.093216419219970703e+00 6.925816535949707031e+00 5.713511466979980469e+00 6.898327827453613281e+00
6.092917919158935547e+00 -inf 6.092917919158935547e+00 6.925796985626220703e+00 5.735782146453857422e+00 6.896811008453369141e+00
6.095049381256103516e+00 -inf 6.095049381256103516e+00 6.925170421600341797e+00 5.754877090454101562e+00 6.894789695739746094e+00
6.096260547637939453e+00 -inf 6.096260547637939453e+00 6.924877166748046875e+00 5.791622638702392578e+00 6.891686439514160156e+00
6.096262931823730469e+00 -inf 6.096262931823730469e+00 6.924214363098144531e+00 5.794277191162109375e+00 6.890758991241455078e+00
6.096777915954589844e+00 -inf 6.096777915954589844e+00 6.924182415008544922e+00 5.811118602752685547e+00 6.889347076416015625e+00
6.098339080810546875e+00 -inf 6.098339080810546875e+00 6.924035549163818359e+00 5.819727897644042969e+00 6.888460636138916016e+00
6.099008560180664062e+00 -inf 6.099008560180664062e+00 6.924054145812988281e+00 5.835957050323486328e+00 6.887066841125488281e+00
6.098291397094726562e+00 -inf 6.098291397094726562e+00 6.924306392669677734e+00 5.844232082366943359e+00 6.886599063873291016e+00
6.097477912902832031e+00 -inf 6.097477912902832031e+00 6.924029827117919922e+00 5.842933177947998047e+00 6.886415004730224609e+00
6.098716259002685547e+00 -inf 6.098716259002685547e+00 6.922981262207031250e+00 5.855605125427246094e+00 6.884103298187255859e+00
6.104023933410644531e+00 -inf 6.104023933410644531e+00 6.921701908111572266e+00 5.850163936614990234e+00 6.883212089538574219e+00
6.110227108001708984e+00 -inf 6.110227108001708984e+00 6.920115947723388672e+00 5.832907676696777344e+00 6.883049964904785156e+00
6.115297794342041016e+00 -inf 6.115297794342041016e+00 6.918992042541503906e+00 5.814075469970703125e+00 6.883469104766845703e+00
6.118964672088623047e+00 -inf 6.118964672088623047e+00 6.918635368347167969e+00 5.786795139312744141e+00 6.885331630706787109e+00
6.120649814605712891e+00 -inf 6.120649814605712891e+00 6.918529510498046875e+00 5.775138854980468750e+00 6.886133193969726562e+00
6.122481822967529297e+00 -inf 6.122481822967529297e+00 6.917279720306396484e+00 5.759265422821044922e+00 6.885995864868164062e+00
6.124235630035400391e+00 -inf 6.124235630035400391e+00 6.915321350097656250e+00 5.717364788055419922e+00 6.886878490447998047e+00
6.124489307403564453e+00 -inf 6.124489307403564453e+00 6.915329933166503906e+00 5.693339347839355469e+00 6.888466835021972656e+00
6.123847484588623047e+00 -inf 6.123847484588623047e+00 6.914046764373779297e+00 5.623535633087158203e+00 6.891209602355957031e+00
6.123332500457763672e+00 -inf 6.123332500457763672e+00 6.914255619049072266e+00 5.536684513092041016e+00 6.895657062530517578e+00
6.124459743499755859e+00 -inf 6.124459743499755859e+00 6.914260864257812500e+00 5.452506542205810547e+00 6.898998260498046875e+00
6.125005245208740234e+00 -inf 6.125005245208740234e+00 6.914152622222900391e+00 5.383694171905517578e+00 6.901156425476074219e+00
6.124362945556640625e+00 -inf 6.124362945556640625e+00 6.914173126220703125e+00 5.299095153808593750e+00 6.903506755828857422e+00
6.126667976379394531e+00 -inf 6.126667976379394531e+00 6.913938999176025391e+00 5.211081981658935547e+00 6.905243873596191406e+00
6.130080223083496094e+00 -inf 6.130080223083496094e+00 6.912370204925537109e+00 5.143074989318847656e+00 6.904919147491455078e+00
6.133603572845458984e+00 -inf 6.133603572845458984e+00 6.911916255950927734e+00 5.161646842956542969e+00 6.904129028320312500e+00
6.138298034667968750e+00 -inf 6.138298034667968750e+00 6.911213397979736328e+00 5.166687965393066406e+00 6.903321266174316406e+00
6.147878646850585938e+00 -inf 6.147878646850585938e+00 6.909681320190429688e+00 5.158510684967041016e+00 6.901910305023193359e+00
6.162135601043701172e+00 -inf 6.162135601043701172e+00 6.907279014587402344e+00 5.184230804443359375e+00 6.898983001708984375e+00
6.178946971893310547e+00 -inf 6.178946971893310547e+00 6.903607368469238281e+00 5.216587543487548828e+00 6.894586086273193359e+00
6.193605422973632812e+00 -inf 6.193605422973632812e+00 6.900901317596435547e+00 5.252246856689453125e+00 6.891036987304687500e+00
6.206857204437255859e+00 -inf 6.206857204437255859e+00 6.898000240325927734e+00 5.294567108154296875e+00 6.887040138244628906e+00
6.221754074096679688e+00 -inf 6.221754074096679688e+00 6.895038127899169922e+00 5.379956245422363281e+00 6.881566524505615234e+00
6.235905647277832031e+00 -inf 6.235905647277832031e+00 6.892071723937988281e+00 5.444159030914306641e+00 6.876305580139160156e+00
6.247565269470214844e+00 -inf 6.247565269470214844e+00 6.888681888580322266e+00 5.468691349029541016e+00 6.871848106384277344e+00
6.258297920227050781e+00 -inf 6.258297920227050781e+00 6.886299610137939453e+00 5.479912281036376953e+00 6.868918895721435547e+00
6.268358707427978516e+00 -inf 6.268358707427978516e+00 6.884006977081298828e+00 5.465974807739257812e+00 6.867095470428466797e+00
6.277143001556396484e+00 -inf 6.277143001556396484e+00 6.881944179534912109e+00 5.457654476165771484e+00 6.865279674530029297e+00
6.285062313079833984e+00 -inf 6.285062313079833984e+00 6.880068778991699219e+00 5.439363479614257812e+00 6.864033699035644531e+00
6.294848918914794922e+00 -inf 6.294848918914794922e+00 6.877691745758056641e+00 5.424709796905517578e+00 6.862111568450927734e+00
6.306135177612304688e+00 -inf 6.306135177612304688e+00 6.874841690063476562e+00 5.408891201019287109e+00 6.859727859497070312e+00
6.319889068603515625e+00 -inf 6.319889068603515625e+00 6.871186256408691406e+00 5.454040050506591797e+00 6.854239463806152344e+00
6.336217880249023438e+00 -inf 6.336217880249023438e+00 6.866597652435302734e+00 5.534824371337890625e+00 6.845880508422851562e+00
6.352438449859619141e+00 -inf 6.352438449859619141e+00 6.861802101135253906e+00 5.604387760162353516e+00 6.837104320526123047e+00
6.365562915802001953e+00 -inf 6.365562915802001953e+00 6.857764244079589844e+00 5.660307407379150391e+00 6.829287528991699219e+00
6.373744010925292969e+00 -inf 6.373744010925292969e+00 6.854395389556884766e+00 5.677544593811035156e+00 6.824486255645751953e+00
6.379909515380859375e+00 -inf 6.379909515380859375e+00 6.852436065673828125e+00 5.683952331542968750e+00 6.821924209594726562e+00
6.387925624847412109e+00 2.572531700134277344e+00 6.387859344482421875e+00 6.849792003631591797e+00 5.717038154602050781e+00 6.816561698913574219e+00
6.395687103271484375e+00 3.052265644073486328e+00 6.395489692687988281e+00 6.847168922424316406e+00 5.775142669677734375e+00 6.808724403381347656e+00
6.402034759521484375e+00 2.567616939544677734e+00 6.401971340179443359e+00 6.843853473663330078e+00 5.825101852416992188e+00 6.800130367279052734e+00
6.408797740936279297e+00 -inf 6.408797740936279297e+00 6.841367721557617188e+00 5.862814903259277344e+00 6.793160438537597656e+00
6.416290283203125000e+00 2.880771398544311523e+00 6.416164398193359375e+00 6.838700771331787109e+00 5.896749973297119141e+00 6.785986900329589844e+00
6.423625469207763672e+00 -inf 6.423625469207763672e+00 6.835899353027343750e+00 5.928199768066406250e+00 6.778562068939208984e+00
6.430439472198486328e+00 -inf 6.430439472198486328e+00 6.832439422607421875e+00 5.953223228454589844e+00 6.770927429199218750e+00
6.436054706573486328e+00 -inf 6.436054706573486328e+00 6.830352306365966797e+00 5.990076065063476562e+00 6.762596607208251953e+00
6.440284252166748047e+00 -inf 6.440284252166748047e+00 6.828377246856689453e+00 6.023742675781250000e+00 6.754304409027099609e+00
6.443999290466308594e+00 -inf 6.443999290466308594e+00 6.826193332672119141e+00 6.044090747833251953e+00 6.747798442840576172e+00
6.446643829345703125e+00 -inf 6.446643829345703125e+00 6.822549343109130859e+00 6.044099807739257812e+00 6.743427753448486328e+00
6.448071956634521484e+00 -inf 6.448071956634521484e+00 6.821218967437744141e+00 6.023059844970703125e+00 6.745930671691894531e+00
6.448558807373046875e+00 -inf 6.448558807373046875e+00 6.817971229553222656e+00 5.968419075012207031e+00 6.751762390136718750e+00
6.448247432708740234e+00 -inf 6.448247432708740234e+00 6.818230152130126953e+00 5.915997028350830078e+00 6.760116100311279297e+00
6.447265625000000000e+00 -inf 6.447265625000000000e+00 6.817583560943603516e+00 5.856615543365478516e+00 6.767264366149902344e+00
6.445965766906738281e+00 -inf 6.445965766906738281e+00 6.816057682037353516e+00 5.792034626007080078e+00 6.772889137268066406e+00
6.444565773010253906e+00 -inf 6.444565773010253906e+00 6.816821098327636719e+00 5.708049774169921875e+00 6.781625270843505859e+00
6.443814277648925781e+00 -inf 6.443814277648925781e+00 6.817273139953613281e+00 5.620453357696533203e+00 6.788753509521484375e+00
6.443261146545410156e+00 -inf 6.443261146545410156e+00 6.817625999450683594e+00 5.536373615264892578e+00 6.794282913208007812e+00
6.442182064056396484e+00 -inf 6.442182064056396484e+00 6.818139553070068359e+00 5.471298694610595703e+00 6.798145294189453125e+00
6.440191745758056641e+00 -inf 6.440191745758056641e+00 6.819023132324218750e+00 5.390657901763916016e+00 6.802517414093017578e+00
6.437177181243896484e+00 -inf 6.437177181243896484e+00 6.819008827209472656e+00 5.284163475036621094e+00 6.806145668029785156e+00
6.434252738952636719e+00 -inf 6.434252738952636719e+00 6.820247173309326172e+00 5.228695392608642578e+00 6.808978557586669922e+00
6.431429862976074219e+00 -inf 6.431429862976074219e+00 6.821400642395019531e+00 5.221741676330566406e+00 6.810343742370605469e+00
6.428606986999511719e+00 -inf 6.428606986999511719e+00 6.821761608123779297e+00 5.185292243957519531e+00 6.811613559722900391e+00
6.426439762115478516e+00 -inf 6.426439762115478516e+00 6.821904182434082031e+00 5.110672473907470703e+00 6.813376903533935547e+00
6.424511432647705078e+00 -inf 6.424511432647705078e+00 6.821030616760253906e+00 4.943547725677490234e+00 6.815233707427978516e+00
6.422430992126464844e+00 -inf 6.422430992126464844e+00 6.821893215179443359e+00 4.918365001678466797e+00 6.816436290740966797e+00
6.419580936431884766e+00 -inf 6.419580936431884766e+00 6.823044776916503906e+00 4.899474620819091797e+00 6.817835330963134766e+00
6.415681362152099609e+00 -inf 6.415681362152099609e+00 6.824621677398681641e+00 4.893978118896484375e+00 6.819496631622314453e+00
6.410969257354736328e+00 -inf 6.410969257354736328e+00 6.826501369476318359e+00 4.870265007019042969e+00 6.821671009063720703e+00
6.406723499298095703e+00 -inf 6.406723499298095703e+00 6.828188896179199219e+00 4.757058143615722656e+00 6.824486255645751953e+00
6.406531333923339844e+00 -inf 6.406531333923339844e+00 6.828263759613037109e+00 4.750009536743164062e+00 6.824621677398681641e+00
