5.572836875915527344e+00 -inf 5.572836875915527344e+00 6.968218803405761719e+00 5.854834079742431641e+00 6.933410644531250000e+00
5.570536613464355469e+00 -inf 5.570536613464355469e+00 6.969304084777832031e+00 5.923763275146484375e+00 6.928324699401855469e+00
5.563180446624755859e+00 -inf 5.563180446624755859e+00 6.968785762786865234e+00 5.934628009796142578e+00 6.926661968231201172e+00
5.558645725250244141e+00 -inf 5.558645725250244141e+00 6.966656684875488281e+00 5.931547164916992188e+00 6.924629688262939453e+00
5.550324440002441406e+00 -inf 5.550324440002441406e+00 6.966168403625488281e+00 5.930938243865966797e+00 6.924154281616210938e+00
5.541734695434570312e+00 -inf 5.541734695434570312e+00 6.965819835662841797e+00 5.925651550292968750e+00 6.924304485321044922e+00
5.530704975128173828e+00 -inf 5.530704975128173828e+00 6.965622425079345703e+00 5.900478839874267578e+00 6.926534652709960938e+00
5.521348953247070312e+00 -inf 5.521348953247070312e+00 6.965750217437744141e+00 5.845567703247070312e+00 6.931504726409912109e+00
5.514055252075195312e+00 -inf 5.514055252075195312e+00 6.966819763183593750e+00 5.792544364929199219e+00 6.936727046966552734e+00
5.507943153381347656e+00 -inf 5.507943153381347656e+00 6.967441082000732422e+00 5.763433456420898438e+00 6.939404487609863281e+00
5.509885787963867188e+00 -inf 5.509885787963867188e+00 6.968540191650390625e+00 5.754344463348388672e+00 6.941175937652587891e+00
5.509396076202392578e+00 -inf 5.509396076202392578e+00 6.969871520996093750e+00 5.788097381591796875e+00 6.940310955047607422e+00
5.503119468688964844e+00 -inf 5.503119468688964844e+00 6.969887733459472656e+00 5.854277133941650391e+00 6.935264110565185547e+00
5.507849693298339844e+00 -inf 5.507849693298339844e+00 6.970650196075439453e+00 5.927057743072509766e+00 6.929476737976074219e+00
5.518498897552490234e+00 -inf 5.518498897552490234e+00 6.971311092376708984e+00 6.016390323638916016e+00 6.920242786407470703e+00
5.526400566101074219e+00 -inf 5.526400566101074219e+00 6.971727848052978516e+00 6.111992835998535156e+00 6.907174587249755859e+00
5.528594493865966797e+00 -inf 5.528594493865966797e+00 6.971689224243164062e+00 6.192808628082275391e+00 6.892653465270996094e+00
5.545120239257812500e+00 -inf 5.545120239257812500e+00 6.971942901611328125e+00 6.260784626007080078e+00 6.878026962280273438e+00
5.556730270385742188e+00 -inf 5.556730270385742188e+00 6.972480773925781250e+00 6.324793815612792969e+00 6.861744880676269531e+00
5.576764583587646484e+00 -inf 5.576764583587646484e+00 6.973057270050048828e+00 6.384364604949951172e+00 6.843569755554199219e+00
5.595553398132324219e+00 -inf 5.595553398132324219e+00 6.972732543945312500e+00 6.418279647827148438e+00 6.830688953399658203e+00
5.618345260620117188e+00 -inf 5.618345260620117188e+00 6.972005367279052734e+00 6.448092460632324219e+00 6.817545413970947266e+00
5.650127887725830078e+00 -inf 5.650127887725830078e+00 6.970685005187988281e+00 6.467792034149169922e+00 6.806928157806396484e+00
5.685424327850341797e+00 -inf 5.685424327850341797e+00 6.968458175659179688e+00 6.479761600494384766e+00 6.798039913177490234e+00
5.720040321350097656e+00 1.448480129241943359e+00 5.720017433166503906e+00 6.966331481933593750e+00 6.480500221252441406e+00 6.794530868530273438e+00
5.762896537780761719e+00 1.208702683448791504e+00 5.762884616851806641e+00 6.963520050048828125e+00 6.471698760986328125e+00 6.794595718383789062e+00
5.828921318054199219e+00 2.540996074676513672e+00 5.828696727752685547e+00 6.958422660827636719e+00 6.448711872100830078e+00 6.797752380371093750e+00
5.891798973083496094e+00 2.005239963531494141e+00 5.891742229461669922e+00 6.953214645385742188e+00 6.414728641510009766e+00 6.804833889007568359e+00
5.974925518035888672e+00 1.449788212776184082e+00 5.974912643432617188e+00 6.944821357727050781e+00 6.376862525939941406e+00 6.807894706726074219e+00
6.033038616180419922e+00 -inf 6.033038616180419922e+00 6.938278675079345703e+00 6.334277629852294922e+00 6.813985347747802734e+00
6.080152988433837891e+00 1.450580716133117676e+00 6.080142498016357422e+00 6.931821346282958984e+00 6.311781406402587891e+00 6.812714099884033203e+00
6.139083385467529297e+00 2.091458082199096680e+00 6.139044284820556641e+00 6.922746181488037109e+00 6.296352863311767578e+00 6.805624485015869141e+00
6.203829765319824219e+00 2.012610197067260742e+00 6.203802585601806641e+00 6.911301612854003906e+00 6.273071765899658203e+00 6.797779083251953125e+00
6.248783588409423828e+00 2.636358261108398438e+00 6.248677253723144531e+00 6.901985168457031250e+00 6.253761768341064453e+00 6.791404724121093750e+00
6.282431125640869141e+00 3.374045133590698242e+00 6.281895160675048828e+00 6.894024848937988281e+00 6.225118160247802734e+00 6.789261341094970703e+00
6.311793327331542969e+00 3.273018121719360352e+00 6.311395168304443359e+00 6.885572910308837891e+00 6.181478023529052734e+00 6.789935111999511719e+00
6.338064670562744141e+00 3.241059780120849609e+00 6.337715625762939453e+00 6.877318859100341797e+00 6.119680881500244141e+00 6.793915271759033203e+00
6.358613491058349609e+00 3.559184789657592773e+00 6.357923507690429688e+00 6.870113372802734375e+00 6.051137924194335938e+00 6.798655986785888672e+00
6.373162746429443359e+00 3.329967021942138672e+00 6.372768402099609375e+00 6.864565849304199219e+00 5.990682125091552734e+00 6.802237033843994141e+00
6.386583328247070312e+00 3.116358757019042969e+00 6.386347770690917969e+00 6.859556198120117188e+00 5.952056407928466797e+00 6.802190303802490234e+00
6.398693084716796875e+00 2.476778984069824219e+00 6.398641586303710938e+00 6.854095458984375000e+00 5.899325847625732422e+00 6.803008556365966797e+00
6.413079261779785156e+00 2.010740518569946289e+00 6.413062572479248047e+00 6.848278999328613281e+00 5.874400138854980469e+00 6.799520015716552734e+00
6.428631305694580078e+00 1.890925407409667969e+00 6.428619384765625000e+00 6.842490196228027344e+00 5.868365764617919922e+00 6.793759346008300781e+00
6.443391323089599609e+00 2.143028497695922852e+00 6.443371295928955078e+00 6.836596488952636719e+00 5.899317741394042969e+00 6.783276081085205078e+00
6.457015037536621094e+00 2.470655918121337891e+00 6.456969738006591797e+00 6.831281661987304688e+00 5.949631214141845703e+00 6.770138740539550781e+00
6.468468189239501953e+00 2.437751770019531250e+00 6.468428611755371094e+00 6.825617313385009766e+00 5.993994235992431641e+00 6.756383895874023438e+00
6.478312015533447266e+00 1.451464653015136719e+00 6.478308200836181641e+00 6.819846630096435547e+00 6.029436111450195312e+00 6.743076324462890625e+00
6.486831665039062500e+00 2.026720285415649414e+00 6.486817359924316406e+00 6.814596652984619141e+00 6.059824466705322266e+00 6.730585098266601562e+00
6.496066093444824219e+00 1.968010783195495605e+00 6.496051788330078125e+00 6.808799743652343750e+00 6.075653553009033203e+00 6.720029354095458984e+00
6.505567550659179688e+00 1.465934514999389648e+00 6.505562782287597656e+00 6.802062511444091797e+00 6.078719615936279297e+00 6.711037158966064453e+00
6.514176368713378906e+00 1.440636634826660156e+00 6.514172077178955078e+00 6.794279098510742188e+00 6.089687824249267578e+00 6.698762893676757812e+00
6.523171424865722656e+00 -inf 6.523171424865722656e+00 6.786541461944580078e+00 6.104480266571044922e+00 6.685298442840576172e+00
6.529753208160400391e+00 2.770562410354614258e+00 6.529678821563720703e+00 6.779425144195556641e+00 6.123095035552978516e+00 6.671167850494384766e+00
6.535378456115722656e+00 2.778470993041992188e+00 6.535303115844726562e+00 6.771155834197998047e+00 6.145566463470458984e+00 6.653785228729248047e+00
6.542207717895507812e+00 2.653903961181640625e+00 6.542151927947998047e+00 6.762760639190673828e+00 6.160193443298339844e+00 6.637990951538085938e+00
6.549036979675292969e+00 2.998479366302490234e+00 6.548914432525634766e+00 6.754436969757080078e+00 6.161163330078125000e+00 6.626529216766357422e+00
6.556063652038574219e+00 3.400457382202148438e+00 6.555759906768798828e+00 6.745021820068359375e+00 6.169788360595703125e+00 6.610759258270263672e+00
6.560880661010742188e+00 3.667201995849609375e+00 6.560325145721435547e+00 6.736366748809814453e+00 6.186120510101318359e+00 6.592685222625732422e+00
6.568234920501708984e+00 3.611398696899414062e+00 6.567754745483398438e+00 6.726790904998779297e+00 6.194553852081298828e+00 6.575837612152099609e+00
6.578585147857666016e+00 3.651377677917480469e+00 6.578071117401123047e+00 6.714905261993408203e+00 6.184902667999267578e+00 6.563021183013916016e+00
6.588643550872802734e+00 3.784635782241821289e+00 6.587961196899414062e+00 6.703828334808349609e+00 6.172958374023437500e+00 6.552307128906250000e+00
6.596012115478515625e+00 3.809254884719848633e+00 6.595302104949951172e+00 6.693381786346435547e+00 6.164058685302734375e+00 6.541212558746337891e+00
6.603703498840332031e+00 4.055579185485839844e+00 6.602472305297851562e+00 6.683105945587158203e+00 6.145488262176513672e+00 6.534369945526123047e+00
6.611849784851074219e+00 4.232094764709472656e+00 6.610034465789794922e+00 6.671674251556396484e+00 6.108819007873535156e+00 6.532839775085449219e+00
6.620449066162109375e+00 4.184163093566894531e+00 6.618856906890869141e+00 6.659466743469238281e+00 6.061398983001708984e+00 6.533189296722412109e+00
6.627699375152587891e+00 4.050365447998046875e+00 6.626549243927001953e+00 6.648437500000000000e+00 6.003941535949707031e+00 6.536769866943359375e+00
6.634919643402099609e+00 3.868465423583984375e+00 6.634175300598144531e+00 6.636380672454833984e+00 5.949208259582519531e+00 6.536470413208007812e+00
6.640272140502929688e+00 3.513055086135864258e+00 6.639946937561035156e+00 6.625977993011474609e+00 5.911183834075927734e+00 6.532935142517089844e+00
6.643380641937255859e+00 3.564815759658813477e+00 6.643018245697021484e+00 6.617002487182617188e+00 5.875525951385498047e+00 6.530099391937255859e+00
6.646832942962646484e+00 3.792204380035400391e+00 6.646225452423095703e+00 6.608358383178710938e+00 5.846027851104736328e+00 6.525942802429199219e+00
6.649088859558105469e+00 3.699795246124267578e+00 6.648600578308105469e+00 6.602020263671875000e+00 5.823273658752441406e+00 6.522958755493164062e+00
6.650365829467773438e+00 3.663728475570678711e+00 6.649917602539062500e+00 6.596357822418212891e+00 5.804636478424072266e+00 6.519840717315673828e+00
6.650162220001220703e+00 3.636065244674682617e+00 6.649741649627685547e+00 6.591907978057861328e+00 5.794686317443847656e+00 6.516442298889160156e+00
6.649826049804687500e+00 3.485234498977661133e+00 6.649527072906494141e+00 6.585327625274658203e+00 5.770381927490234375e+00 6.513145923614501953e+00
6.650066375732421875e+00 3.618706941604614258e+00 6.649662017822265625e+00 6.579418659210205078e+00 5.725800037384033203e+00 6.513875484466552734e+00
6.651778221130371094e+00 3.628273010253906250e+00 6.651367664337158203e+00 6.572262287139892578e+00 5.683059215545654297e+00 6.512249469757080078e+00
6.653809547424316406e+00 3.635071039199829102e+00 6.653393745422363281e+00 6.565320491790771484e+00 5.642193317413330078e+00 6.510117053985595703e+00
6.655438899993896484e+00 3.511739253997802734e+00 6.655127048492431641e+00 6.558617115020751953e+00 5.575870990753173828e+00 6.510899066925048828e+00
6.658440113067626953e+00 3.443042993545532227e+00 6.658175945281982422e+00 6.551438331604003906e+00 5.516455650329589844e+00 6.509399890899658203e+00
6.662428379058837891e+00 3.488961696624755859e+00 6.662137985229492188e+00 6.542759418487548828e+00 5.491282463073730469e+00 6.502361774444580078e+00
6.667031288146972656e+00 3.323158740997314453e+00 6.666835308074951172e+00 6.531854629516601562e+00 5.507870674133300781e+00 6.488681793212890625e+00
6.671728134155273438e+00 3.397566556930541992e+00 6.671497344970703125e+00 6.521255016326904297e+00 5.555696010589599609e+00 6.471496582031250000e+00
6.675885677337646484e+00 3.780475139617919922e+00 6.675332069396972656e+00 6.511309623718261719e+00 5.606125831604003906e+00 6.453616142272949219e+00
6.679163455963134766e+00 4.008031845092773438e+00 6.678236007690429688e+00 6.501120090484619141e+00 5.672963142395019531e+00 6.431283950805664062e+00
6.682303428649902344e+00 4.119643688201904297e+00 6.681113243103027344e+00 6.490313053131103516e+00 5.745315074920654297e+00 6.404186725616455078e+00
6.685459613800048828e+00 4.278721332550048828e+00 6.683753013610839844e+00 6.479666233062744141e+00 5.804817676544189453e+00 6.376510620117187500e+00
6.688709735870361328e+00 4.465943336486816406e+00 6.686101436614990234e+00 6.468104839324951172e+00 5.863866806030273438e+00 6.343890190124511719e+00
6.693598270416259766e+00 4.642006874084472656e+00 6.689723491668701172e+00 6.452071189880371094e+00 5.907518386840820312e+00 6.306137084960937500e+00
6.698470115661621094e+00 4.804357528686523438e+00 6.692893028259277344e+00 6.436475276947021484e+00 5.942196846008300781e+00 6.268715381622314453e+00
6.699376106262207031e+00 4.908828735351562500e+00 6.692284584045410156e+00 6.426653861999511719e+00 5.977440357208251953e+00 6.235906600952148438e+00
6.699459552764892578e+00 5.002012252807617188e+00 6.690655231475830078e+00 6.417934894561767578e+00 6.006961345672607422e+00 6.204564094543457031e+00
6.698350906372070312e+00 5.081939697265625000e+00 6.687719345092773438e+00 6.410356998443603516e+00 6.029823303222656250e+00 6.176503658294677734e+00
6.697131156921386719e+00 5.193301677703857422e+00 6.683299541473388672e+00 6.402144908905029297e+00 6.043293476104736328e+00 6.152134895324707031e+00
6.695078372955322266e+00 5.259028911590576172e+00 6.678867340087890625e+00 6.396826744079589844e+00 6.058502674102783203e+00 6.130140781402587891e+00
6.691445827484130859e+00 5.316259384155273438e+00 6.672742366790771484e+00 6.392764568328857422e+00 6.066401958465576172e+00 6.115671157836914062e+00
6.687103748321533203e+00 5.313321113586425781e+00 6.668339252471923828e+00 6.389946937561035156e+00 6.066170215606689453e+00 6.110529899597167969e+00
6.683047294616699219e+00 5.314849376678466797e+00 6.664034366607666016e+00 6.386570930480957031e+00 6.062727928161621094e+00 6.107215404510498047e+00
6.679641246795654297e+00 5.314477443695068359e+00 6.660491943359375000e+00 6.382439136505126953e+00 6.059772491455078125e+00 6.102018833160400391e+00
6.676328659057617188e+00 5.290756225585937500e+00 6.658077239990234375e+00 6.379601478576660156e+00 6.058815479278564453e+00 6.097467899322509766e+00
6.672851085662841797e+00 5.261851310729980469e+00 6.655657768249511719e+00 6.376061916351318359e+00 6.050680637359619141e+00 6.098091125488281250e+00
6.669636726379394531e+00 5.267720222473144531e+00 6.652074337005615234e+00 6.371724128723144531e+00 6.050674438476562500e+00 6.089832305908203125e+00
6.665980815887451172e+00 5.281013965606689453e+00 6.647702693939208984e+00 6.364421367645263672e+00 6.046695709228515625e+00 6.079469680786132812e+00
6.663877010345458984e+00 5.275443077087402344e+00 6.645747661590576172e+00 6.355088710784912109e+00 6.038194179534912109e+00 6.069365024566650391e+00
6.661812782287597656e+00 5.205351829528808594e+00 6.646358489990234375e+00 6.348243713378906250e+00 6.020193576812744141e+00 6.072650432586669922e+00
6.660069942474365234e+00 5.129683494567871094e+00 6.647071361541748047e+00 6.341061592102050781e+00 5.989673614501953125e+00 6.085152626037597656e+00
6.658855438232421875e+00 5.015466213226318359e+00 6.648870468139648438e+00 6.334662437438964844e+00 5.948361396789550781e+00 6.104876995086669922e+00
6.656291007995605469e+00 4.909614562988281250e+00 6.648439407348632812e+00 6.324304103851318359e+00 5.888727188110351562e+00 6.125849246978759766e+00
6.653826236724853516e+00 4.790576457977294922e+00 6.647834300994873047e+00 6.319330692291259766e+00 5.829128265380859375e+00 6.149635314941406250e+00
6.650921344757080078e+00 4.701707839965820312e+00 6.646011352539062500e+00 6.313366889953613281e+00 5.760848045349121094e+00 6.170573711395263672e+00
6.648538112640380859e+00 4.641858100891113281e+00 6.644240856170654297e+00 6.307182788848876953e+00 5.696254730224609375e+00 6.185161590576171875e+00
6.645879268646240234e+00 4.652922630310058594e+00 6.641443729400634766e+00 6.302657127380371094e+00 5.658794403076171875e+00 6.190804481506347656e+00
6.643091678619384766e+00 4.638680934906005859e+00 6.638770580291748047e+00 6.300553321838378906e+00 5.640318870544433594e+00 6.193394184112548828e+00
6.640543460845947266e+00 4.628975868225097656e+00 6.636294364929199219e+00 6.298249721527099609e+00 5.625630378723144531e+00 6.194494724273681641e+00
6.638736724853515625e+00 4.653503417968750000e+00 6.634220123291015625e+00 6.294742584228515625e+00 5.603806495666503906e+00 6.195801258087158203e+00
6.637419700622558594e+00 4.695577144622802734e+00 6.632426738739013672e+00 6.292779922485351562e+00 5.603823661804199219e+00 6.193328857421875000e+00
6.635928153991699219e+00 4.754437923431396484e+00 6.630184650421142578e+00 6.287744522094726562e+00 5.602689743041992188e+00 6.187284469604492188e+00
6.635024547576904297e+00 4.834792613983154297e+00 6.628089904785156250e+00 6.283165454864501953e+00 5.605843544006347656e+00 6.180670261383056641e+00
6.633676528930664062e+00 4.871962070465087891e+00 6.626092910766601562e+00 6.278715133666992188e+00 5.619295597076416016e+00 6.171327590942382812e+00
6.633129119873046875e+00 4.921411514282226562e+00 6.624611854553222656e+00 6.275382041931152344e+00 5.633813381195068359e+00 6.162852287292480469e+00
6.631763935089111328e+00 4.934115409851074219e+00 6.622963428497314453e+00 6.271710395812988281e+00 5.654985427856445312e+00 6.151552200317382812e+00
6.630160808563232422e+00 4.929743289947509766e+00 6.621416568756103516e+00 6.267493724822998047e+00 5.674941062927246094e+00 6.139339447021484375e+00
6.629203796386718750e+00 4.926118850708007812e+00 6.620513439178466797e+00 6.263428688049316406e+00 5.689268112182617188e+00 6.128777027130126953e+00
6.628376483917236328e+00 4.929936408996582031e+00 6.619590759277343750e+00 6.259824752807617188e+00 5.684228420257568359e+00 6.125694274902343750e+00
6.627640247344970703e+00 4.952619075775146484e+00 6.618363380432128906e+00 6.256481647491455078e+00 5.683164596557617188e+00 6.121523380279541016e+00
6.627267360687255859e+00 4.948248863220214844e+00 6.618076324462890625e+00 6.252878189086914062e+00 5.679143905639648438e+00 6.118070602416992188e+00
6.626886844635009766e+00 4.953000068664550781e+00 6.617585659027099609e+00 6.248364925384521484e+00 5.683021545410156250e+00 6.110462665557861328e+00
6.626486778259277344e+00 4.943717002868652344e+00 6.617376327514648438e+00 6.243472576141357422e+00 5.686907291412353516e+00 6.102245330810546875e+00
6.626847743988037109e+00 4.946754455566406250e+00 6.617680072784423828e+00 6.237495422363281250e+00 5.691910266876220703e+00 6.091974735260009766e+00
6.627677440643310547e+00 4.939313411712646484e+00 6.618683815002441406e+00 6.229851722717285156e+00 5.695941925048828125e+00 6.079592227935791016e+00
6.629648208618164062e+00 4.939009189605712891e+00 6.620703220367431641e+00 6.221474170684814453e+00 5.686211585998535156e+00 6.071773052215576172e+00
6.631907939910888672e+00 4.912798881530761719e+00 6.623535156250000000e+00 6.211000442504882812e+00 5.673578262329101562e+00 6.062185287475585938e+00
6.635657787322998047e+00 4.853465080261230469e+00 6.628426551818847656e+00 6.198543071746826172e+00 5.669567584991455078e+00 6.046228885650634766e+00
6.639842510223388672e+00 4.817743301391601562e+00 6.633251667022705078e+00 6.184824466705322266e+00 5.661156654357910156e+00 6.030260562896728516e+00
6.644372463226318359e+00 4.777907371520996094e+00 6.638425827026367188e+00 6.170568943023681641e+00 5.648193836212158203e+00 6.015450954437255859e+00
6.648396492004394531e+00 4.749739646911621094e+00 6.642876148223876953e+00 6.157048702239990234e+00 5.643069744110107422e+00 5.998276233673095703e+00
6.651719570159912109e+00 4.730815887451171875e+00 6.646477222442626953e+00 6.145833969116210938e+00 5.634088993072509766e+00 5.986070632934570312e+00
6.654476165771484375e+00 4.720214843750000000e+00 6.649394035339355469e+00 6.133500576019287109e+00 5.619309902191162109e+00 5.974821090698242188e+00
6.657959938049316406e+00 4.723830223083496094e+00 6.652875900268554688e+00 6.119872570037841797e+00 5.602614402770996094e+00 5.962539196014404297e+00
6.661606311798095703e+00 4.679773330688476562e+00 6.657054424285888672e+00 6.104409694671630859e+00 5.579510211944580078e+00 5.950370311737060547e+00
6.664600849151611328e+00 4.686433792114257812e+00 6.660009384155273438e+00 6.090498924255371094e+00 5.570691108703613281e+00 5.934274196624755859e+00
6.667753696441650391e+00 4.676118373870849609e+00 6.663303375244140625e+00 6.074100017547607422e+00 5.558359146118164062e+00 5.916102886199951172e+00
6.669639110565185547e+00 4.685810089111328125e+00 6.665108203887939453e+00 6.061313629150390625e+00 5.537149429321289062e+00 5.906960964202880859e+00
6.670916557312011719e+00 4.712053298950195312e+00 6.666115283966064453e+00 6.049977779388427734e+00 5.519940853118896484e+00 5.898108482360839844e+00
6.672426223754882812e+00 4.726048469543457031e+00 6.667484283447265625e+00 6.038251399993896484e+00 5.513934135437011719e+00 5.883965015411376953e+00
6.673495292663574219e+00 4.781477928161621094e+00 6.667890548706054688e+00 6.028858661651611328e+00 5.515618801116943359e+00 5.869758605957031250e+00
6.674520492553710938e+00 4.772089481353759766e+00 6.669048786163330078e+00 6.019042491912841797e+00 5.515381813049316406e+00 5.855638027191162109e+00
6.675045490264892578e+00 4.816984176635742188e+00 6.668981552124023438e+00 6.011688232421875000e+00 5.514813899993896484e+00 5.845147609710693359e+00
6.674420833587646484e+00 4.828885078430175781e+00 6.668178558349609375e+00 6.005346775054931641e+00 5.494849205017089844e+00 5.845028877258300781e+00
6.674614429473876953e+00 4.857028961181640625e+00 6.667953968048095703e+00 5.993107795715332031e+00 5.478959560394287109e+00 5.834410667419433594e+00
6.674032688140869141e+00 4.881071567535400391e+00 6.666980266571044922e+00 5.983082771301269531e+00 5.457255363464355469e+00 5.829438209533691406e+00
6.672835350036621094e+00 4.920345306396484375e+00 6.665087699890136719e+00 5.972954273223876953e+00 5.438386440277099609e+00 5.822967052459716797e+00
6.671048641204833984e+00 4.967439174652099609e+00 6.662368774414062500e+00 5.965609073638916016e+00 5.415426731109619141e+00 5.821902275085449219e+00
6.668148994445800781e+00 5.030801296234130859e+00 6.658022403717041016e+00 5.956810951232910156e+00 5.390415668487548828e+00 5.819303512573242188e+00
6.664291858673095703e+00 5.099975109100341797e+00 6.652285099029541016e+00 5.944451808929443359e+00 5.373472690582275391e+00 5.808638572692871094e+00
6.660223960876464844e+00 5.139617919921875000e+00 6.646924495697021484e+00 5.935535907745361328e+00 5.331648349761962891e+00 5.811204433441162109e+00
6.655534267425537109e+00 5.160001754760742188e+00 6.641432762145996094e+00 5.928702831268310547e+00 5.290811538696289062e+00 5.815079689025878906e+00
6.650930404663085938e+00 5.169384956359863281e+00 6.636358737945556641e+00 5.921430587768554688e+00 5.249829292297363281e+00 5.817399978637695312e+00
6.647342681884765625e+00 5.179858684539794922e+00 6.632283210754394531e+00 5.911021709442138672e+00 5.209034442901611328e+00 5.814864158630371094e+00
6.644227981567382812e+00 5.187937736511230469e+00 6.628768444061279297e+00 5.898180961608886719e+00 5.178838729858398438e+00 5.806217670440673828e+00
6.641543388366699219e+00 5.181762695312500000e+00 6.626210212707519531e+00 5.885221004486083984e+00 5.138556957244873047e+00 5.799458503723144531e+00
6.639046192169189453e+00 5.197837352752685547e+00 6.623030185699462891e+00 5.871557712554931641e+00 5.101313591003417969e+00 5.790778160095214844e+00
6.635093212127685547e+00 5.223984241485595703e+00 6.617904186248779297e+00 5.860402584075927734e+00 5.070206642150878906e+00 5.783590316772460938e+00
6.632082462310791016e+00 5.240071296691894531e+00 6.614105224609375000e+00 5.846403121948242188e+00 5.023199081420898438e+00 5.775698184967041016e+00
6.628659248352050781e+00 5.243293762207031250e+00 6.610398769378662109e+00 5.833338737487792969e+00 4.982050418853759766e+00 5.767415046691894531e+00
6.626020431518554688e+00 5.230437755584716797e+00 6.608193397521972656e+00 5.817718505859375000e+00 4.940562725067138672e+00 5.755891799926757812e+00
6.622439861297607422e+00 5.220393180847167969e+00 6.604882240295410156e+00 5.805251121520996094e+00 4.906286239624023438e+00 5.746666908264160156e+00
6.620048999786376953e+00 5.221412658691406250e+00 6.602348804473876953e+00 5.786167144775390625e+00 4.855724811553955078e+00 5.731945514678955078e+00
6.618421077728271484e+00 5.213948249816894531e+00 6.600962162017822266e+00 5.762626171112060547e+00 4.836646080017089844e+00 5.707808971405029297e+00
6.617982864379882812e+00 5.236349582672119141e+00 6.599560737609863281e+00 5.730876922607421875e+00 4.799646377563476562e+00 5.676759719848632812e+00
6.617191314697265625e+00 5.268185138702392578e+00 6.597299098968505859e+00 5.696176528930664062e+00 4.760008335113525391e+00 5.642711639404296875e+00
6.616197586059570312e+00 5.290762424468994141e+00 6.595169067382812500e+00 5.657199859619140625e+00 4.655946731567382812e+00 5.611581325531005859e+00
6.613193988800048828e+00 5.339879989624023438e+00 6.589409351348876953e+00 5.627276420593261719e+00 4.584333419799804688e+00 5.586038589477539062e+00
6.610329151153564453e+00 5.352632522583007812e+00 6.585647106170654297e+00 5.586249351501464844e+00 4.547474384307861328e+00 5.544593811035156250e+00
6.609062194824218750e+00 5.367652416229248047e+00 6.583408832550048828e+00 5.528220176696777344e+00 4.549162864685058594e+00 5.480072021484375000e+00
6.606906890869140625e+00 5.384616851806640625e+00 6.580062866210937500e+00 5.469165802001953125e+00 4.544065475463867188e+00 5.414228916168212891e+00
6.604366779327392578e+00 5.418116092681884766e+00 6.575120449066162109e+00 5.407038688659667969e+00 4.507925510406494141e+00 5.348475933074951172e+00
6.599078178405761719e+00 5.445590019226074219e+00 6.567455291748046875e+00 5.353852272033691406e+00 4.428810596466064453e+00 5.298907756805419922e+00
6.592101573944091797e+00 5.471605777740478516e+00 6.557880878448486328e+00 5.303597450256347656e+00 4.414042949676513672e+00 5.243637084960937500e+00
6.582844734191894531e+00 5.467278957366943359e+00 6.548217296600341797e+00 5.254709720611572266e+00 4.414362907409667969e+00 5.186966896057128906e+00
6.572646141052246094e+00 5.474715709686279297e+00 6.536522865295410156e+00 5.209560394287109375e+00 4.358359336853027344e+00 5.143622875213623047e+00
6.563952445983886719e+00 5.487541675567626953e+00 6.525910854339599609e+00 5.133884906768798828e+00 4.312856674194335938e+00 5.062793731689453125e+00
6.553524971008300781e+00 5.503161430358886719e+00 6.513019084930419922e+00 5.086219787597656250e+00 4.317503452301025391e+00 5.005126953125000000e+00
6.542443275451660156e+00 5.518029212951660156e+00 6.499315261840820312e+00 5.017957210540771484e+00 4.310582637786865234e+00 4.923122882843017578e+00
6.531243801116943359e+00 5.506185054779052734e+00 6.488183498382568359e+00 4.925064563751220703e+00 4.258622646331787109e+00 4.819627285003662109e+00
6.520128250122070312e+00 5.526816368103027344e+00 6.473621368408203125e+00 4.867794513702392578e+00 4.098871231079101562e+00 4.786743640899658203e+00
6.508891105651855469e+00 5.527780055999755859e+00 6.460982799530029297e+00 4.825202465057373047e+00 4.015032768249511719e+00 4.752151012420654297e+00
6.499584674835205078e+00 5.538333415985107422e+00 6.449299812316894531e+00 4.754418849945068359e+00 3.877217054367065430e+00 4.692599296569824219e+00
6.491243362426757812e+00 5.546696662902832031e+00 6.438863754272460938e+00 4.658788204193115234e+00 3.742704629898071289e+00 4.602621078491210938e+00
6.480451583862304688e+00 5.554810047149658203e+00 6.425588130950927734e+00 4.525589466094970703e+00 3.633782386779785156e+00 4.465961456298828125e+00
6.465254306793212891e+00 5.566108703613281250e+00 6.406695365905761719e+00 4.377534866333007812e+00 3.197074413299560547e+00 4.347882270812988281e+00
6.444360256195068359e+00 5.581674575805664062e+00 6.380276679992675781e+00 4.186211585998535156e+00 2.957090377807617188e+00 4.159799575805664062e+00
6.419466495513916016e+00 5.593423843383789062e+00 6.349260330200195312e+00 4.058883190155029297e+00 3.301332473754882812e+00 3.975462198257446289e+00
6.397199630737304688e+00 5.607954502105712891e+00 6.320203304290771484e+00 3.952136278152465820e+00 3.239140748977661133e+00 3.858663082122802734e+00
6.378403186798095703e+00 5.618649005889892578e+00 6.295447349548339844e+00 3.874042034149169922e+00 3.246080875396728516e+00 3.757404804229736328e+00
6.358169555664062500e+00 5.616239547729492188e+00 6.271367549896240234e+00 3.529408216476440430e+00 2.741311788558959961e+00 3.452189207077026367e+00
6.340006828308105469e+00 5.619709968566894531e+00 6.248269081115722656e+00 3.522086143493652344e+00 2.505843639373779297e+00 3.478096485137939453e+00
6.322446346282958984e+00 5.624984264373779297e+00 6.225158214569091797e+00 3.464632749557495117e+00 -inf 3.464632749557495117e+00
6.308947086334228516e+00 5.655062198638916016e+00 6.199995040893554688e+00 1.814700961112976074e+00 -inf 1.814700961112976074e+00
6.296473503112792969e+00 5.675072193145751953e+00 6.177794933319091797e+00 -inf -inf -inf
6.283365726470947266e+00 5.690810203552246094e+00 6.155211925506591797e+00 -inf -inf -inf
6.269350051879882812e+00 5.696430683135986328e+00 6.134246349334716797e+00 -inf -inf -inf
6.257916927337646484e+00 5.705877304077148438e+00 6.114937305450439453e+00 -inf -inf -inf
6.246624946594238281e+00 5.720701217651367188e+00 6.093020439147949219e+00 -inf -inf -inf
6.234137535095214844e+00 5.737133502960205078e+00 6.067655563354492188e+00 -inf -inf -inf
6.224477291107177734e+00 5.759540557861328125e+00 6.042163372039794922e+00 -inf -inf -inf
6.215515136718750000e+00 5.768395900726318359e+00 6.023607730865478516e+00 -inf -inf -inf
6.207845211029052734e+00 5.774219989776611328e+00 6.008255481719970703e+00 -inf -inf -inf
6.200614929199218750e+00 5.776771545410156250e+00 5.995215415954589844e+00 -inf -inf -inf
6.195271492004394531e+00 5.774637222290039062e+00 5.987920284271240234e+00 -inf -inf -inf
6.188966274261474609e+00 5.769505023956298828e+00 5.980894088745117188e+00 -inf -inf -inf
6.182456970214843750e+00 5.756454944610595703e+00 5.978357791900634766e+00 -inf -inf -inf
6.174833774566650391e+00 5.753315448760986328e+00 5.968020915985107422e+00 -inf -inf -inf
6.169213771820068359e+00 5.742868900299072266e+00 5.965319633483886719e+00 -inf -inf -inf
6.162871837615966797e+00 5.722663402557373047e+00 5.967076778411865234e+00 -inf -inf -inf
6.156540870666503906e+00 5.702160835266113281e+00 5.968616008758544922e+00 -inf -inf -inf
6.151203632354736328e+00 5.691281318664550781e+00 5.966250419616699219e+00 -inf -inf -inf
6.145590782165527344e+00 5.676901817321777344e+00 5.965220928192138672e+00 -inf -inf -inf
6.137867927551269531e+00 5.670928001403808594e+00 5.956594467163085938e+00 -inf -inf -inf
6.131604194641113281e+00 5.665749073028564453e+00 5.949768066406250000e+00 -inf -inf -inf
6.125798225402832031e+00 5.649241924285888672e+00 5.949424266815185547e+00 -inf -inf -inf
6.118243694305419922e+00 5.631278991699218750e+00 5.946991920471191406e+00 -inf -inf -inf
6.110340595245361328e+00 5.616714954376220703e+00 5.942271232604980469e+00 -inf -inf -inf
6.104495525360107422e+00 5.592887878417968750e+00 5.944672584533691406e+00 -inf -inf -inf
