-inf -inf -inf 4.888740062713623047e+00 5.840560197830200195e-01 -inf
-inf -inf -inf 4.889123439788818359e+00 1.453094840049743652e+00 -inf
-inf -inf -inf 4.889172077178955078e+00 9.121446609497070312e-01 -inf
-inf -inf -inf 4.895830154418945312e+00 7.944367527961730957e-01 -inf
-inf -inf -inf 4.907045841217041016e+00 6.260848641395568848e-01 -inf
-inf -inf -inf 4.922321796417236328e+00 7.553142309188842773e-01 -inf
-inf -inf -inf 4.935508251190185547e+00 2.359747588634490967e-01 -inf
-inf -inf -inf 4.955116748809814453e+00 6.873340010643005371e-01 -inf
-inf -inf -inf 4.973888397216796875e+00 1.552758067846298218e-01 -inf
-inf -inf -inf 4.991968631744384766e+00 6.438004374504089355e-01 -inf
-inf -inf -inf 5.014974117279052734e+00 1.338513016700744629e+00 -inf
-inf -inf -inf 5.045274257659912109e+00 1.157301425933837891e+00 -inf
-inf -inf -inf 5.079557418823242188e+00 1.006853461265563965e+00 -inf
-inf -inf -inf 5.116082668304443359e+00 1.462871432304382324e+00 -inf
-inf -inf -inf 5.160171508789062500e+00 1.178008317947387695e+00 -inf
-inf -inf -inf 5.209443092346191406e+00 1.455148339271545410e+00 -inf
-inf -inf -inf 5.268614292144775391e+00 1.624031305313110352e+00 -inf
-inf -inf -inf 5.343811035156250000e+00 1.818930983543395996e+00 -inf
-inf -inf -inf 5.407376766204833984e+00 1.332556843757629395e+00 -inf
-inf -inf -inf 5.472817420959472656e+00 1.197778582572937012e+00 -inf
-inf -inf -inf 5.524973869323730469e+00 1.594632744789123535e+00 -inf
-inf -inf -inf 5.575544834136962891e+00 1.403877496719360352e+00 -inf
-inf -inf -inf 5.618803024291992188e+00 1.578038215637207031e+00 -inf
-inf -inf -inf 5.651971817016601562e+00 1.805527091026306152e+00 -inf
-inf -inf -inf 5.679894924163818359e+00 1.294421434402465820e+00 -inf
-inf -inf -inf 5.698307037353515625e+00 1.702517867088317871e+00 -inf
-inf -inf -inf 5.712513446807861328e+00 1.710348248481750488e+00 -inf
-inf -inf -inf 5.726335525512695312e+00 2.064158678054809570e+00 -inf
-inf -inf -inf 5.743144512176513672e+00 1.832155346870422363e+00 -inf
-inf -inf -inf 5.764770984649658203e+00 2.304119348526000977e+00 -inf
-inf -inf -inf 5.786160469055175781e+00 2.355960369110107422e+00 -inf
-inf -inf -inf 5.802866458892822266e+00 2.627598524093627930e+00 -inf
-inf -inf -inf 5.808524131774902344e+00 3.088456869125366211e+00 -inf
-inf -inf -inf 5.812218189239501953e+00 3.297941207885742188e+00 -inf
-inf -inf -inf 5.814028739929199219e+00 2.941276550292968750e+00 -inf
-inf -inf -inf 5.815331935882568359e+00 2.903506755828857422e+00 -inf
-inf -inf -inf 5.823167800903320312e+00 2.223981142044067383e+00 -inf
-inf -inf -inf 5.837415218353271484e+00 1.760012865066528320e+00 -inf
-inf -inf -inf 5.848321437835693359e+00 1.982902526855468750e+00 -inf
-inf -inf -inf 5.855529785156250000e+00 2.285057306289672852e+00 -inf
-inf -inf -inf 5.860945224761962891e+00 2.063333988189697266e+00 -inf
-inf -inf -inf 5.863613605499267578e+00 2.169076681137084961e+00 -inf
-inf -inf -inf 5.865216255187988281e+00 2.407140493392944336e+00 -inf
-inf -inf -inf 5.865893363952636719e+00 2.770004987716674805e+00 -inf
-inf -inf -inf 5.866979598999023438e+00 3.282969951629638672e+00 -inf
-inf -inf -inf 5.864706516265869141e+00 3.762739419937133789e+00 -inf
-inf -inf -inf 5.859368324279785156e+00 3.329016447067260742e+00 -inf
-inf -inf -inf 5.853122234344482422e+00 2.766200065612792969e+00 -inf
-inf -inf -inf 5.851667881011962891e+00 2.202647924423217773e+00 -inf
-inf -inf -inf 5.847988128662109375e+00 1.619231820106506348e+00 -inf
-inf -inf -inf 5.843919277191162109e+00 2.332669496536254883e+00 -inf
-inf -inf -inf 5.841327667236328125e+00 2.654393672943115234e+00 -inf
-inf -inf -inf 5.839735507965087891e+00 2.371381282806396484e+00 -inf
-inf -inf -inf 5.836312770843505859e+00 2.266943454742431641e+00 -inf
-inf -inf -inf 5.831052303314208984e+00 1.961877346038818359e+00 -inf
-inf -inf -inf 5.825422286987304688e+00 2.823413610458374023e+00 -inf
-inf -inf -inf 5.819507122039794922e+00 1.608884930610656738e+00 -inf
-inf -inf -inf 5.814902782440185547e+00 2.820975780487060547e+00 -inf
-inf -inf -inf 5.804921150207519531e+00 3.212841987609863281e+00 -inf
-inf -inf -inf 5.793058872222900391e+00 3.504215717315673828e+00 -inf
-inf -inf -inf 5.783469200134277344e+00 3.724647998809814453e+00 -inf
-inf -inf -inf 5.776624679565429688e+00 3.848958253860473633e+00 -inf
-inf -inf -inf 5.769215106964111328e+00 4.006680488586425781e+00 -inf
-inf -inf -inf 5.762176513671875000e+00 4.135505199432373047e+00 -inf
-inf -inf -inf 5.749462604522705078e+00 4.218302249908447266e+00 -inf
-inf -inf -inf 5.738048553466796875e+00 4.396626949310302734e+00 -inf
-inf -inf -inf 5.720437049865722656e+00 4.479103088378906250e+00 -inf
-inf -inf -inf 5.704686164855957031e+00 4.215076923370361328e+00 -inf
-inf -inf -inf 5.691777229309082031e+00 4.201330661773681641e+00 -inf
-inf -inf -inf 5.682580947875976562e+00 4.131345748901367188e+00 -inf
-inf -inf -inf 5.665653705596923828e+00 3.743396520614624023e+00 -inf
-inf -inf -inf 5.649524688720703125e+00 3.563334941864013672e+00 -inf
-inf -inf -inf 5.630779743194580078e+00 3.502922296524047852e+00 -inf
-inf -inf -inf 5.614708423614501953e+00 3.685140132904052734e+00 -inf
-inf -inf -inf 5.599125385284423828e+00 3.753805398941040039e+00 -inf
-inf -inf -inf 5.588364601135253906e+00 3.856877088546752930e+00 -inf
-inf -inf -inf 5.581843376159667969e+00 3.907343387603759766e+00 -inf
-inf -inf -inf 5.572383403778076172e+00 3.525956153869628906e+00 -inf
-inf -inf -inf 5.560538768768310547e+00 3.422523975372314453e+00 -inf
-inf -inf -inf 5.548014163970947266e+00 3.359561681747436523e+00 -inf
-inf -inf -inf 5.538089752197265625e+00 3.346989870071411133e+00 -inf
-inf -inf -inf 5.526459217071533203e+00 2.959485769271850586e+00 -inf
-inf -inf -inf 5.513082027435302734e+00 3.019876718521118164e+00 -inf
-inf -inf -inf 5.499671459197998047e+00 2.900986671447753906e+00 -inf
-inf -inf -inf 5.485972404479980469e+00 2.022205114364624023e+00 -inf
-inf -inf -inf 5.476348400115966797e+00 2.375220537185668945e+00 -inf
-inf -inf -inf 5.464955329895019531e+00 2.392277240753173828e+00 -inf
-inf -inf -inf 5.448139190673828125e+00 2.296238899230957031e+00 -inf
-inf -inf -inf 5.425012588500976562e+00 2.940962791442871094e+00 -inf
-inf -inf -inf 5.403276920318603516e+00 3.066040754318237305e+00 -inf
-inf -inf -inf 5.379249095916748047e+00 3.197179555892944336e+00 -inf
-inf -inf -inf 5.360327720642089844e+00 3.237146854400634766e+00 -inf
-inf -inf -inf 5.340149402618408203e+00 3.278527498245239258e+00 -inf
-inf -inf -inf 5.316807270050048828e+00 2.946767807006835938e+00 -inf
-inf -inf -inf 5.295958995819091797e+00 2.838259458541870117e+00 -inf
-inf -inf -inf 5.272229671478271484e+00 2.917245626449584961e+00 -inf
-inf -inf -inf 5.250907421112060547e+00 3.027601480484008789e+00 -inf
-inf -inf -inf 5.234803199768066406e+00 3.029964923858642578e+00 -inf
-inf -inf -inf 5.217488288879394531e+00 3.104171514511108398e+00 -inf
-inf -inf -inf 5.192572593688964844e+00 3.144296169281005859e+00 -inf
-inf -inf -inf 5.165661811828613281e+00 3.191895008087158203e+00 -inf
-inf -inf -inf 5.140258789062500000e+00 3.047749280929565430e+00 -inf
-inf -inf -inf 5.116964340209960938e+00 3.050009489059448242e+00 -inf
-inf -inf -inf 5.091419219970703125e+00 2.777969598770141602e+00 -inf
-inf -inf -inf 5.067141056060791016e+00 1.245665788650512695e+00 -inf
-inf -inf -inf 5.042492866516113281e+00 1.614899754524230957e+00 -inf
-inf -inf -inf 5.029904842376708984e+00 1.128007411956787109e+00 -inf
-inf -inf -inf 5.015795707702636719e+00 2.393491744995117188e+00 -inf
-inf -inf -inf 4.998500823974609375e+00 2.819727182388305664e+00 -inf
-inf -inf -inf 4.977504730224609375e+00 2.995184421539306641e+00 -inf
-inf -inf -inf 4.949417591094970703e+00 3.193535089492797852e+00 -inf
-inf -inf -inf 4.903403282165527344e+00 3.233773469924926758e+00 -inf
-inf -inf -inf 4.877985954284667969e+00 3.321989059448242188e+00 -inf
-inf -inf -inf 4.842514991760253906e+00 3.366199970245361328e+00 -inf
-inf -inf -inf 4.814014434814453125e+00 3.256584167480468750e+00 -inf
-inf -inf -inf 4.784866809844970703e+00 3.123245000839233398e+00 -inf
-inf -inf -inf 4.743426322937011719e+00 3.060216665267944336e+00 -inf
-inf -inf -inf 4.720775127410888672e+00 2.895000219345092773e+00 -inf
-inf -inf -inf 4.695237159729003906e+00 2.821025133132934570e+00 -inf
-inf -inf -inf 4.654277801513671875e+00 2.971719264984130859e+00 -inf
-inf -inf -inf 4.606776714324951172e+00 3.224456071853637695e+00 -inf
-inf -inf -inf 4.581387996673583984e+00 3.248369932174682617e+00 -inf
-inf -inf -inf 4.556282043457031250e+00 3.329965829849243164e+00 -inf
-inf -inf -inf 4.507912158966064453e+00 3.274163722991943359e+00 -inf
-inf -inf -inf 4.492577075958251953e+00 3.206448316574096680e+00 -inf
-inf -inf -inf 4.477362632751464844e+00 3.224272966384887695e+00 -inf
-inf -inf -inf 4.449433326721191406e+00 3.282423734664916992e+00 -inf
-inf -inf -inf 4.385530948638916016e+00 3.249617815017700195e+00 -inf
-inf -inf -inf 4.323733806610107422e+00 3.015425682067871094e+00 -inf
-inf -inf -inf 4.307147979736328125e+00 2.763686418533325195e+00 -inf
-inf -inf -inf 4.296664237976074219e+00 2.416104793548583984e+00 -inf
-inf -inf -inf 4.264030456542968750e+00 2.061158657073974609e+00 -inf
-inf -inf -inf 4.195961475372314453e+00 2.055236339569091797e+00 -inf
-inf -inf -inf 4.132336139678955078e+00 2.023453712463378906e+00 -inf
-inf -inf -inf 4.110302925109863281e+00 2.651274442672729492e+00 -inf
-inf -inf -inf 4.074030876159667969e+00 2.858822107315063477e+00 -inf
-inf -inf -inf 4.031578540802001953e+00 2.968807935714721680e+00 -inf
-inf -inf -inf 4.014270305633544922e+00 2.911406278610229492e+00 -inf
-inf -inf -inf 3.987923622131347656e+00 2.651305437088012695e+00 -inf
-inf -inf -inf 3.948536634445190430e+00 2.639190435409545898e+00 -inf
-inf -inf -inf 3.919735431671142578e+00 2.604727268218994141e+00 -inf
-inf -inf -inf 3.861191272735595703e+00 2.470679521560668945e+00 -inf
-inf -inf -inf 3.836323261260986328e+00 2.209630727767944336e+00 -inf
-inf -inf -inf 3.825716257095336914e+00 2.339750766754150391e+00 -inf
-inf -inf -inf 3.813375949859619141e+00 1.933816194534301758e+00 -inf
-inf -inf -inf 3.797279357910156250e+00 2.008006572723388672e+00 -inf
-inf -inf -inf 3.771362304687500000e+00 1.419854283332824707e+00 -inf
-inf -inf -inf 3.760930299758911133e+00 8.291976451873779297e-01 -inf
-inf -inf -inf 3.751409292221069336e+00 1.122722029685974121e+00 -inf
-inf -inf -inf 3.734547853469848633e+00 -7.801023721694946289e-01 -inf
-inf -inf -inf 3.723487138748168945e+00 -3.539698719978332520e-01 -inf
-inf -inf -inf 3.701345682144165039e+00 5.187952518463134766e-01 -inf
-inf -inf -inf 3.663295984268188477e+00 1.231427192687988281e+00 -inf
-inf -inf -inf 3.632213115692138672e+00 -inf -inf
-inf -inf -inf 3.591183662414550781e+00 -3.748799115419387817e-02 -inf
-inf -inf -inf 3.513246297836303711e+00 3.537380993366241455e-01 -inf
-inf -inf -inf 3.179069042205810547e+00 -9.426242113113403320e-02 -inf
-inf -inf -inf 2.703797578811645508e+00 8.588610887527465820e-01 -inf
-inf -inf -inf 1.841321945190429688e+00 -inf -inf
-inf -inf -inf -inf -inf -inf
-inf -inf -inf -inf -inf -inf
-inf -inf -inf -inf -inf -inf
-inf -inf -inf -inf -inf -inf
-inf -inf -inf -inf -inf -inf
-inf -inf -inf -inf -inf -inf
-inf -inf -inf -inf -inf -inf
-inf -inf -inf -inf -inf -inf
-inf -inf -inf -inf -inf -inf
-inf -inf -inf -inf -inf -inf
-inf -inf -inf -inf -inf -inf
-inf -inf -inf -inf -inf -inf
-inf -inf -inf -inf -inf -inf
-inf -inf -inf -inf -inf -inf
-inf -inf -inf -inf -inf -inf
-inf -inf -inf -inf -inf -inf
-inf -inf -inf -inf -inf -inf
-inf -inf -inf -inf -inf -inf
-inf -inf -inf -inf -inf -inf
-inf -inf -inf -inf -inf -inf
-inf -inf -inf -inf -inf -inf
-inf -inf -inf -inf -inf -inf
-inf -inf -inf -inf -inf -inf
-inf -inf -inf -inf -inf -inf
-inf -inf -inf -inf -inf -inf
-inf -inf -inf -inf -inf -inf
-inf -inf -inf -inf -inf -inf
-inf -inf -inf -inf -inf -inf
-inf -inf -inf -inf -inf -inf
-inf -inf -inf -inf -inf -inf
-inf -inf -inf -inf -inf -inf
-inf -inf -inf -inf -inf -inf
-inf -inf -inf -inf -inf -inf
-inf -inf -inf -inf -inf -inf
-inf -inf -inf -inf -inf -inf
-inf -inf -inf -inf -inf -inf
-inf -inf -inf -inf -inf -inf
-inf -inf -inf -inf -inf -inf
-inf -inf -inf -inf -inf -inf
-inf -inf -inf -inf -inf -inf
-inf -inf -inf -inf -inf -inf
-inf -inf -inf -inf -inf -inf
-inf -inf -inf -inf -inf -inf
-inf -inf -inf -inf -inf -inf
-inf -inf -inf -inf -inf -inf
-inf -inf -inf -inf -inf -inf
-inf -inf -inf -inf -inf -inf
-inf -inf -inf -inf -inf -inf
-inf -inf -inf -inf -inf -inf
-inf -inf -inf -inf -inf -inf
-inf -inf -inf -inf -inf -inf
-inf -inf -inf -inf -inf -inf
-inf -inf -inf -inf -inf -inf
-inf -inf -inf -inf -inf -inf
-inf -inf -inf -inf -inf -inf
-inf -inf -inf -inf -inf -inf
-inf -inf -inf -inf -inf -inf
-inf -inf -inf -inf -inf -inf
-inf -inf -inf -inf -inf -inf
-inf -inf -inf -inf -inf -inf
-inf -inf -inf -inf -inf -inf
-inf -inf -inf -inf -inf -inf
-inf -inf -inf -inf -inf -inf
-inf -inf -inf -inf -inf -inf
