5.572837352752685547e+00 -inf 5.572837352752685547e+00 6.968104839324951172e+00 6.026178359985351562e+00 6.915387630462646484e+00
5.569157123565673828e+00 -inf 5.569157123565673828e+00 6.967674255371093750e+00 6.009961605072021484e+00 6.916954040527343750e+00
5.561604976654052734e+00 -inf 5.561604976654052734e+00 6.967529773712158203e+00 6.000351428985595703e+00 6.917967319488525391e+00
5.557999610900878906e+00 -inf 5.557999610900878906e+00 6.964993953704833984e+00 5.984204292297363281e+00 6.917048454284667969e+00
5.549653053283691406e+00 -inf 5.549653053283691406e+00 6.964128971099853516e+00 5.975881099700927734e+00 6.917045593261718750e+00
5.541625976562500000e+00 -inf 5.541625976562500000e+00 6.964958667755126953e+00 5.952920436859130859e+00 6.920518398284912109e+00
5.529359340667724609e+00 -inf 5.529359340667724609e+00 6.963871002197265625e+00 5.948436737060546875e+00 6.919795513153076172e+00
5.518379688262939453e+00 -inf 5.518379688262939453e+00 6.963232517242431641e+00 5.930165290832519531e+00 6.920998096466064453e+00
5.509208679199218750e+00 -inf 5.509208679199218750e+00 6.964999198913574219e+00 5.929109573364257812e+00 6.923051834106445312e+00
5.503630638122558594e+00 -inf 5.503630638122558594e+00 6.965263366699218750e+00 5.945416450500488281e+00 6.921656131744384766e+00
5.506362438201904297e+00 -inf 5.506362438201904297e+00 6.966761589050292969e+00 5.975608348846435547e+00 6.920009613037109375e+00
5.506927490234375000e+00 -inf 5.506927490234375000e+00 6.967990398406982422e+00 6.027932643890380859e+00 6.915031433105468750e+00
5.497985363006591797e+00 -inf 5.497985363006591797e+00 6.968645095825195312e+00 6.085537910461425781e+00 6.907721996307373047e+00
5.506293296813964844e+00 -inf 5.506293296813964844e+00 6.969039916992187500e+00 6.137886047363281250e+00 6.899725437164306641e+00
5.522034168243408203e+00 -inf 5.522034168243408203e+00 6.969130992889404297e+00 6.184552192687988281e+00 6.891223430633544922e+00
5.530055522918701172e+00 -inf 5.530055522918701172e+00 6.970122337341308594e+00 6.249541282653808594e+00 6.878451824188232422e+00
5.532750606536865234e+00 -inf 5.532750606536865234e+00 6.970589160919189453e+00 6.301873683929443359e+00 6.865773677825927734e+00
5.550976753234863281e+00 -inf 5.550976753234863281e+00 6.970727443695068359e+00 6.364695549011230469e+00 6.847105503082275391e+00
5.560461521148681641e+00 -inf 5.560461521148681641e+00 6.971467018127441406e+00 6.419510841369628906e+00 6.828454494476318359e+00
5.577673912048339844e+00 -inf 5.577673912048339844e+00 6.970704078674316406e+00 6.452083110809326172e+00 6.813964843750000000e+00
5.598608493804931641e+00 -inf 5.598608493804931641e+00 6.970277309417724609e+00 6.469841957092285156e+00 6.805389881134033203e+00
5.617878913879394531e+00 -inf 5.617878913879394531e+00 6.969636440277099609e+00 6.488290309906005859e+00 6.795641899108886719e+00
5.646022319793701172e+00 -inf 5.646022319793701172e+00 6.967890739440917969e+00 6.503708362579345703e+00 6.785182952880859375e+00
5.679238796234130859e+00 -inf 5.679238796234130859e+00 6.966568946838378906e+00 6.507002353668212891e+00 6.781426906585693359e+00
5.719640254974365234e+00 1.923639059066772461e+00 5.719570636749267578e+00 6.963128089904785156e+00 6.506325244903564453e+00 6.776509284973144531e+00
5.772703647613525391e+00 2.603320121765136719e+00 5.772409915924072266e+00 6.959406375885009766e+00 6.499379634857177734e+00 6.774507999420166016e+00
5.848278999328613281e+00 -inf 5.848278999328613281e+00 6.952626228332519531e+00 6.482033729553222656e+00 6.773233413696289062e+00
5.921499729156494141e+00 2.479661941528320312e+00 5.921342372894287109e+00 6.946459293365478516e+00 6.465332031250000000e+00 6.772357463836669922e+00
5.981696605682373047e+00 -inf 5.981696605682373047e+00 6.940255165100097656e+00 6.442093372344970703e+00 6.774314403533935547e+00
6.039289474487304688e+00 2.190321207046508789e+00 6.039228439331054688e+00 6.932644367218017578e+00 6.409709453582763672e+00 6.777766227722167969e+00
6.082685947418212891e+00 1.927294373512268066e+00 6.082655429840087891e+00 6.925985813140869141e+00 6.377622604370117188e+00 6.781563758850097656e+00
6.123291492462158203e+00 -inf 6.123291492462158203e+00 6.919816970825195312e+00 6.347980499267578125e+00 6.784317493438720703e+00
6.177893638610839844e+00 -inf 6.177893638610839844e+00 6.910026073455810547e+00 6.318251132965087891e+00 6.781603813171386719e+00
6.223071098327636719e+00 2.591858863830566406e+00 6.222969055175781250e+00 6.899842739105224609e+00 6.286125659942626953e+00 6.778721332550048828e+00
6.262184619903564453e+00 3.378454208374023438e+00 6.261617183685302734e+00 6.891581535339355469e+00 6.251543045043945312e+00 6.778598308563232422e+00
6.294422626495361328e+00 3.447632551193237305e+00 6.293804168701171875e+00 6.883718013763427734e+00 6.220359325408935547e+00 6.777429103851318359e+00
6.321311950683593750e+00 3.087041378021240234e+00 6.321058273315429688e+00 6.874626159667968750e+00 6.182192802429199219e+00 6.776066303253173828e+00
6.348915576934814453e+00 2.655140876770019531e+00 6.348827838897705078e+00 6.866323947906494141e+00 6.158143997192382812e+00 6.771686077117919922e+00
6.375466346740722656e+00 3.471178531646728516e+00 6.374925136566162109e+00 6.856638908386230469e+00 6.141384601593017578e+00 6.763706207275390625e+00
6.399257183074951172e+00 4.165083885192871094e+00 6.396717548370361328e+00 6.847480773925781250e+00 6.131558895111083984e+00 6.754707336425781250e+00
6.418709754943847656e+00 4.349505424499511719e+00 6.414991378784179688e+00 6.840178966522216797e+00 6.112444400787353516e+00 6.750172615051269531e+00
6.435222625732421875e+00 4.292866706848144531e+00 6.432082176208496094e+00 6.832514762878417969e+00 6.085856914520263672e+00 6.746751308441162109e+00
6.448985099792480469e+00 4.160364151000976562e+00 6.446744918823242188e+00 6.826276302337646484e+00 6.063019275665283203e+00 6.744053840637207031e+00
6.461467742919921875e+00 4.040526866912841797e+00 6.459816932678222656e+00 6.820138931274414062e+00 6.049632072448730469e+00 6.739412307739257812e+00
6.473633289337158203e+00 3.739888668060302734e+00 6.472831249237060547e+00 6.814059734344482422e+00 6.030587673187255859e+00 6.735934734344482422e+00
6.487737655639648438e+00 3.264473676681518555e+00 6.487477302551269531e+00 6.807003974914550781e+00 6.024769783020019531e+00 6.728634834289550781e+00
6.500790119171142578e+00 2.465079784393310547e+00 6.500750064849853516e+00 6.797685146331787109e+00 6.022580146789550781e+00 6.717892169952392578e+00
6.511755466461181641e+00 -inf 6.511755466461181641e+00 6.790550231933593750e+00 6.040969371795654297e+00 6.705421924591064453e+00
6.523403644561767578e+00 1.869257450103759766e+00 6.523394107818603516e+00 6.783606052398681641e+00 6.035010337829589844e+00 6.698265075683593750e+00
6.534046173095703125e+00 -inf 6.534046173095703125e+00 6.776654243469238281e+00 6.023563861846923828e+00 6.692282199859619141e+00
6.546353816986083984e+00 -inf 6.546353816986083984e+00 6.768207073211669922e+00 6.026749610900878906e+00 6.681299209594726562e+00
6.557836055755615234e+00 2.668836832046508789e+00 6.557779312133789062e+00 6.757329463958740234e+00 6.034898281097412109e+00 6.666092395782470703e+00
6.570420265197753906e+00 3.058338642120361328e+00 6.570286750793457031e+00 6.746302127838134766e+00 6.039719581604003906e+00 6.651274204254150391e+00
6.583321094512939453e+00 3.294100761413574219e+00 6.583097457885742188e+00 6.734492301940917969e+00 6.050004959106445312e+00 6.633884429931640625e+00
6.597223758697509766e+00 3.828643083572387695e+00 6.596483230590820312e+00 6.721723556518554688e+00 6.072086811065673828e+00 6.611552238464355469e+00
6.608853340148925781e+00 4.222226142883300781e+00 6.607067108154296875e+00 6.708074569702148438e+00 6.081927776336669922e+00 6.590876579284667969e+00
6.619388103485107422e+00 4.160873889923095703e+00 6.617874622344970703e+00 6.692759990692138672e+00 6.076702594757080078e+00 6.572388172149658203e+00
6.629613399505615234e+00 4.160832405090332031e+00 6.628135204315185547e+00 6.678048610687255859e+00 6.083532333374023438e+00 6.550566196441650391e+00
6.638973236083984375e+00 4.298330307006835938e+00 6.636986255645751953e+00 6.665750026702880859e+00 6.086423397064208984e+00 6.532960891723632812e+00
6.645546913146972656e+00 4.431266784667968750e+00 6.642887115478515625e+00 6.654146194458007812e+00 6.071107387542724609e+00 6.522677421569824219e+00
6.652542114257812500e+00 4.453865528106689453e+00 6.649785041809082031e+00 6.643188953399658203e+00 6.059886455535888672e+00 6.511813640594482422e+00
6.662306308746337891e+00 4.431579589843750000e+00 6.659745693206787109e+00 6.628773212432861328e+00 6.067591190338134766e+00 6.489305973052978516e+00
6.671894550323486328e+00 4.534647464752197266e+00 6.668716430664062500e+00 6.613345146179199219e+00 6.065964698791503906e+00 6.468535423278808594e+00
6.678473472595214844e+00 4.569806098937988281e+00 6.675078868865966797e+00 6.600364685058593750e+00 6.072584152221679688e+00 6.447546958923339844e+00
6.683882713317871094e+00 4.515346527099609375e+00 6.680926322937011719e+00 6.588555812835693359e+00 6.063868045806884766e+00 6.434426784515380859e+00
6.688846111297607422e+00 4.314937114715576172e+00 6.687005996704101562e+00 6.578485965728759766e+00 6.041778087615966797e+00 6.429378509521484375e+00
6.693126678466796875e+00 4.067718505859375000e+00 6.692096710205078125e+00 6.570002079010009766e+00 6.023360252380371094e+00 6.424899101257324219e+00
6.697143554687500000e+00 3.773289442062377930e+00 6.696626186370849609e+00 6.562059879302978516e+00 6.011826515197753906e+00 6.418373584747314453e+00
6.701178073883056641e+00 3.973452091217041016e+00 6.700365066528320312e+00 6.554236412048339844e+00 6.020519256591796875e+00 6.403897762298583984e+00
6.705176353454589844e+00 4.299216270446777344e+00 6.703466892242431641e+00 6.544260025024414062e+00 6.026939392089843750e+00 6.386953830718994141e+00
6.708218574523925781e+00 4.566987037658691406e+00 6.705069541931152344e+00 6.535750389099121094e+00 6.023265361785888672e+00 6.376316547393798828e+00
6.711681365966796875e+00 4.585130214691162109e+00 6.708423614501953125e+00 6.527033329010009766e+00 6.019248962402343750e+00 6.365498065948486328e+00
6.715664386749267578e+00 4.605771064758300781e+00 6.712279319763183594e+00 6.516790866851806641e+00 6.002733707427978516e+00 6.358052730560302734e+00
6.718915939331054688e+00 4.592683315277099609e+00 6.715656280517578125e+00 6.506083965301513672e+00 5.973507881164550781e+00 6.355272769927978516e+00
6.721529960632324219e+00 4.556794643402099609e+00 6.718547344207763672e+00 6.495604515075683594e+00 5.920230388641357422e+00 6.361392974853515625e+00
6.725454807281494141e+00 4.740290164947509766e+00 6.720937252044677734e+00 6.483405113220214844e+00 5.880852222442626953e+00 6.358630180358886719e+00
6.728009700775146484e+00 4.881955623626708984e+00 6.721774578094482422e+00 6.471043586730957031e+00 5.844073772430419922e+00 6.354100227355957031e+00
6.730648517608642578e+00 4.898823738098144531e+00 6.724204540252685547e+00 6.457821369171142578e+00 5.822038650512695312e+00 6.343565464019775391e+00
6.733220577239990234e+00 4.935539722442626953e+00 6.726244926452636719e+00 6.444157123565673828e+00 5.818540573120117188e+00 6.326794624328613281e+00
6.733508110046386719e+00 4.985313892364501953e+00 6.725682735443115234e+00 6.434072971343994141e+00 5.828333854675292969e+00 6.310353279113769531e+00
6.734149456024169922e+00 5.047428607940673828e+00 6.725121974945068359e+00 6.423883914947509766e+00 5.843212127685546875e+00 6.291574954986572266e+00
6.735929489135742188e+00 5.087199687957763672e+00 6.726067066192626953e+00 6.412455558776855469e+00 5.857787609100341797e+00 6.270496368408203125e+00
6.739482879638671875e+00 5.089466571807861328e+00 6.729650020599365234e+00 6.397499561309814453e+00 5.863081932067871094e+00 6.247450351715087891e+00
6.744615077972412109e+00 5.151063919067382812e+00 6.733398914337158203e+00 6.377592563629150391e+00 5.857573986053466797e+00 6.221458911895751953e+00
6.749072551727294922e+00 5.202427864074707031e+00 6.736559391021728516e+00 6.358560085296630859e+00 5.852369785308837891e+00 6.196304798126220703e+00
6.750818729400634766e+00 5.257973194122314453e+00 6.736627101898193359e+00 6.345237255096435547e+00 5.846079349517822266e+00 6.179758548736572266e+00
6.751977443695068359e+00 5.256150722503662109e+00 6.737884998321533203e+00 6.331707477569580078e+00 5.840111732482910156e+00 6.162676334381103516e+00
6.752733707427978516e+00 5.238950252532958984e+00 6.739221096038818359e+00 6.319075584411621094e+00 5.839127540588378906e+00 6.144390583038330078e+00
6.752789020538330078e+00 5.239884853363037109e+00 6.739248752593994141e+00 6.308606147766113281e+00 5.838402748107910156e+00 6.129014015197753906e+00
6.753202915191650391e+00 5.251777172088623047e+00 6.739293098449707031e+00 6.299076557159423828e+00 5.814828872680664062e+00 6.126505374908447266e+00
6.752362728118896484e+00 5.253647804260253906e+00 6.738365650177001953e+00 6.290401935577392578e+00 5.800351619720458984e+00 6.120634078979492188e+00
6.751351833343505859e+00 5.259513378143310547e+00 6.737127304077148438e+00 6.281526088714599609e+00 5.789703845977783203e+00 6.112602710723876953e+00
6.749805450439453125e+00 5.251117229461669922e+00 6.735806941986083984e+00 6.273365497589111328e+00 5.772322177886962891e+00 6.108758449554443359e+00
6.748992443084716797e+00 5.253969192504882812e+00 6.734873294830322266e+00 6.263398647308349609e+00 5.764180660247802734e+00 6.097948074340820312e+00
6.748992443084716797e+00 5.268183708190917969e+00 6.734395980834960938e+00 6.249076366424560547e+00 5.763232231140136719e+00 6.077281951904296875e+00
6.747159481048583984e+00 5.343734264373779297e+00 6.729657649993896484e+00 6.234764575958251953e+00 5.753407001495361328e+00 6.060776233673095703e+00
6.743685245513916016e+00 5.369232177734375000e+00 6.724949836730957031e+00 6.223759651184082031e+00 5.759361267089843750e+00 6.041164875030517578e+00
6.740545749664306641e+00 5.420448303222656250e+00 6.719250202178955078e+00 6.215803146362304688e+00 5.773453235626220703e+00 6.021223545074462891e+00
6.738708972930908203e+00 5.433723926544189453e+00 6.716639518737792969e+00 6.204712390899658203e+00 5.765148639678955078e+00 6.008549690246582031e+00
6.737178802490234375e+00 5.408100128173828125e+00 6.716330051422119141e+00 6.194258689880371094e+00 5.749326705932617188e+00 6.001131534576416016e+00
6.733719825744628906e+00 5.374552726745605469e+00 6.714298248291015625e+00 6.186394214630126953e+00 5.732421398162841797e+00 5.998249053955078125e+00
6.731146812438964844e+00 5.329831123352050781e+00 6.713558197021484375e+00 6.179790496826171875e+00 5.711587429046630859e+00 5.999169826507568359e+00
6.729425430297851562e+00 5.296451091766357422e+00 6.713097095489501953e+00 6.171710014343261719e+00 5.683238029479980469e+00 6.001184463500976562e+00
6.727242946624755859e+00 5.284646511077880859e+00 6.711278438568115234e+00 6.166748046875000000e+00 5.659049510955810547e+00 6.005174636840820312e+00
6.725083351135253906e+00 5.319379806518554688e+00 6.707675457000732422e+00 6.162583827972412109e+00 5.650861740112304688e+00 6.002810955047607422e+00
6.722679138183593750e+00 5.366041660308837891e+00 6.703140735626220703e+00 6.157084941864013672e+00 5.630784034729003906e+00 6.003641605377197266e+00
6.720603466033935547e+00 5.406516551971435547e+00 6.699003219604492188e+00 6.149513721466064453e+00 5.614175319671630859e+00 5.999844074249267578e+00
6.717663764953613281e+00 5.451841354370117188e+00 6.693452358245849609e+00 6.145432949066162109e+00 5.589296340942382812e+00 6.004040241241455078e+00
6.713844776153564453e+00 5.461549282073974609e+00 6.688845157623291016e+00 6.143082618713378906e+00 5.581357002258300781e+00 6.003820896148681641e+00
6.710200786590576172e+00 5.479859352111816406e+00 6.683865547180175781e+00 6.140678882598876953e+00 5.568707942962646484e+00 6.005228519439697266e+00
6.707633495330810547e+00 5.498306274414062500e+00 6.679949760437011719e+00 6.137835502624511719e+00 5.534122467041015625e+00 6.013446807861328125e+00
6.704807758331298828e+00 5.533611297607421875e+00 6.674492835998535156e+00 6.133374214172363281e+00 5.517635822296142578e+00 6.012901306152343750e+00
6.701815605163574219e+00 5.556898593902587891e+00 6.669537544250488281e+00 6.131119251251220703e+00 5.520421981811523438e+00 6.009021759033203125e+00
6.698468208312988281e+00 5.589323520660400391e+00 6.663303852081298828e+00 6.127647399902343750e+00 5.518502712249755859e+00 6.005044460296630859e+00
6.695165634155273438e+00 5.634029388427734375e+00 6.655698776245117188e+00 6.125751495361328125e+00 5.521818637847900391e+00 6.001435279846191406e+00
6.692219734191894531e+00 5.662159919738769531e+00 6.649677276611328125e+00 6.122036933898925781e+00 5.529714584350585938e+00 5.993803024291992188e+00
6.688036918640136719e+00 5.692466735839843750e+00 6.641784191131591797e+00 6.117424964904785156e+00 5.519399166107177734e+00 5.991132736206054688e+00
6.682627201080322266e+00 5.724499702453613281e+00 6.631958007812500000e+00 6.112087249755859375e+00 5.522861480712890625e+00 5.982785224914550781e+00
6.678136825561523438e+00 5.752058029174804688e+00 6.623332023620605469e+00 6.104092121124267578e+00 5.533992767333984375e+00 5.967955112457275391e+00
6.674252033233642578e+00 5.757498264312744141e+00 6.618177413940429688e+00 6.095928192138671875e+00 5.549353122711181641e+00 5.950798988342285156e+00
6.667977333068847656e+00 5.747572898864746094e+00 6.612403392791748047e+00 6.087994575500488281e+00 5.563914775848388672e+00 5.933606624603271484e+00
6.661431789398193359e+00 5.719778060913085938e+00 6.608680248260498047e+00 6.080416679382324219e+00 5.559183597564697266e+00 5.924807548522949219e+00
6.655430316925048828e+00 5.680149078369140625e+00 6.606836795806884766e+00 6.072724819183349609e+00 5.546933174133300781e+00 5.919065475463867188e+00
6.644755363464355469e+00 5.612577438354492188e+00 6.602430820465087891e+00 6.076405525207519531e+00 5.546659469604492188e+00 5.924413204193115234e+00
6.633443832397460938e+00 5.549309730529785156e+00 6.596102714538574219e+00 6.082094192504882812e+00 5.566603660583496094e+00 5.923987388610839844e+00
6.625050544738769531e+00 5.511397838592529297e+00 6.590264320373535156e+00 6.084340095520019531e+00 5.584353923797607422e+00 5.919245243072509766e+00
6.618720531463623047e+00 5.505642414093017578e+00 6.583886623382568359e+00 6.080269813537597656e+00 5.596117019653320312e+00 5.907652378082275391e+00
6.614411354064941406e+00 5.521095275878906250e+00 6.577885150909423828e+00 6.076268672943115234e+00 5.608860969543457031e+00 5.895237445831298828e+00
6.611255168914794922e+00 5.534871101379394531e+00 6.573211193084716797e+00 6.071007251739501953e+00 5.626681804656982422e+00 5.877540111541748047e+00
6.608036041259765625e+00 5.503818988800048828e+00 6.572453498840332031e+00 6.062283992767333984e+00 5.637528419494628906e+00 5.857434749603271484e+00
6.604955196380615234e+00 5.441200256347656250e+00 6.574097156524658203e+00 6.056863307952880859e+00 5.629746437072753906e+00 5.853430271148681641e+00
6.602032184600830078e+00 5.359515190124511719e+00 6.576446533203125000e+00 6.049741744995117188e+00 5.612913131713867188e+00 5.852009773254394531e+00
6.600479602813720703e+00 5.240840435028076172e+00 6.581079006195068359e+00 6.040543079376220703e+00 5.573174476623535156e+00 5.859492301940917969e+00
6.599681854248046875e+00 5.167879581451416016e+00 6.583308219909667969e+00 6.032861709594726562e+00 5.516830444335937500e+00 5.874992370605468750e+00
6.599004268646240234e+00 5.126436233520507812e+00 6.584123611450195312e+00 6.025145053863525391e+00 5.425423145294189453e+00 5.899423599243164062e+00
6.598667144775390625e+00 5.126459121704101562e+00 6.583773136138916016e+00 6.014602661132812500e+00 5.371973037719726562e+00 5.902386188507080078e+00
6.598198890686035156e+00 5.138307094573974609e+00 6.582869529724121094e+00 6.005325794219970703e+00 5.346652507781982422e+00 5.897728919982910156e+00
6.598730087280273438e+00 5.155699253082275391e+00 6.582782268524169922e+00 5.993710517883300781e+00 5.333642959594726562e+00 5.886505126953125000e+00
6.598881721496582031e+00 5.200341224670410156e+00 6.581177711486816406e+00 5.984300136566162109e+00 5.373993873596191406e+00 5.862076282501220703e+00
6.598397254943847656e+00 5.257721424102783203e+00 6.578110694885253906e+00 5.975416660308837891e+00 5.401232719421386719e+00 5.840773582458496094e+00
6.598030567169189453e+00 5.300953865051269531e+00 6.575544834136962891e+00 5.962512969970703125e+00 5.377411842346191406e+00 5.831770420074462891e+00
6.597296714782714844e+00 5.344314098358154297e+00 6.572338581085205078e+00 5.945647239685058594e+00 5.348546504974365234e+00 5.819042205810546875e+00
6.595005512237548828e+00 5.382422924041748047e+00 6.567534923553466797e+00 5.930006504058837891e+00 5.352280139923095703e+00 5.796643733978271484e+00
6.592152595520019531e+00 5.390406131744384766e+00 6.563965320587158203e+00 5.915286064147949219e+00 5.353136539459228516e+00 5.776185035705566406e+00
6.587855815887451172e+00 5.404354095458984375e+00 6.558416843414306641e+00 5.903249263763427734e+00 5.360362529754638672e+00 5.756648063659667969e+00
6.582922935485839844e+00 5.407435894012451172e+00 6.552916526794433594e+00 5.890340805053710938e+00 5.344129085540771484e+00 5.745066642761230469e+00
6.578032016754150391e+00 5.392160892486572266e+00 6.548759460449218750e+00 5.880894660949707031e+00 5.346409797668457031e+00 5.730873107910156250e+00
6.576027870178222656e+00 5.386022567749023438e+00 6.547041893005371094e+00 5.867879867553710938e+00 5.329141616821289062e+00 5.719601154327392578e+00
6.574387550354003906e+00 5.376321315765380859e+00 6.545952320098876953e+00 5.859782218933105469e+00 5.315326690673828125e+00 5.713809013366699219e+00
6.572483539581298828e+00 5.390959739685058594e+00 6.542905807495117188e+00 5.850881576538085938e+00 5.298608779907226562e+00 5.707992553710937500e+00
6.571539878845214844e+00 5.406501293182373047e+00 6.540776252746582031e+00 5.837739944458007812e+00 5.278433799743652344e+00 5.697560310363769531e+00
6.569847583770751953e+00 5.399907112121582031e+00 6.539442062377929688e+00 5.822916507720947266e+00 5.253718376159667969e+00 5.686447143554687500e+00
6.566621780395507812e+00 5.369409561157226562e+00 6.538128376007080078e+00 5.815557479858398438e+00 5.232277393341064453e+00 5.684173583984375000e+00
6.563753604888916016e+00 5.337574958801269531e+00 6.537156581878662109e+00 5.815866470336914062e+00 5.238426685333251953e+00 5.682400703430175781e+00
6.561615943908691406e+00 5.322788238525390625e+00 6.535805702209472656e+00 5.812978744506835938e+00 5.243590354919433594e+00 5.676578998565673828e+00
6.559714794158935547e+00 5.315379142761230469e+00 6.534238815307617188e+00 5.802782535552978516e+00 5.240065574645996094e+00 5.663895130157470703e+00
6.557867527008056641e+00 5.302401065826416016e+00 6.533055305480957031e+00 5.791625976562500000e+00 5.230576038360595703e+00 5.652109146118164062e+00
6.555113315582275391e+00 5.325087070465087891e+00 6.528758049011230469e+00 5.780538082122802734e+00 5.205921173095703125e+00 5.646051883697509766e+00
6.550779819488525391e+00 5.335665225982666016e+00 6.523474693298339844e+00 5.770051479339599609e+00 5.178789138793945312e+00 5.641452789306640625e+00
6.546262264251708984e+00 5.347320079803466797e+00 6.517886161804199219e+00 5.755607128143310547e+00 5.140142440795898438e+00 5.635046482086181641e+00
6.542049407958984375e+00 5.319007396697998047e+00 6.515253543853759766e+00 5.742150306701660156e+00 5.098015785217285156e+00 5.630376338958740234e+00
6.536918163299560547e+00 5.306851863861083984e+00 6.510565280914306641e+00 5.729590415954589844e+00 5.076094627380371094e+00 5.620526790618896484e+00
6.532516479492187500e+00 5.315540790557861328e+00 6.505331516265869141e+00 5.714239597320556641e+00 5.027601242065429688e+00 5.614191532135009766e+00
6.530791282653808594e+00 5.324597358703613281e+00 6.502900123596191406e+00 5.692622661590576172e+00 4.971693515777587891e+00 5.601033210754394531e+00
6.530551433563232422e+00 5.316461086273193359e+00 6.503179550170898438e+00 5.666004657745361328e+00 4.947528839111328125e+00 5.573836803436279297e+00
6.530651569366455078e+00 5.288461685180664062e+00 6.505045890808105469e+00 5.637473583221435547e+00 4.949253559112548828e+00 5.537833690643310547e+00
6.527205944061279297e+00 5.283051967620849609e+00 6.501719474792480469e+00 5.612984180450439453e+00 4.920503616333007812e+00 5.514436244964599609e+00
6.521541595458984375e+00 5.268091678619384766e+00 6.496610641479492188e+00 5.585120201110839844e+00 4.856392383575439453e+00 5.495341300964355469e+00
6.517066478729248047e+00 5.260234355926513672e+00 6.492334365844726562e+00 5.555992603302001953e+00 4.817023277282714844e+00 5.468531608581542969e+00
6.511359214782714844e+00 5.246512413024902344e+00 6.487092494964599609e+00 5.537837982177734375e+00 4.800272941589355469e+00 5.450063705444335938e+00
6.505559921264648438e+00 5.236957550048828125e+00 6.481508255004882812e+00 5.522388935089111328e+00 4.756250858306884766e+00 5.440764904022216797e+00
6.498023986816406250e+00 5.233715534210205078e+00 6.473726272583007812e+00 5.507112026214599609e+00 4.695363998413085938e+00 5.434349060058593750e+00
6.489838600158691406e+00 5.216021060943603516e+00 6.466081619262695312e+00 5.496119022369384766e+00 4.634358406066894531e+00 5.431888103485107422e+00
6.483102798461914062e+00 5.188923358917236328e+00 6.460463047027587891e+00 5.473969459533691406e+00 4.585112571716308594e+00 5.413905620574951172e+00
6.476569652557373047e+00 5.141532421112060547e+00 6.456010818481445312e+00 5.449693202972412109e+00 4.486521720886230469e+00 5.399643898010253906e+00
6.470807552337646484e+00 5.093488216400146484e+00 6.452197551727294922e+00 5.430304527282714844e+00 4.382305622100830078e+00 5.389567375183105469e+00
6.466226577758789062e+00 5.029372215270996094e+00 6.450045585632324219e+00 5.403190135955810547e+00 4.278740406036376953e+00 5.369292259216308594e+00
6.463965892791748047e+00 4.961646080017089844e+00 6.450086116790771484e+00 5.368971824645996094e+00 4.297133445739746094e+00 5.330509662628173828e+00
6.461910247802734375e+00 4.944082736968994141e+00 6.448524951934814453e+00 5.326792716979980469e+00 4.349105358123779297e+00 5.278483867645263672e+00
6.459281444549560547e+00 4.926184177398681641e+00 6.446365356445312500e+00 5.287516117095947266e+00 4.304917335510253906e+00 5.239781379699707031e+00
6.457796573638916016e+00 4.957374095916748047e+00 6.443854808807373047e+00 5.212455749511718750e+00 4.262016773223876953e+00 5.160825729370117188e+00
6.454552173614501953e+00 4.924153804779052734e+00 6.441554069519042969e+00 5.140981674194335938e+00 4.045689582824707031e+00 5.104628562927246094e+00
6.449817657470703125e+00 4.925315380096435547e+00 6.436639308929443359e+00 5.057980060577392578e+00 3.726266622543334961e+00 5.037260055541992188e+00
6.442803859710693359e+00 4.952302455902099609e+00 6.428534507751464844e+00 4.991654396057128906e+00 3.722637414932250977e+00 4.967625617980957031e+00
6.434422492980957031e+00 4.944084644317626953e+00 6.420147895812988281e+00 4.848537445068359375e+00 3.744287729263305664e+00 4.812957763671875000e+00
6.421322345733642578e+00 4.894327640533447266e+00 6.408220767974853516e+00 4.769757270812988281e+00 3.694346904754638672e+00 4.731624126434326172e+00
6.400668621063232422e+00 4.875457763671875000e+00 6.387511730194091797e+00 4.724139213562011719e+00 3.626971960067749023e+00 4.687949180603027344e+00
6.376693725585937500e+00 4.885584831237792969e+00 6.362444877624511719e+00 4.669076919555664062e+00 3.568276166915893555e+00 4.633201599121093750e+00
6.351409912109375000e+00 4.883369445800781250e+00 6.336369991302490234e+00 4.626990795135498047e+00 3.490115404129028320e+00 4.594086170196533203e+00
6.324928283691406250e+00 4.878739833831787109e+00 6.309097766876220703e+00 4.579740047454833984e+00 3.451653003692626953e+00 4.546135902404785156e+00
6.299184799194335938e+00 4.876049995422363281e+00 6.282474994659423828e+00 4.434319019317626953e+00 2.971836566925048828e+00 4.419082164764404297e+00
6.273686408996582031e+00 4.875442981719970703e+00 6.255970478057861328e+00 4.233731746673583984e+00 2.867871046066284180e+00 4.214613437652587891e+00
6.247749805450439453e+00 4.860080242156982422e+00 6.229588031768798828e+00 3.930028200149536133e+00 2.407761573791503906e+00 3.916780948638916016e+00
6.216934680938720703e+00 4.812200069427490234e+00 6.199486732482910156e+00 3.258572340011596680e+00 -inf 3.258572340011596680e+00
6.180189609527587891e+00 4.776614665985107422e+00 6.162694454193115234e+00 2.397167444229125977e+00 -inf 2.397167444229125977e+00
6.144402503967285156e+00 4.784597873687744141e+00 6.125009536743164062e+00 -inf -inf -inf
6.113727092742919922e+00 4.823942184448242188e+00 6.090850353240966797e+00 -inf -inf -inf
6.082746982574462891e+00 4.784440040588378906e+00 6.060327053070068359e+00 -inf -inf -inf
6.050209045410156250e+00 4.787574291229248047e+00 6.025815010070800781e+00 -inf -inf -inf
6.012148380279541016e+00 4.801248073577880859e+00 5.984567642211914062e+00 -inf -inf -inf
5.972922801971435547e+00 4.813382625579833984e+00 5.941752910614013672e+00 -inf -inf -inf
5.932878017425537109e+00 4.789588928222656250e+00 5.900474548339843750e+00 -inf -inf -inf
5.888532161712646484e+00 4.725519657135009766e+00 5.857619285583496094e+00 -inf -inf -inf
5.833870410919189453e+00 4.639324188232421875e+00 5.805195808410644531e+00 -inf -inf -inf
5.763240337371826172e+00 4.392216682434082031e+00 5.744352817535400391e+00 -inf -inf -inf
5.718488693237304688e+00 4.427766799926757812e+00 5.695662498474121094e+00 -inf -inf -inf
5.679682731628417969e+00 4.300020217895507812e+00 5.661175727844238281e+00 -inf -inf -inf
5.643293380737304688e+00 4.129323959350585938e+00 5.629786968231201172e+00 -inf -inf -inf
5.599762439727783203e+00 4.109738349914550781e+00 5.585477352142333984e+00 -inf -inf -inf
5.559469223022460938e+00 4.196389675140380859e+00 5.540225028991699219e+00 -inf -inf -inf
5.523060798645019531e+00 4.143227100372314453e+00 5.504560947418212891e+00 -inf -inf -inf
5.500523567199707031e+00 4.082209110260009766e+00 5.483623504638671875e+00 -inf -inf -inf
5.477989196777343750e+00 4.058780670166015625e+00 5.461124420166015625e+00 -inf -inf -inf
5.438866138458251953e+00 4.071542739868164062e+00 5.419813632965087891e+00 -inf -inf -inf
5.401174545288085938e+00 3.972618579864501953e+00 5.384675502777099609e+00 -inf -inf -inf
5.344703197479248047e+00 4.122689723968505859e+00 5.317841053009033203e+00 -inf -inf -inf
5.285718917846679688e+00 4.233306407928466797e+00 5.245413303375244141e+00 -inf -inf -inf
5.234896183013916016e+00 4.204073429107666016e+00 5.192432403564453125e+00 -inf -inf -inf
5.196280002593994141e+00 4.209421157836914062e+00 5.149037361145019531e+00 -inf -inf -inf
5.133912563323974609e+00 4.079071998596191406e+00 5.093842029571533203e+00 -inf -inf -inf
5.075970649719238281e+00 3.574317216873168945e+00 5.062068939208984375e+00 -inf -inf -inf
5.027784347534179688e+00 3.513738393783569336e+00 5.014280319213867188e+00 -inf -inf -inf
4.969535350799560547e+00 3.280253171920776367e+00 4.960561275482177734e+00 -inf -inf -inf
4.903907299041748047e+00 2.561447381973266602e+00 4.901928901672363281e+00 -inf -inf -inf
4.848564624786376953e+00 3.313502311706542969e+00 4.835708141326904297e+00 -inf -inf -inf
4.787395954132080078e+00 3.310291290283203125e+00 4.772671699523925781e+00 -inf -inf -inf
4.676616191864013672e+00 2.997917175292968750e+00 4.667418479919433594e+00 -inf -inf -inf
4.602628707885742188e+00 3.041407585144042969e+00 4.590534210205078125e+00 -inf -inf -inf
4.533230781555175781e+00 3.011514902114868164e+00 4.519966602325439453e+00 -inf -inf -inf
4.474240779876708984e+00 2.757569313049316406e+00 4.465820789337158203e+00 -inf -inf -inf
4.410851955413818359e+00 2.182400226593017578e+00 4.408277988433837891e+00 -inf -inf -inf
4.292118072509765625e+00 2.178910493850708008e+00 4.288758754730224609e+00 -inf -inf -inf
4.171627044677734375e+00 -inf 4.171627044677734375e+00 -inf -inf -inf
4.027624130249023438e+00 -inf 4.027624130249023438e+00 -inf -inf -inf
3.868278980255126953e+00 1.878283143043518066e+00 3.863811969757080078e+00 -inf -inf -inf
3.816767454147338867e+00 -inf 3.816767454147338867e+00 -inf -inf -inf
2.691677093505859375e+00 -inf 2.691677093505859375e+00 -inf -inf -inf
-inf -inf -inf -inf -inf -inf
-inf -inf -inf -inf -inf -inf
-inf -inf -inf -inf -inf -inf
-inf -inf -inf -inf -inf -inf
-inf -inf -inf -inf -inf -inf
-inf -inf -inf -inf -inf -inf
-inf -inf -inf -inf -inf -inf
-inf -inf -inf -inf -inf -inf
-inf -inf -inf -inf -inf -inf
-inf -inf -inf -inf -inf -inf
-inf -inf -inf -inf -inf -inf
-inf -inf -inf -inf -inf -inf
