-inf -inf -inf 4.888740062713623047e+00 5.840560197830200195e-01 -inf
-inf -inf -inf 4.889096260070800781e+00 1.170350790023803711e+00 -inf
-inf -inf -inf 4.889131069183349609e+00 9.096525907516479492e-01 -inf
-inf -inf -inf 4.895861625671386719e+00 7.363851666450500488e-01 -inf
-inf -inf -inf 4.907131671905517578e+00 5.890167355537414551e-01 -inf
-inf -inf -inf 4.922515392303466797e+00 6.421226263046264648e-01 -inf
-inf -inf -inf 4.935807704925537109e+00 1.875337511301040649e-01 -inf
-inf -inf -inf 4.955193519592285156e+00 5.388755798339843750e-01 -inf
-inf -inf -inf 4.974226474761962891e+00 -3.503169417381286621e-01 -inf
-inf -inf -inf 4.990478992462158203e+00 8.636397123336791992e-01 -inf
-inf -inf -inf 5.011734962463378906e+00 1.380106568336486816e+00 -inf
-inf -inf -inf 5.028376579284667969e+00 1.007820129394531250e+00 -inf
-inf -inf -inf 5.039815425872802734e+00 1.027078032493591309e+00 -inf
-inf -inf -inf 5.054870128631591797e+00 6.811134219169616699e-01 -inf
-inf -inf -inf 5.067517757415771484e+00 9.374744296073913574e-01 -inf
-inf -inf -inf 5.078402042388916016e+00 1.081952929496765137e+00 -inf
-inf -inf -inf 5.090779781341552734e+00 1.291015625000000000e+00 -inf
-inf -inf -inf 5.105692386627197266e+00 1.129170060157775879e+00 -inf
-inf -inf -inf 5.118960857391357422e+00 7.874197959899902344e-01 -inf
-inf -inf -inf 5.132446289062500000e+00 4.348237812519073486e-01 -inf
-inf -inf -inf 5.142014503479003906e+00 1.247974753379821777e+00 -inf
-inf -inf -inf 5.152045726776123047e+00 9.451976418495178223e-01 -inf
-inf -inf -inf 5.160496711730957031e+00 1.021476626396179199e+00 -inf
-inf -inf -inf 5.167010784149169922e+00 1.070269942283630371e+00 -inf
-inf -inf -inf 5.173076629638671875e+00 9.411662817001342773e-01 -inf
-inf -inf -inf 5.174994468688964844e+00 1.396383881568908691e+00 -inf
-inf -inf -inf 5.175005435943603516e+00 4.831088781356811523e-01 -inf
-inf -inf -inf 5.174314498901367188e+00 -2.045002728700637817e-01 -inf
-inf -inf -inf 5.173134803771972656e+00 6.434945464134216309e-01 -inf
-inf -inf -inf 5.169668674468994141e+00 -9.925252757966518402e-03 -inf
-inf -inf -inf 5.164426803588867188e+00 3.671075403690338135e-01 -inf
-inf -inf -inf 5.158259391784667969e+00 1.487571001052856445e+00 -inf
-inf -inf -inf 5.151251316070556641e+00 7.815861105918884277e-01 -inf
-inf -inf -inf 5.141569137573242188e+00 3.366107344627380371e-01 -inf
-inf -inf -inf 5.134019374847412109e+00 1.093976855278015137e+00 -inf
-inf -inf -inf 5.123331069946289062e+00 -4.584430158138275146e-01 -inf
-inf -inf -inf 5.114018440246582031e+00 -1.434126019477844238e+00 -inf
-inf -inf -inf 5.103207588195800781e+00 -inf -inf
-inf -inf -inf 5.092349052429199219e+00 -1.447525858879089355e+00 -inf
-inf -inf -inf 5.079507350921630859e+00 -5.387817025184631348e-01 -inf
-inf -inf -inf 5.067225933074951172e+00 4.065039455890655518e-01 -inf
-inf -inf -inf 5.054101467132568359e+00 2.557083731517195702e-03 -inf
-inf -inf -inf 5.037344932556152344e+00 -5.579599142074584961e-01 -inf
-inf -inf -inf 5.021671295166015625e+00 -1.106179237365722656e+00 -inf
-inf -inf -inf 5.006694316864013672e+00 -3.554137051105499268e-01 -inf
-inf -inf -inf 4.991833209991455078e+00 2.041172087192535400e-01 -inf
-inf -inf -inf 4.974658012390136719e+00 4.273965954780578613e-01 -inf
-inf -inf -inf 4.956634998321533203e+00 1.371374964714050293e+00 -inf
-inf -inf -inf 4.934970378875732422e+00 6.817046403884887695e-01 -inf
-inf -inf -inf 4.912178516387939453e+00 -3.114489614963531494e-01 -inf
-inf -inf -inf 4.888093948364257812e+00 6.701675057411193848e-02 -inf
-inf -inf -inf 4.862075805664062500e+00 5.194019675254821777e-01 -inf
-inf -inf -inf 4.831405162811279297e+00 -6.887663900852203369e-02 -inf
-inf -inf -inf 4.792238712310791016e+00 -1.183948874473571777e+00 -inf
-inf -inf -inf 4.746908187866210938e+00 -1.466982603073120117e+00 -inf
-inf -inf -inf 4.696924209594726562e+00 -7.410093545913696289e-01 -inf
-inf -inf -inf 4.642444133758544922e+00 -4.699024260044097900e-01 -inf
-inf -inf -inf 4.587390899658203125e+00 -1.571789383888244629e-01 -inf
-inf -inf -inf 4.533882141113281250e+00 4.922717809677124023e-02 -inf
-inf -inf -inf 4.479331016540527344e+00 6.458660364151000977e-01 -inf
-inf -inf -inf 4.404736042022705078e+00 -2.035546302795410156e-01 -inf
-inf -inf -inf 4.341104984283447266e+00 2.786815166473388672e-01 -inf
-inf -inf -inf 4.284130096435546875e+00 2.483848482370376587e-01 -inf
-inf -inf -inf 4.232532501220703125e+00 -8.311594724655151367e-01 -inf
-inf -inf -inf 4.189385890960693359e+00 -inf -inf
-inf -inf -inf 4.140911102294921875e+00 -inf -inf
-inf -inf -inf 4.080040454864501953e+00 -inf -inf
-inf -inf -inf 4.012750148773193359e+00 -6.631500124931335449e-01 -inf
-inf -inf -inf 3.996004581451416016e+00 -9.745687246322631836e-01 -inf
-inf -inf -inf 3.984599113464355469e+00 -7.644512653350830078e-01 -inf
-inf -inf -inf 3.965239763259887695e+00 -6.915047764778137207e-01 -inf
-inf -inf -inf 3.936195373535156250e+00 -1.099163651466369629e+00 -inf
-inf -inf -inf 3.932622194290161133e+00 -1.609832763671875000e+00 -inf
-inf -inf -inf 3.918568611145019531e+00 -1.116468071937561035e+00 -inf
-inf -inf -inf 3.859614849090576172e+00 -1.320386767387390137e+00 -inf
-inf -inf -inf 3.819747209548950195e+00 -8.923627734184265137e-01 -inf
-inf -inf -inf 3.806711912155151367e+00 -5.379053950309753418e-01 -inf
-inf -inf -inf 3.768566608428955078e+00 -5.479963421821594238e-01 -inf
-inf -inf -inf 3.732313394546508789e+00 -1.216502428054809570e+00 -inf
-inf -inf -inf 3.714033126831054688e+00 -inf -inf
-inf -inf -inf 3.686114549636840820e+00 -1.594838500022888184e+00 -inf
-inf -inf -inf 3.670527935028076172e+00 -1.761936664581298828e+00 -inf
-inf -inf -inf 3.651727914810180664e+00 -4.639251530170440674e-01 -inf
-inf -inf -inf 3.643348932266235352e+00 -4.071102142333984375e-01 -inf
-inf -inf -inf 3.654676198959350586e+00 -inf -inf
-inf -inf -inf 3.696757316589355469e+00 -inf -inf
-inf -inf -inf 3.720711708068847656e+00 -inf -inf
-inf -inf -inf 3.760483264923095703e+00 -1.601746201515197754e+00 -inf
-inf -inf -inf 3.795050621032714844e+00 -1.219258546829223633e+00 -inf
-inf -inf -inf 3.851872444152832031e+00 -2.863658666610717773e+00 -inf
-inf -inf -inf 3.889389038085937500e+00 -1.678748011589050293e+00 -inf
-inf -inf -inf 3.938082456588745117e+00 -3.650571405887603760e-01 -inf
-inf -inf -inf 3.978895902633666992e+00 -9.037634134292602539e-01 -inf
-inf -inf -inf 4.017687320709228516e+00 -1.420782089233398438e+00 -inf
-inf -inf -inf 4.055735111236572266e+00 -1.475548624992370605e+00 -inf
-inf -inf -inf 4.090405941009521484e+00 -6.741041541099548340e-01 -inf
-inf -inf -inf 4.123691082000732422e+00 -7.769166827201843262e-01 -inf
-inf -inf -inf 4.142740249633789062e+00 -6.667187809944152832e-01 -inf
-inf -inf -inf 4.160386562347412109e+00 -1.132693409919738770e+00 -inf
-inf -inf -inf 4.187582015991210938e+00 -5.691694617271423340e-01 -inf
-inf -inf -inf 4.216463088989257812e+00 -inf -inf
-inf -inf -inf 4.249820232391357422e+00 -1.205115199089050293e+00 -inf
-inf -inf -inf 4.269500732421875000e+00 -1.279399752616882324e+00 -inf
-inf -inf -inf 4.293348312377929688e+00 -6.684944033622741699e-01 -inf
-inf -inf -inf 4.309966087341308594e+00 -1.140702486038208008e+00 -inf
-inf -inf -inf 4.328094959259033203e+00 -8.789924979209899902e-01 -inf
-inf -inf -inf 4.338122367858886719e+00 -inf -inf
-inf -inf -inf 4.345249176025390625e+00 -inf -inf
-inf -inf -inf 4.351386070251464844e+00 -inf -inf
-inf -inf -inf 4.349413871765136719e+00 -inf -inf
-inf -inf -inf 4.351959228515625000e+00 -1.053134322166442871e+00 -inf
-inf -inf -inf 4.355093002319335938e+00 -1.445755243301391602e+00 -inf
-inf -inf -inf 4.348634719848632812e+00 -2.261302947998046875e+00 -inf
-inf -inf -inf 4.346142292022705078e+00 -3.354071974754333496e-01 -inf
-inf -inf -inf 4.345656871795654297e+00 2.633018195629119873e-01 -inf
-inf -inf -inf 4.337450027465820312e+00 -3.305279910564422607e-01 -inf
-inf -inf -inf 4.327097892761230469e+00 -1.144682884216308594e+00 -inf
-inf -inf -inf 4.315209865570068359e+00 -1.831757545471191406e+00 -inf
-inf -inf -inf 4.303043842315673828e+00 -2.323951244354248047e+00 -inf
-inf -inf -inf 4.288597106933593750e+00 -inf -inf
-inf -inf -inf 4.269230365753173828e+00 -1.606591463088989258e+00 -inf
-inf -inf -inf 4.258701324462890625e+00 -inf -inf
-inf -inf -inf 4.243175029754638672e+00 -inf -inf
-inf -inf -inf 4.233757495880126953e+00 -2.967747151851654053e-01 -inf
-inf -inf -inf 4.218783855438232422e+00 -inf -inf
-inf -inf -inf 4.200276851654052734e+00 -inf -inf
-inf -inf -inf 4.183246612548828125e+00 -8.433305621147155762e-01 -inf
-inf -inf -inf 4.168367385864257812e+00 -1.921506524085998535e+00 -inf
-inf -inf -inf 4.142599582672119141e+00 -inf -inf
-inf -inf -inf 4.121988773345947266e+00 -inf -inf
-inf -inf -inf 4.090782165527343750e+00 -inf -inf
-inf -inf -inf 4.067787647247314453e+00 -inf -inf
-inf -inf -inf 4.041715621948242188e+00 -inf -inf
-inf -inf -inf 3.977545499801635742e+00 -inf -inf
-inf -inf -inf 3.944769144058227539e+00 -8.124915361404418945e-01 -inf
-inf -inf -inf 3.917375802993774414e+00 -1.391446828842163086e+00 -inf
-inf -inf -inf 3.889729738235473633e+00 -inf -inf
-inf -inf -inf 3.812114000320434570e+00 -inf -inf
-inf -inf -inf 3.776783943176269531e+00 -inf -inf
-inf -inf -inf 3.729725122451782227e+00 -inf -inf
-inf -inf -inf 3.662008047103881836e+00 -inf -inf
-inf -inf -inf 3.626243591308593750e+00 -4.931252002716064453e-01 -inf
-inf -inf -inf 3.553581476211547852e+00 -2.083975791931152344e+00 -inf
-inf -inf -inf 3.487279176712036133e+00 -1.907906651496887207e+00 -inf
-inf -inf -inf 3.425173521041870117e+00 -1.118250370025634766e+00 -inf
-inf -inf -inf 3.346438884735107422e+00 -inf -inf
-inf -inf -inf 3.294837951660156250e+00 -inf -inf
-inf -inf -inf 3.236782073974609375e+00 -inf -inf
-inf -inf -inf 3.194945812225341797e+00 -inf -inf
-inf -inf -inf 3.178399085998535156e+00 -1.916299462318420410e+00 -inf
-inf -inf -inf 3.173016071319580078e+00 -inf -inf
-inf -inf -inf 3.278856039047241211e+00 -1.913335680961608887e+00 -inf
-inf -inf -inf 3.388758659362792969e+00 -1.691488981246948242e+00 -inf
-inf -inf -inf 3.399905920028686523e+00 -1.817926883697509766e+00 -inf
-inf -inf -inf 3.469841003417968750e+00 -7.725297808647155762e-01 -inf
-inf -inf -inf 3.534483671188354492e+00 -4.134161174297332764e-01 -inf
-inf -inf -inf 3.561430931091308594e+00 -1.374561309814453125e+00 -inf
-inf -inf -inf 3.571439504623413086e+00 -1.347915530204772949e+00 -inf
-inf -inf -inf 3.618132114410400391e+00 -5.514613389968872070e-01 -inf
-inf -inf -inf 3.676160573959350586e+00 -1.268471628427505493e-01 -inf
-inf -inf -inf 3.730788707733154297e+00 -inf -inf
-inf -inf -inf 3.782248258590698242e+00 -1.098296880722045898e+00 -inf
-inf -inf -inf 3.825132369995117188e+00 -1.616851687431335449e+00 -inf
-inf -inf -inf 3.845724821090698242e+00 -inf -inf
-inf -inf -inf 3.855990409851074219e+00 -1.151037335395812988e+00 -inf
-inf -inf -inf 3.869668245315551758e+00 -1.240658164024353027e+00 -inf
-inf -inf -inf 3.893906593322753906e+00 -1.003873944282531738e+00 -inf
-inf -inf -inf 3.919187545776367188e+00 -inf -inf
-inf -inf -inf 3.934066772460937500e+00 -inf -inf
-inf -inf -inf 3.936723232269287109e+00 -1.076900005340576172e+00 -inf
-inf -inf -inf 3.940044641494750977e+00 -1.288898706436157227e+00 -inf
-inf -inf -inf 3.953840732574462891e+00 -inf -inf
-inf -inf -inf 3.973183155059814453e+00 -inf -inf
-inf -inf -inf 3.982277154922485352e+00 -1.441789388656616211e+00 -inf
-inf -inf -inf 3.994277000427246094e+00 -2.740561068058013916e-01 -inf
-inf -inf -inf 4.003774642944335938e+00 -1.970086693763732910e+00 -inf
-inf -inf -inf 3.985977411270141602e+00 -9.144186973571777344e-01 -inf
-inf -inf -inf 3.997868061065673828e+00 -1.439826726913452148e+00 -inf
-inf -inf -inf 4.004733562469482422e+00 -inf -inf
-inf -inf -inf 4.008203506469726562e+00 -inf -inf
-inf -inf -inf 4.013415813446044922e+00 -1.829005122184753418e+00 -inf
-inf -inf -inf 4.014814853668212891e+00 -inf -inf
-inf -inf -inf 4.003074169158935547e+00 -inf -inf
-inf -inf -inf 3.997717857360839844e+00 -inf -inf
-inf -inf -inf 3.991582870483398438e+00 -inf -inf
-inf -inf -inf 3.991884946823120117e+00 -inf -inf
-inf -inf -inf 3.991425275802612305e+00 -inf -inf
-inf -inf -inf 3.972742080688476562e+00 -inf -inf
-inf -inf -inf 3.966405868530273438e+00 -inf -inf
-inf -inf -inf 3.952378034591674805e+00 -inf -inf
-inf -inf -inf 3.946402072906494141e+00 -1.571906328201293945e+00 -inf
-inf -inf -inf 3.942718744277954102e+00 -1.556352257728576660e+00 -inf
-inf -inf -inf 3.926856279373168945e+00 -1.595411539077758789e+00 -inf
-inf -inf -inf 3.929975986480712891e+00 -3.154019713401794434e-01 -inf
-inf -inf -inf 3.915855884552001953e+00 -5.809420347213745117e-01 -inf
-inf -inf -inf 3.910155773162841797e+00 -1.627446770668029785e+00 -inf
-inf -inf -inf 3.887973546981811523e+00 -inf -inf
-inf -inf -inf 3.899472713470458984e+00 -inf -inf
-inf -inf -inf 3.915396690368652344e+00 -9.853027462959289551e-01 -inf
-inf -inf -inf 3.953645229339599609e+00 -1.113885760307312012e+00 -inf
-inf -inf -inf 3.990463972091674805e+00 -6.046893000602722168e-01 -inf
-inf -inf -inf 4.034015178680419922e+00 -2.042441368103027344e+00 -inf
-inf -inf -inf 4.068594932556152344e+00 2.515641041100025177e-02 -inf
-inf -inf -inf 4.107724666595458984e+00 -4.908336997032165527e-01 -inf
-inf -inf -inf 4.168217182159423828e+00 -1.087448358535766602e+00 -inf
-inf -inf -inf 4.204344749450683594e+00 -6.107323765754699707e-01 -inf
-inf -inf -inf 4.243511676788330078e+00 2.557907253503799438e-03 -inf
-inf -inf -inf 4.275014400482177734e+00 -3.984853923320770264e-01 -inf
-inf -inf -inf 4.304202079772949219e+00 -1.484821796417236328e+00 -inf
-inf -inf -inf 4.327510833740234375e+00 -3.047943115234375000e-01 -inf
-inf -inf -inf 4.355805873870849609e+00 2.061415016651153564e-01 -inf
-inf -inf -inf 4.377613544464111328e+00 -6.457298994064331055e-01 -inf
-inf -inf -inf 4.388348102569580078e+00 4.542096704244613647e-02 -inf
-inf -inf -inf 4.409467220306396484e+00 1.767558157444000244e-01 -inf
-inf -inf -inf 4.431453227996826172e+00 2.214381992816925049e-01 -inf
-inf -inf -inf 4.450562953948974609e+00 7.176592200994491577e-02 -inf
-inf -inf -inf 4.461965084075927734e+00 1.834088377654552460e-02 -inf
-inf -inf -inf 4.481191158294677734e+00 -2.550654709339141846e-01 -inf
-inf -inf -inf 4.496678829193115234e+00 -2.522798068821430206e-02 -inf
-inf -inf -inf 4.510079383850097656e+00 -7.944325804710388184e-01 -inf
-inf -inf -inf 4.518173694610595703e+00 -1.081663250923156738e+00 -inf
-inf -inf -inf 4.527180671691894531e+00 -1.923420906066894531e+00 -inf
-inf -inf -inf 4.539365291595458984e+00 -1.415254592895507812e+00 -inf
-inf -inf -inf 4.543658733367919922e+00 -inf -inf
-inf -inf -inf 4.548192024230957031e+00 -inf -inf
-inf -inf -inf 4.552777290344238281e+00 -inf -inf
-inf -inf -inf 4.556674003601074219e+00 -inf -inf
-inf -inf -inf 4.561262130737304688e+00 -inf -inf
-inf -inf -inf 4.564476966857910156e+00 -inf -inf
-inf -inf -inf 4.566568374633789062e+00 -inf -inf
-inf -inf -inf 4.564438343048095703e+00 -inf -inf
-inf -inf -inf 4.565128326416015625e+00 -1.585611224174499512e+00 -inf
-inf -inf -inf 4.565599441528320312e+00 -inf -inf
-inf -inf -inf 4.563856601715087891e+00 -inf -inf
-inf -inf -inf 4.559809207916259766e+00 -inf -inf
-inf -inf -inf 4.558763980865478516e+00 -inf -inf
-inf -inf -inf 4.557735919952392578e+00 -inf -inf
-inf -inf -inf 4.555402755737304688e+00 -inf -inf
-inf -inf -inf 4.552500247955322266e+00 -inf -inf
-inf -inf -inf 4.549197673797607422e+00 -1.836268663406372070e+00 -inf
-inf -inf -inf 4.545458316802978516e+00 -1.738883972167968750e+00 -inf
-inf -inf -inf 4.534853935241699219e+00 -inf -inf
-inf -inf -inf 4.530530929565429688e+00 -1.862504959106445312e+00 -inf
-inf -inf -inf 4.525613784790039062e+00 -1.939794063568115234e+00 -inf
-inf -inf -inf 4.515674591064453125e+00 -2.185760498046875000e+00 -inf
-inf -inf -inf 4.511646270751953125e+00 -1.423237800598144531e+00 -inf
-inf -inf -inf 4.504252433776855469e+00 -inf -inf
-inf -inf -inf 4.485659122467041016e+00 -1.861631512641906738e+00 -inf
-inf -inf -inf 4.471591472625732422e+00 -1.798748970031738281e-01 -inf
