5.935238361358642578e+00 -inf 5.935238361358642578e+00 6.923308849334716797e+00 5.240874767303466797e+00 6.914191246032714844e+00
5.947517395019531250e+00 -inf 5.947517395019531250e+00 6.921146869659423828e+00 5.265735626220703125e+00 6.911436557769775391e+00
5.966656208038330078e+00 -inf 5.966656208038330078e+00 6.917964458465576172e+00 5.279078483581542969e+00 6.907873630523681641e+00
5.986665248870849609e+00 -inf 5.986665248870849609e+00 6.913092136383056641e+00 5.237232685089111328e+00 6.903833389282226562e+00
6.010331630706787109e+00 -inf 6.010331630706787109e+00 6.908310413360595703e+00 5.263683319091796875e+00 6.898353099822998047e+00
6.036062240600585938e+00 -inf 6.036062240600585938e+00 6.902858734130859375e+00 5.269406318664550781e+00 6.892639636993408203e+00
6.057452201843261719e+00 -inf 6.057452201843261719e+00 6.896743774414062500e+00 5.213115215301513672e+00 6.887650966644287109e+00
6.077302455902099609e+00 -inf 6.077302455902099609e+00 6.891822814941406250e+00 5.208176612854003906e+00 6.882730484008789062e+00
6.097410678863525391e+00 -inf 6.097410678863525391e+00 6.885501861572265625e+00 5.169068813323974609e+00 6.877077579498291016e+00
6.115034580230712891e+00 -inf 6.115034580230712891e+00 6.879127502441406250e+00 5.107126712799072266e+00 6.871723175048828125e+00
6.134812831878662109e+00 -inf 6.134812831878662109e+00 6.873228073120117188e+00 5.104029178619384766e+00 6.865775585174560547e+00
6.153004169464111328e+00 -inf 6.153004169464111328e+00 6.867323875427246094e+00 4.879624366760253906e+00 6.862833023071289062e+00
6.168466091156005859e+00 -inf 6.168466091156005859e+00 6.861728668212890625e+00 4.793062210083007812e+00 6.858005046844482422e+00
6.182970046997070312e+00 -inf 6.182970046997070312e+00 6.856197357177734375e+00 4.880960941314697266e+00 6.851575374603271484e+00
6.196753978729248047e+00 -inf 6.196753978729248047e+00 6.850847244262695312e+00 4.939139366149902344e+00 6.845492362976074219e+00
6.209190368652343750e+00 -inf 6.209190368652343750e+00 6.845648765563964844e+00 5.053308963775634766e+00 6.838585853576660156e+00
6.221201419830322266e+00 -inf 6.221201419830322266e+00 6.840480804443359375e+00 5.140123367309570312e+00 6.831735134124755859e+00
6.232396602630615234e+00 -inf 6.232396602630615234e+00 6.834573745727539062e+00 5.204857349395751953e+00 6.824265003204345703e+00
6.242218494415283203e+00 -inf 6.242218494415283203e+00 6.828632831573486328e+00 5.284247398376464844e+00 6.816053390502929688e+00
6.249712467193603516e+00 -inf 6.249712467193603516e+00 6.823142528533935547e+00 5.365306377410888672e+00 6.807738780975341797e+00
6.255967140197753906e+00 -inf 6.255967140197753906e+00 6.818021774291992188e+00 5.410253047943115234e+00 6.800697803497314453e+00
6.260324478149414062e+00 -inf 6.260324478149414062e+00 6.813101768493652344e+00 5.446359157562255859e+00 6.794023036956787109e+00
6.262026786804199219e+00 -inf 6.262026786804199219e+00 6.809657573699951172e+00 5.478712558746337891e+00 6.788899898529052734e+00
6.261551856994628906e+00 -inf 6.261551856994628906e+00 6.806690692901611328e+00 5.511124610900878906e+00 6.784124851226806641e+00
6.259799003601074219e+00 -inf 6.259799003601074219e+00 6.803136825561523438e+00 5.532532215118408203e+00 6.779198646545410156e+00
6.257414340972900391e+00 -inf 6.257414340972900391e+00 6.799367427825927734e+00 5.557094573974609375e+00 6.773766994476318359e+00
6.254274368286132812e+00 -inf 6.254274368286132812e+00 6.796681880950927734e+00 5.594431400299072266e+00 6.768528461456298828e+00
6.249878883361816406e+00 -inf 6.249878883361816406e+00 6.794879913330078125e+00 5.643705368041992188e+00 6.763080596923828125e+00
6.244086265563964844e+00 -inf 6.244086265563964844e+00 6.794380187988281250e+00 5.664881706237792969e+00 6.760889530181884766e+00
6.237554550170898438e+00 -inf 6.237554550170898438e+00 6.794358253479003906e+00 5.656254768371582031e+00 6.761549949645996094e+00
6.229200363159179688e+00 -inf 6.229200363159179688e+00 6.795472621917724609e+00 5.629881858825683594e+00 6.764749526977539062e+00
6.218996047973632812e+00 -inf 6.218996047973632812e+00 6.796584129333496094e+00 5.615888118743896484e+00 6.766947746276855469e+00
6.206678867340087891e+00 -inf 6.206678867340087891e+00 6.799326419830322266e+00 5.606709480285644531e+00 6.770519733428955078e+00
6.194046497344970703e+00 -inf 6.194046497344970703e+00 6.801181793212890625e+00 5.577501296997070312e+00 6.774426460266113281e+00
6.181147098541259766e+00 -inf 6.181147098541259766e+00 6.803930282592773438e+00 5.573527336120605469e+00 6.777598381042480469e+00
6.166941642761230469e+00 -inf 6.166941642761230469e+00 6.806941032409667969e+00 5.552749633789062500e+00 6.782053470611572266e+00
6.152098655700683594e+00 -inf 6.152098655700683594e+00 6.810134410858154297e+00 5.524832248687744141e+00 6.787014007568359375e+00
6.137072563171386719e+00 -inf 6.137072563171386719e+00 6.813418388366699219e+00 5.500673294067382812e+00 6.791749954223632812e+00
6.121793270111083984e+00 -inf 6.121793270111083984e+00 6.816761493682861328e+00 5.469045639038085938e+00 6.796808242797851562e+00
6.106173515319824219e+00 -inf 6.106173515319824219e+00 6.818251609802246094e+00 5.376503944396972656e+00 6.802256107330322266e+00
6.090483188629150391e+00 -inf 6.090483188629150391e+00 6.821664333343505859e+00 5.306221961975097656e+00 6.808204174041748047e+00
6.075064659118652344e+00 -inf 6.075064659118652344e+00 6.824988842010498047e+00 5.300924777984619141e+00 6.811797142028808594e+00
6.059165477752685547e+00 -inf 6.059165477752685547e+00 6.828290939331054688e+00 5.286335945129394531e+00 6.815639972686767578e+00
6.042704105377197266e+00 -inf 6.042704105377197266e+00 6.831577777862548828e+00 5.288923740386962891e+00 6.818946838378906250e+00
6.025497436523437500e+00 -inf 6.025497436523437500e+00 6.833884716033935547e+00 5.263297557830810547e+00 6.822051525115966797e+00
6.007490634918212891e+00 -inf 6.007490634918212891e+00 6.837229251861572266e+00 5.245213508605957031e+00 6.825973033905029297e+00
5.989006519317626953e+00 -inf 5.989006519317626953e+00 6.840532779693603516e+00 5.248906135559082031e+00 6.829267024993896484e+00
5.970690250396728516e+00 -inf 5.970690250396728516e+00 6.843546390533447266e+00 5.229217529296875000e+00 6.832860946655273438e+00
5.952342033386230469e+00 -inf 5.952342033386230469e+00 6.845278739929199219e+00 5.188255310058593750e+00 6.835605144500732422e+00
5.933193683624267578e+00 -inf 5.933193683624267578e+00 6.847967147827148438e+00 5.169142723083496094e+00 6.838772296905517578e+00
5.912582397460937500e+00 -inf 5.912582397460937500e+00 6.850961685180664062e+00 5.213244438171386719e+00 6.840842723846435547e+00
5.890063285827636719e+00 -inf 5.890063285827636719e+00 6.853158473968505859e+00 5.208409309387207031e+00 6.843204021453857422e+00
5.866209506988525391e+00 -inf 5.866209506988525391e+00 6.856712818145751953e+00 5.216395854949951172e+00 6.846655368804931641e+00
5.841379642486572266e+00 -inf 5.841379642486572266e+00 6.860553741455078125e+00 5.210732460021972656e+00 6.850717067718505859e+00
5.813972473144531250e+00 -inf 5.813972473144531250e+00 6.864678382873535156e+00 5.213683128356933594e+00 6.854867458343505859e+00
5.782477855682373047e+00 -inf 5.782477855682373047e+00 6.869200229644775391e+00 5.170526504516601562e+00 6.860420227050781250e+00
5.742722511291503906e+00 -inf 5.742722511291503906e+00 6.874437332153320312e+00 5.148209095001220703e+00 6.866202354431152344e+00
5.695339679718017578e+00 -inf 5.695339679718017578e+00 6.880020618438720703e+00 5.178110122680664062e+00 6.871306419372558594e+00
5.643593788146972656e+00 -inf 5.643593788146972656e+00 6.883853912353515625e+00 5.137474536895751953e+00 6.875995159149169922e+00
5.585633277893066406e+00 -inf 5.585633277893066406e+00 6.889331817626953125e+00 5.151569366455078125e+00 6.881314754486083984e+00
5.525210857391357422e+00 -inf 5.525210857391357422e+00 6.894881725311279297e+00 5.116529941558837891e+00 6.887586116790771484e+00
5.465399265289306641e+00 -inf 5.465399265289306641e+00 6.900645256042480469e+00 5.103435993194580078e+00 6.893661975860595703e+00
5.400530815124511719e+00 -inf 5.400530815124511719e+00 6.905698299407958984e+00 4.973327159881591797e+00 6.900593280792236328e+00
5.337427616119384766e+00 -inf 5.337427616119384766e+00 6.911135196685791016e+00 4.904442787170410156e+00 6.906837463378906250e+00
5.281592845916748047e+00 -inf 5.281592845916748047e+00 6.915759086608886719e+00 4.882166862487792969e+00 6.911720752716064453e+00
5.228458881378173828e+00 -inf 5.228458881378173828e+00 6.920025825500488281e+00 4.843080997467041016e+00 6.916372776031494141e+00
5.183157444000244141e+00 -inf 5.183157444000244141e+00 6.924446105957031250e+00 4.850928306579589844e+00 6.920763969421386719e+00
5.135495185852050781e+00 -inf 5.135495185852050781e+00 6.929883956909179688e+00 4.881556034088134766e+00 6.925981044769287109e+00
5.088898181915283203e+00 -inf 5.088898181915283203e+00 6.936028003692626953e+00 4.847042083740234375e+00 6.932475566864013672e+00
5.045940876007080078e+00 -inf 5.045940876007080078e+00 6.941534519195556641e+00 4.907233238220214844e+00 6.937502861022949219e+00
5.009418964385986328e+00 -inf 5.009418964385986328e+00 6.945649623870849609e+00 5.030794143676757812e+00 6.940333843231201172e+00
4.984217643737792969e+00 -inf 4.984217643737792969e+00 6.949046611785888672e+00 5.138683319091796875e+00 6.942273616790771484e+00
4.965895652770996094e+00 -inf 4.965895652770996094e+00 6.951793193817138672e+00 5.186180591583251953e+00 6.944278240203857422e+00
4.956014156341552734e+00 -inf 4.956014156341552734e+00 6.954571247100830078e+00 5.195555686950683594e+00 6.946940898895263672e+00
4.951714515686035156e+00 -inf 4.951714515686035156e+00 6.957092285156250000e+00 5.196155071258544922e+00 6.949495315551757812e+00
4.949607372283935547e+00 -inf 4.949607372283935547e+00 6.959717273712158203e+00 5.230703830718994141e+00 6.951535224914550781e+00
4.953184127807617188e+00 -inf 4.953184127807617188e+00 6.962335586547851562e+00 5.316998958587646484e+00 6.952395439147949219e+00
4.958789348602294922e+00 -inf 4.958789348602294922e+00 6.964419841766357422e+00 5.330785751342773438e+00 6.954204559326171875e+00
4.960478305816650391e+00 -inf 4.960478305816650391e+00 6.966516494750976562e+00 5.342838764190673828e+00 6.956061363220214844e+00
4.965198040008544922e+00 -inf 4.965198040008544922e+00 6.968531608581542969e+00 5.354403972625732422e+00 6.957841396331787109e+00
4.981880664825439453e+00 -inf 4.981880664825439453e+00 6.970190048217773438e+00 5.344868659973144531e+00 6.959774971008300781e+00
4.990888118743896484e+00 -inf 4.990888118743896484e+00 6.971417427062988281e+00 5.333764553070068359e+00 6.961297512054443359e+00
4.997522830963134766e+00 -inf 4.997522830963134766e+00 6.972456932067871094e+00 5.303496360778808594e+00 6.963048934936523438e+00
5.004718780517578125e+00 -inf 5.004718780517578125e+00 6.973551273345947266e+00 5.291054248809814453e+00 6.964434623718261719e+00
5.020699977874755859e+00 -inf 5.020699977874755859e+00 6.974514484405517578e+00 5.265896320343017578e+00 6.965935707092285156e+00
5.034647941589355469e+00 -inf 5.034647941589355469e+00 6.975147724151611328e+00 5.236943721771240234e+00 6.967138767242431641e+00
5.048728466033935547e+00 -inf 5.048728466033935547e+00 6.975667476654052734e+00 5.244279861450195312e+00 6.967530727386474609e+00
5.073201656341552734e+00 -inf 5.073201656341552734e+00 6.976028442382812500e+00 5.280075550079345703e+00 6.967192649841308594e+00
5.099477767944335938e+00 -inf 5.099477767944335938e+00 6.976115226745605469e+00 5.271064281463623047e+00 6.967464923858642578e+00
5.123940944671630859e+00 -inf 5.123940944671630859e+00 6.975698947906494141e+00 5.289140701293945312e+00 6.966667652130126953e+00
5.146915435791015625e+00 -inf 5.146915435791015625e+00 6.975513458251953125e+00 5.306878566741943359e+00 6.966098308563232422e+00
5.169025421142578125e+00 -inf 5.169025421142578125e+00 6.975326061248779297e+00 5.320750713348388672e+00 6.965597152709960938e+00
5.190519332885742188e+00 -inf 5.190519332885742188e+00 6.975106716156005859e+00 5.330815792083740234e+00 6.965142250061035156e+00
5.212836265563964844e+00 -inf 5.212836265563964844e+00 6.974848747253417969e+00 5.337351322174072266e+00 6.964725017547607422e+00
5.236315727233886719e+00 -inf 5.236315727233886719e+00 6.974535465240478516e+00 5.310052394866943359e+00 6.965028762817382812e+00
5.259390354156494141e+00 -inf 5.259390354156494141e+00 6.974176883697509766e+00 5.289002895355224609e+00 6.965116977691650391e+00
5.287675380706787109e+00 -inf 5.287675380706787109e+00 6.973678112030029297e+00 5.282412528991699219e+00 6.964745044708251953e+00
5.316463470458984375e+00 -inf 5.316463470458984375e+00 6.973083019256591797e+00 5.257994174957275391e+00 6.964632034301757812e+00
5.342770576477050781e+00 -inf 5.342770576477050781e+00 6.972486019134521484e+00 5.286871910095214844e+00 6.963435173034667969e+00
5.366697788238525391e+00 -inf 5.366697788238525391e+00 6.971641540527343750e+00 5.295923709869384766e+00 6.962379455566406250e+00
5.386306285858154297e+00 -inf 5.386306285858154297e+00 6.971147537231445312e+00 5.347989559173583984e+00 6.960680007934570312e+00
5.402904510498046875e+00 -inf 5.402904510498046875e+00 6.970706939697265625e+00 5.370658397674560547e+00 6.959660053253173828e+00
5.417176723480224609e+00 -inf 5.417176723480224609e+00 6.970304489135742188e+00 5.395756244659423828e+00 6.958580017089843750e+00
5.430553913116455078e+00 -inf 5.430553913116455078e+00 6.969889640808105469e+00 5.381258487701416016e+00 6.958544254302978516e+00
5.444331169128417969e+00 -inf 5.444331169128417969e+00 6.969457149505615234e+00 5.374163150787353516e+00 6.958286762237548828e+00
5.457398891448974609e+00 -inf 5.457398891448974609e+00 6.968447208404541016e+00 5.373789787292480469e+00 6.957260608673095703e+00
5.469204425811767578e+00 -inf 5.469204425811767578e+00 6.968053817749023438e+00 5.401484966278076172e+00 6.956109523773193359e+00
5.479763031005859375e+00 -inf 5.479763031005859375e+00 6.967693805694580078e+00 5.418128013610839844e+00 6.955265522003173828e+00
5.488497257232666016e+00 -inf 5.488497257232666016e+00 6.967356681823730469e+00 5.434056758880615234e+00 6.954446792602539062e+00
5.495568752288818359e+00 -inf 5.495568752288818359e+00 6.967070579528808594e+00 5.442955970764160156e+00 6.953879833221435547e+00
5.502059459686279297e+00 -inf 5.502059459686279297e+00 6.966806888580322266e+00 5.487920761108398438e+00 6.952144145965576172e+00
5.508558750152587891e+00 -inf 5.508558750152587891e+00 6.965932846069335938e+00 5.517479896545410156e+00 6.950186252593994141e+00
5.515312671661376953e+00 -inf 5.515312671661376953e+00 6.965286254882812500e+00 5.527975559234619141e+00 6.949122905731201172e+00
5.521100997924804688e+00 -inf 5.521100997924804688e+00 6.964931488037109375e+00 5.559304237365722656e+00 6.947519779205322266e+00
5.525323390960693359e+00 -inf 5.525323390960693359e+00 6.964698791503906250e+00 5.602342128753662109e+00 6.945421695709228516e+00
5.528706073760986328e+00 -inf 5.528706073760986328e+00 6.964494705200195312e+00 5.641397476196289062e+00 6.943349361419677734e+00
5.532536029815673828e+00 -inf 5.532536029815673828e+00 6.964312553405761719e+00 5.659267425537109375e+00 6.942246437072753906e+00
5.534734249114990234e+00 -inf 5.534734249114990234e+00 6.963288784027099609e+00 5.651743888854980469e+00 6.941559314727783203e+00
5.533780574798583984e+00 -inf 5.533780574798583984e+00 6.963255882263183594e+00 5.670129299163818359e+00 6.940559864044189453e+00
5.529084682464599609e+00 -inf 5.529084682464599609e+00 6.963375568389892578e+00 5.702311515808105469e+00 6.938889980316162109e+00
5.521036148071289062e+00 -inf 5.521036148071289062e+00 6.962662220001220703e+00 5.710485935211181641e+00 6.937655448913574219e+00
5.508701324462890625e+00 -inf 5.508701324462890625e+00 6.962624549865722656e+00 5.721970558166503906e+00 6.936925411224365234e+00
5.493718624114990234e+00 -inf 5.493718624114990234e+00 6.962606430053710938e+00 5.731443881988525391e+00 6.936322212219238281e+00
5.477649688720703125e+00 -inf 5.477649688720703125e+00 6.962896347045898438e+00 5.727411270141601562e+00 6.936880588531494141e+00
5.460328578948974609e+00 -inf 5.460328578948974609e+00 6.962200641632080078e+00 5.697371482849121094e+00 6.937932968139648438e+00
5.440937042236328125e+00 -inf 5.440937042236328125e+00 6.962745189666748047e+00 5.669540882110595703e+00 6.940052509307861328e+00
5.421127319335937500e+00 -inf 5.421127319335937500e+00 6.963288784027099609e+00 5.644595146179199219e+00 6.941922664642333984e+00
5.400723457336425781e+00 -inf 5.400723457336425781e+00 6.963815689086914062e+00 5.630003452301025391e+00 6.943198204040527344e+00
5.377904891967773438e+00 -inf 5.377904891967773438e+00 6.963615417480468750e+00 5.597156524658203125e+00 6.944523811340332031e+00
5.353395938873291016e+00 -inf 5.353395938873291016e+00 6.963453769683837891e+00 5.593205928802490234e+00 6.944531917572021484e+00
5.327748775482177734e+00 -inf 5.327748775482177734e+00 6.963921546936035156e+00 5.611373901367187500e+00 6.944194793701171875e+00
5.300953865051269531e+00 -inf 5.300953865051269531e+00 6.964349269866943359e+00 5.615567684173583984e+00 6.944446086883544922e+00
5.274002552032470703e+00 -inf 5.274002552032470703e+00 6.964726448059082031e+00 5.609515190124511719e+00 6.945123195648193359e+00
5.249591827392578125e+00 -inf 5.249591827392578125e+00 6.964939117431640625e+00 5.565261363983154297e+00 6.947282314300537109e+00
5.225771427154541016e+00 -inf 5.225771427154541016e+00 6.964246749877929688e+00 5.516981601715087891e+00 6.948456764221191406e+00
5.199898719787597656e+00 -inf 5.199898719787597656e+00 6.962793827056884766e+00 5.451647758483886719e+00 6.949197769165039062e+00
5.168619155883789062e+00 -inf 5.168619155883789062e+00 6.962092876434326172e+00 5.416703224182128906e+00 6.949542522430419922e+00
5.131910800933837891e+00 -inf 5.131910800933837891e+00 6.961279392242431641e+00 5.361817359924316406e+00 6.950217247009277344e+00
5.096026420593261719e+00 -inf 5.096026420593261719e+00 6.960603237152099609e+00 5.306767463684082031e+00 6.950857639312744141e+00
5.062918186187744141e+00 -inf 5.062918186187744141e+00 6.960425376892089844e+00 5.232399940490722656e+00 6.952224254608154297e+00
5.031399726867675781e+00 -inf 5.031399726867675781e+00 6.960274696350097656e+00 5.176499366760253906e+00 6.953070163726806641e+00
4.998083114624023438e+00 -inf 4.998083114624023438e+00 6.960148334503173828e+00 5.096704006195068359e+00 6.954159736633300781e+00
4.962433815002441406e+00 -inf 4.962433815002441406e+00 6.959978103637695312e+00 5.079483985900878906e+00 6.954221725463867188e+00
4.917938709259033203e+00 -inf 4.917938709259033203e+00 6.957660198211669922e+00 4.823626995086669922e+00 6.954458236694335938e+00
4.879456043243408203e+00 -inf 4.879456043243408203e+00 6.957177639007568359e+00 4.777441501617431641e+00 6.954297065734863281e+00
4.851629257202148438e+00 -inf 4.851629257202148438e+00 6.956558704376220703e+00 4.749656677246093750e+00 6.953853130340576172e+00
4.830854892730712891e+00 -inf 4.830854892730712891e+00 6.955604076385498047e+00 4.606442451477050781e+00 6.953656196594238281e+00
4.826056480407714844e+00 -inf 4.826056480407714844e+00 6.954349994659423828e+00 4.421147346496582031e+00 6.953075885772705078e+00
4.839513778686523438e+00 -inf 4.839513778686523438e+00 6.952784061431884766e+00 4.322428703308105469e+00 6.951765537261962891e+00
4.875070095062255859e+00 -inf 4.875070095062255859e+00 6.951085567474365234e+00 4.197936534881591797e+00 6.950317859649658203e+00
4.903593540191650391e+00 -inf 4.903593540191650391e+00 6.949265480041503906e+00 4.102465629577636719e+00 6.948647499084472656e+00
4.933381557464599609e+00 -inf 4.933381557464599609e+00 6.947338581085205078e+00 4.102038383483886719e+00 6.946717739105224609e+00
4.960583686828613281e+00 -inf 4.960583686828613281e+00 6.945191383361816406e+00 4.091327190399169922e+00 6.944583415985107422e+00
4.981986999511718750e+00 -inf 4.981986999511718750e+00 6.943027973175048828e+00 4.122075557708740234e+00 6.942371368408203125e+00
5.001865863800048828e+00 -inf 5.001865863800048828e+00 6.941063880920410156e+00 4.137697219848632812e+00 6.940380573272705078e+00
5.027418136596679688e+00 -inf 5.027418136596679688e+00 6.938858985900878906e+00 4.130574226379394531e+00 6.938183307647705078e+00
5.063538551330566406e+00 -inf 5.063538551330566406e+00 6.936416625976562500e+00 4.189840793609619141e+00 6.935637474060058594e+00
5.093388557434082031e+00 -inf 5.093388557434082031e+00 6.933873176574707031e+00 4.227873802185058594e+00 6.933017730712890625e+00
5.118128776550292969e+00 -inf 5.118128776550292969e+00 6.931138992309570312e+00 4.323649406433105469e+00 6.930065631866455078e+00
5.140409946441650391e+00 -inf 5.140409946441650391e+00 6.928701877593994141e+00 4.542279243469238281e+00 6.926914215087890625e+00
5.155653476715087891e+00 -inf 5.155653476715087891e+00 6.926520824432373047e+00 4.636446952819824219e+00 6.924288272857666016e+00
5.166949272155761719e+00 -inf 5.166949272155761719e+00 6.924311161041259766e+00 4.697413444519042969e+00 6.921728134155273438e+00
5.176378250122070312e+00 -inf 5.176378250122070312e+00 6.921754837036132812e+00 4.676641464233398438e+00 6.919278144836425781e+00
5.186098575592041016e+00 -inf 5.186098575592041016e+00 6.919661998748779297e+00 4.790188312530517578e+00 6.916427135467529297e+00
5.192391872406005859e+00 -inf 5.192391872406005859e+00 6.917742729187011719e+00 4.913059711456298828e+00 6.913424968719482422e+00
5.196668624877929688e+00 -inf 5.196668624877929688e+00 6.915984630584716797e+00 5.023390293121337891e+00 6.910387039184570312e+00
5.196025848388671875e+00 -inf 5.196025848388671875e+00 6.914180278778076172e+00 5.089622497558593750e+00 6.907626628875732422e+00
5.191884517669677734e+00 -inf 5.191884517669677734e+00 6.912700176239013672e+00 5.122665405273437500e+00 6.905599594116210938e+00
5.188379287719726562e+00 -inf 5.188379287719726562e+00 6.911318778991699219e+00 5.137640476226806641e+00 6.903943538665771484e+00
5.183763980865478516e+00 -inf 5.183763980865478516e+00 6.909637451171875000e+00 5.144379615783691406e+00 6.902116298675537109e+00
5.180099964141845703e+00 -inf 5.180099964141845703e+00 6.908483982086181641e+00 5.191237926483154297e+00 6.900074958801269531e+00
5.172645092010498047e+00 -inf 5.172645092010498047e+00 6.907099246978759766e+00 5.240787506103515625e+00 6.897632598876953125e+00
5.165286540985107422e+00 -inf 5.165286540985107422e+00 6.906336784362792969e+00 5.287390232086181641e+00 6.895765781402587891e+00
5.156579971313476562e+00 -inf 5.156579971313476562e+00 6.905756950378417969e+00 5.326319694519042969e+00 6.894165515899658203e+00
5.146523475646972656e+00 -inf 5.146523475646972656e+00 6.905420303344726562e+00 5.379318714141845703e+00 6.892291545867919922e+00
5.138178348541259766e+00 -inf 5.138178348541259766e+00 6.905152320861816406e+00 5.421197414398193359e+00 6.890662670135498047e+00
5.129332065582275391e+00 -inf 5.129332065582275391e+00 6.904141902923583984e+00 5.441044807434082031e+00 6.888926982879638672e+00
5.120429039001464844e+00 -inf 5.120429039001464844e+00 6.904257297515869141e+00 5.486838817596435547e+00 6.887321472167968750e+00
5.112067699432373047e+00 -inf 5.112067699432373047e+00 6.904528617858886719e+00 5.541886806488037109e+00 6.885264873504638672e+00
5.104749202728271484e+00 -inf 5.104749202728271484e+00 6.904953956604003906e+00 5.550937652587890625e+00 6.885294914245605469e+00
5.099863052368164062e+00 -inf 5.099863052368164062e+00 6.904672145843505859e+00 5.549026966094970703e+00 6.885088443756103516e+00
5.096791744232177734e+00 -inf 5.096791744232177734e+00 6.905269622802734375e+00 5.542329788208007812e+00 6.886019706726074219e+00
5.095977306365966797e+00 -inf 5.095977306365966797e+00 6.905945301055908203e+00 5.545135974884033203e+00 6.886598587036132812e+00
5.094248294830322266e+00 -inf 5.094248294830322266e+00 6.906700134277343750e+00 5.564827442169189453e+00 6.886470317840576172e+00
5.091307640075683594e+00 -inf 5.091307640075683594e+00 6.906646728515625000e+00 5.568640232086181641e+00 6.886231899261474609e+00
5.089448928833007812e+00 -inf 5.089448928833007812e+00 6.905459880828857422e+00 5.550273418426513672e+00 6.885855197906494141e+00
5.086645603179931641e+00 -inf 5.086645603179931641e+00 6.906490802764892578e+00 5.551824092864990234e+00 6.886861801147460938e+00
5.082376956939697266e+00 -inf 5.082376956939697266e+00 6.907620906829833984e+00 5.529559135437011719e+00 6.889043807983398438e+00
5.076664447784423828e+00 -inf 5.076664447784423828e+00 6.908844947814941406e+00 5.458381175994873047e+00 6.893172740936279297e+00
5.070942878723144531e+00 -inf 5.070942878723144531e+00 6.910127639770507812e+00 5.372650146484375000e+00 6.897343635559082031e+00
5.064403057098388672e+00 -inf 5.064403057098388672e+00 6.911506175994873047e+00 5.270899772644042969e+00 6.901455402374267578e+00
5.058147430419921875e+00 -inf 5.058147430419921875e+00 6.912960052490234375e+00 5.222323417663574219e+00 6.904014587402343750e+00
5.051869869232177734e+00 -inf 5.051869869232177734e+00 6.914482593536376953e+00 5.180851459503173828e+00 6.906387805938720703e+00
5.046316623687744141e+00 -inf 5.046316623687744141e+00 6.915953636169433594e+00 5.107439041137695312e+00 6.909151077270507812e+00
5.042450428009033203e+00 -inf 5.042450428009033203e+00 6.917373180389404297e+00 5.037674903869628906e+00 6.911605834960937500e+00
5.040724277496337891e+00 -inf 5.040724277496337891e+00 6.918720722198486328e+00 4.972244739532470703e+00 6.913780212402343750e+00
5.047005176544189453e+00 -inf 5.047005176544189453e+00 6.919970989227294922e+00 4.966624259948730469e+00 6.915108203887939453e+00
5.074548244476318359e+00 -inf 5.074548244476318359e+00 6.920325279235839844e+00 4.910206317901611328e+00 6.916061401367187500e+00
5.107492923736572266e+00 -inf 5.107492923736572266e+00 6.921149253845214844e+00 4.876326560974121094e+00 6.917214393615722656e+00
5.135573387145996094e+00 -inf 5.135573387145996094e+00 6.921943187713623047e+00 4.816092967987060547e+00 6.918526172637939453e+00
5.183118820190429688e+00 -inf 5.183118820190429688e+00 6.922047615051269531e+00 4.811094760894775391e+00 6.918670654296875000e+00
5.227504730224609375e+00 -inf 5.227504730224609375e+00 6.922313213348388672e+00 4.768531322479248047e+00 6.919254779815673828e+00
5.271075725555419922e+00 -inf 5.271075725555419922e+00 6.922612667083740234e+00 4.708679199218750000e+00 6.919950485229492188e+00
5.311453342437744141e+00 -inf 5.311453342437744141e+00 6.922906875610351562e+00 4.616296768188476562e+00 6.920757770538330078e+00
5.345238208770751953e+00 -inf 5.345238208770751953e+00 6.923297405242919922e+00 4.578076839447021484e+00 6.921331405639648438e+00
5.372278213500976562e+00 -inf 5.372278213500976562e+00 6.923772811889648438e+00 4.600607395172119141e+00 6.921704292297363281e+00
5.396172046661376953e+00 -inf 5.396172046661376953e+00 6.924230098724365234e+00 4.669335365295410156e+00 6.921808242797851562e+00
5.417942047119140625e+00 -inf 5.417942047119140625e+00 6.924638271331787109e+00 4.756797790527343750e+00 6.921677112579345703e+00
5.438307285308837891e+00 -inf 5.438307285308837891e+00 6.924916267395019531e+00 4.837697982788085938e+00 6.921348571777343750e+00
5.458353996276855469e+00 -inf 5.458353996276855469e+00 6.925055503845214844e+00 4.829878330230712891e+00 6.921553134918212891e+00
5.476261138916015625e+00 -inf 5.476261138916015625e+00 6.925180912017822266e+00 4.794969081878662109e+00 6.921951293945312500e+00
5.493067741394042969e+00 -inf 5.493067741394042969e+00 6.925358772277832031e+00 4.809709548950195312e+00 6.922018051147460938e+00
5.510974884033203125e+00 -inf 5.510974884033203125e+00 6.925545215606689453e+00 4.776432991027832031e+00 6.922453403472900391e+00
5.527239799499511719e+00 -inf 5.527239799499511719e+00 6.925681114196777344e+00 4.820069789886474609e+00 6.922262191772460938e+00
5.541389942169189453e+00 -inf 5.541389942169189453e+00 6.925766944885253906e+00 4.881678581237792969e+00 6.921824932098388672e+00
5.553803443908691406e+00 -inf 5.553803443908691406e+00 6.925905227661132812e+00 4.931193351745605469e+00 6.921486854553222656e+00
5.565386295318603516e+00 -inf 5.565386295318603516e+00 6.926015853881835938e+00 5.005019187927246094e+00 6.920774936676025391e+00
5.574864387512207031e+00 -inf 5.574864387512207031e+00 6.926081180572509766e+00 5.119799137115478516e+00 6.919243335723876953e+00
5.584125518798828125e+00 -inf 5.584125518798828125e+00 6.926029682159423828e+00 5.209696292877197266e+00 6.917603015899658203e+00
5.591709136962890625e+00 -inf 5.591709136962890625e+00 6.925366401672363281e+00 5.253081798553466797e+00 6.916030406951904297e+00
5.597809791564941406e+00 -inf 5.597809791564941406e+00 6.925300121307373047e+00 5.340681076049804688e+00 6.913848400115966797e+00
5.602178573608398438e+00 -inf 5.602178573608398438e+00 6.924664497375488281e+00 5.391372203826904297e+00 6.911754131317138672e+00
5.604915618896484375e+00 -inf 5.604915618896484375e+00 6.924168586730957031e+00 5.461170196533203125e+00 6.908950328826904297e+00
5.606618881225585938e+00 -inf 5.606618881225585938e+00 6.923401355743408203e+00 5.508432865142822266e+00 6.906367778778076172e+00
5.607561588287353516e+00 -inf 5.607561588287353516e+00 6.923181056976318359e+00 5.549555301666259766e+00 6.904408931732177734e+00
5.607621669769287109e+00 -inf 5.607621669769287109e+00 6.923026561737060547e+00 5.572258472442626953e+00 6.903216361999511719e+00
5.607195377349853516e+00 -inf 5.607195377349853516e+00 6.923306465148925781e+00 5.571420669555664062e+00 6.903548717498779297e+00
5.606397628784179688e+00 -inf 5.606397628784179688e+00 6.923568248748779297e+00 5.575687885284423828e+00 6.903623104095458984e+00
5.605301380157470703e+00 -inf 5.605301380157470703e+00 6.923823356628417969e+00 5.561543464660644531e+00 6.904543399810791016e+00
5.603940963745117188e+00 -inf 5.603940963745117188e+00 6.924065589904785156e+00 5.527739524841308594e+00 6.906269550323486328e+00
5.602514743804931641e+00 -inf 5.602514743804931641e+00 6.923923492431640625e+00 5.523738861083984375e+00 6.906288146972656250e+00
5.601022243499755859e+00 -inf 5.601022243499755859e+00 6.924222946166992188e+00 5.506204128265380859e+00 6.907310962677001953e+00
5.599446296691894531e+00 -inf 5.599446296691894531e+00 6.924715042114257812e+00 5.480331897735595703e+00 6.908817768096923828e+00
5.597910404205322266e+00 -inf 5.597910404205322266e+00 6.924808979034423828e+00 5.415393352508544922e+00 6.911158084869384766e+00
5.595974922180175781e+00 -inf 5.595974922180175781e+00 6.925611972808837891e+00 5.373240947723388672e+00 6.913265228271484375e+00
5.593585968017578125e+00 -inf 5.593585968017578125e+00 6.926649570465087891e+00 5.357227325439453125e+00 6.914783954620361328e+00
5.590945720672607422e+00 -inf 5.590945720672607422e+00 6.927731513977050781e+00 5.311361312866210938e+00 6.917096614837646484e+00
5.588394165039062500e+00 -inf 5.588394165039062500e+00 6.928605079650878906e+00 5.279693603515625000e+00 6.918746948242187500e+00
5.585728168487548828e+00 -inf 5.585728168487548828e+00 6.928816795349121094e+00 5.203979969024658203e+00 6.920555114746093750e+00
5.583072662353515625e+00 -inf 5.583072662353515625e+00 6.929224967956542969e+00 5.183019161224365234e+00 6.921363353729248047e+00
5.580074310302734375e+00 -inf 5.580074310302734375e+00 6.929688930511474609e+00 5.165557861328125000e+00 6.922147750854492188e+00
5.578126430511474609e+00 -inf 5.578126430511474609e+00 6.930088520050048828e+00 5.098669052124023438e+00 6.923638343811035156e+00
5.575275897979736328e+00 -inf 5.575275897979736328e+00 6.930603027343750000e+00 5.020017623901367188e+00 6.925233840942382812e+00
5.570712089538574219e+00 -inf 5.570712089538574219e+00 6.931045055389404297e+00 4.937180519104003906e+00 6.926617622375488281e+00
5.564821243286132812e+00 -inf 5.564821243286132812e+00 6.931797504425048828e+00 4.876838207244873047e+00 6.927953243255615234e+00
5.558226585388183594e+00 -inf 5.558226585388183594e+00 6.932624340057373047e+00 4.830959796905517578e+00 6.929173946380615234e+00
5.551038265228271484e+00 -inf 5.551038265228271484e+00 6.933585643768310547e+00 4.716788768768310547e+00 6.930941581726074219e+00
5.543665885925292969e+00 -inf 5.543665885925292969e+00 6.934719562530517578e+00 4.629061698913574219e+00 6.932565689086914062e+00
5.534928798675537109e+00 -inf 5.534928798675537109e+00 6.935771942138671875e+00 4.583662033081054688e+00 6.933836936950683594e+00
