5.928077697753906250e+00 -inf 5.928077697753906250e+00 6.923308849334716797e+00 5.624945163726806641e+00 6.900891780853271484e+00
5.940990447998046875e+00 -inf 5.940990447998046875e+00 6.921083927154541016e+00 5.732919692993164062e+00 6.891970634460449219e+00
5.960991859436035156e+00 -inf 5.960991859436035156e+00 6.917807102203369141e+00 5.765786170959472656e+00 6.886072635650634766e+00
5.981949806213378906e+00 -inf 5.981949806213378906e+00 6.913544654846191406e+00 5.762461185455322266e+00 6.881739139556884766e+00
6.006563186645507812e+00 -inf 6.006563186645507812e+00 6.908769130706787109e+00 5.762651443481445312e+00 6.876583576202392578e+00
6.031621456146240234e+00 1.689393162727355957e+00 6.031602382659912109e+00 6.902091503143310547e+00 5.746002674102783203e+00 6.870664119720458984e+00
6.054305553436279297e+00 -inf 6.054305553436279297e+00 6.895884513854980469e+00 5.706619262695312500e+00 6.866847515106201172e+00
6.074830532073974609e+00 -inf 6.074830532073974609e+00 6.890087604522705078e+00 5.637337207794189453e+00 6.865114688873291016e+00
6.094785213470458984e+00 -inf 6.094785213470458984e+00 6.885747432708740234e+00 5.579331874847412109e+00 6.863752365112304688e+00
6.114407539367675781e+00 -inf 6.114407539367675781e+00 6.881855487823486328e+00 5.543883323669433594e+00 6.861438274383544922e+00
6.134268283843994141e+00 -inf 6.134268283843994141e+00 6.878558635711669922e+00 5.552192687988281250e+00 6.857576370239257812e+00
6.151910305023193359e+00 -inf 6.151910305023193359e+00 6.876633644104003906e+00 5.569727420806884766e+00 6.854665279388427734e+00
6.168714046478271484e+00 1.788357973098754883e+00 6.168696403503417969e+00 6.875747680664062500e+00 5.607831954956054688e+00 6.851657390594482422e+00
6.184829235076904297e+00 2.088013887405395508e+00 6.184796333312988281e+00 6.875188350677490234e+00 5.655367374420166016e+00 6.848186492919921875e+00
6.199672222137451172e+00 2.160374641418457031e+00 6.199631690979003906e+00 6.876153945922851562e+00 5.721696376800537109e+00 6.844603538513183594e+00
6.211949825286865234e+00 2.206251859664916992e+00 6.211907863616943359e+00 6.880998134613037109e+00 5.766746520996093750e+00 6.846261978149414062e+00
6.223603725433349609e+00 2.582686662673950195e+00 6.223503589630126953e+00 6.886888980865478516e+00 5.816047191619873047e+00 6.848334789276123047e+00
6.234053611755371094e+00 2.531516075134277344e+00 6.233967304229736328e+00 6.894251823425292969e+00 5.870241165161132812e+00 6.851082801818847656e+00
6.242537021636962891e+00 2.295682907104492188e+00 6.242487907409667969e+00 6.900887966156005859e+00 5.923724174499511719e+00 6.852518081665039062e+00
6.249677181243896484e+00 2.815484762191772461e+00 6.249518394470214844e+00 6.905087947845458984e+00 5.973968029022216797e+00 6.850956439971923828e+00
6.255538940429687500e+00 2.863662958145141602e+00 6.255363464355468750e+00 6.906758785247802734e+00 6.021109580993652344e+00 6.846217155456542969e+00
6.259462356567382812e+00 3.007834911346435547e+00 6.259218215942382812e+00 6.907400131225585938e+00 6.068678379058837891e+00 6.839380741119384766e+00
6.262355327606201172e+00 2.933880090713500977e+00 6.262150287628173828e+00 6.907649993896484375e+00 6.115348339080810547e+00 6.831244468688964844e+00
6.263860225677490234e+00 3.025306463241577148e+00 6.263608932495117188e+00 6.907478809356689453e+00 6.150052070617675781e+00 6.824032306671142578e+00
6.263952255249023438e+00 2.887748241424560547e+00 6.263770580291748047e+00 6.907722473144531250e+00 6.177138328552246094e+00 6.818369865417480469e+00
6.263690948486328125e+00 -inf 6.263690948486328125e+00 6.908025741577148438e+00 6.202524185180664062e+00 6.812733173370361328e+00
6.263836860656738281e+00 2.121465444564819336e+00 6.263805866241455078e+00 6.907741069793701172e+00 6.221965312957763672e+00 6.807467937469482422e+00
6.263028144836425781e+00 -inf 6.263028144836425781e+00 6.907301902770996094e+00 6.229334831237792969e+00 6.804977893829345703e+00
6.262232303619384766e+00 -inf 6.262232303619384766e+00 6.906849861145019531e+00 6.222743988037109375e+00 6.806142330169677734e+00
6.262147426605224609e+00 -inf 6.262147426605224609e+00 6.906882286071777344e+00 6.222853660583496094e+00 6.806155681610107422e+00
6.261542797088623047e+00 -inf 6.261542797088623047e+00 6.904295921325683594e+00 6.185377120971679688e+00 6.812232971191406250e+00
6.260919094085693359e+00 -inf 6.260919094085693359e+00 6.903018474578857422e+00 6.145157814025878906e+00 6.819663047790527344e+00
6.264217853546142578e+00 -inf 6.264217853546142578e+00 6.902430534362792969e+00 6.103039264678955078e+00 6.827374935150146484e+00
6.269705295562744141e+00 -inf 6.269705295562744141e+00 6.900332927703857422e+00 6.057371616363525391e+00 6.833028793334960938e+00
6.281157016754150391e+00 -inf 6.281157016754150391e+00 6.896941184997558594e+00 6.020948886871337891e+00 6.834935665130615234e+00
6.298741340637207031e+00 -inf 6.298741340637207031e+00 6.892290115356445312e+00 5.979607582092285156e+00 6.835651397705078125e+00
6.315290451049804688e+00 -inf 6.315290451049804688e+00 6.887446403503417969e+00 5.933000087738037109e+00 6.836318969726562500e+00
6.331110954284667969e+00 -inf 6.331110954284667969e+00 6.883115291595458984e+00 5.893652439117431641e+00 6.836171150207519531e+00
6.349561691284179688e+00 -inf 6.349561691284179688e+00 6.877326011657714844e+00 5.865422248840332031e+00 6.832871913909912109e+00
6.364521980285644531e+00 -inf 6.364521980285644531e+00 6.872650146484375000e+00 5.840690612792968750e+00 6.830302238464355469e+00
6.380893230438232422e+00 -inf 6.380893230438232422e+00 6.866870403289794922e+00 5.822924613952636719e+00 6.825732707977294922e+00
6.400014400482177734e+00 -inf 6.400014400482177734e+00 6.860068321228027344e+00 5.813170909881591797e+00 6.819222450256347656e+00
6.414030551910400391e+00 -inf 6.414030551910400391e+00 6.854877948760986328e+00 5.820123672485351562e+00 6.812816143035888672e+00
6.427775382995605469e+00 -inf 6.427775382995605469e+00 6.849426746368408203e+00 5.821334838867187500e+00 6.806681156158447266e+00
6.438891410827636719e+00 1.711366772651672363e+00 6.438883304595947266e+00 6.844593524932861328e+00 5.814938545227050781e+00 6.802009582519531250e+00
6.449399471282958984e+00 2.805584907531738281e+00 6.449301242828369141e+00 6.839693069458007812e+00 5.807504653930664062e+00 6.797368526458740234e+00
6.459372043609619141e+00 2.855675935745239258e+00 6.459263324737548828e+00 6.835234642028808594e+00 5.804489612579345703e+00 6.792762756347656250e+00
6.468728542327880859e+00 2.496960163116455078e+00 6.468681812286376953e+00 6.830993175506591797e+00 5.801079750061035156e+00 6.788436412811279297e+00
6.478094100952148438e+00 -inf 6.478094100952148438e+00 6.826855182647705078e+00 5.786149024963378906e+00 6.785393714904785156e+00
6.486689567565917969e+00 -inf 6.486689567565917969e+00 6.822687149047851562e+00 5.775712490081787109e+00 6.781847953796386719e+00
6.494438648223876953e+00 -inf 6.494438648223876953e+00 6.819108963012695312e+00 5.775186538696289062e+00 6.777968406677246094e+00
6.501237869262695312e+00 -inf 6.501237869262695312e+00 6.815876007080078125e+00 5.784616470336914062e+00 6.773456096649169922e+00
6.508230686187744141e+00 2.302175045013427734e+00 6.508202552795410156e+00 6.812504768371582031e+00 5.798810005187988281e+00 6.768242359161376953e+00
6.516546726226806641e+00 2.347498655319213867e+00 6.516518592834472656e+00 6.808149337768554688e+00 5.816216945648193359e+00 6.761486053466796875e+00
6.524222373962402344e+00 2.515964031219482422e+00 6.524179458618164062e+00 6.804243564605712891e+00 5.850076198577880859e+00 6.753081798553466797e+00
6.530910015106201172e+00 2.345137357711791992e+00 6.530881404876708984e+00 6.799997806549072266e+00 5.875939846038818359e+00 6.744920730590820312e+00
6.538277626037597656e+00 1.367794036865234375e+00 6.538274765014648438e+00 6.795856475830078125e+00 5.884616851806640625e+00 6.739017009735107422e+00
6.546724319458007812e+00 2.045624971389770508e+00 6.546710968017578125e+00 6.791094779968261719e+00 5.894161701202392578e+00 6.732215881347656250e+00
6.557614326477050781e+00 -inf 6.557614326477050781e+00 6.784793853759765625e+00 5.905194282531738281e+00 6.723340034484863281e+00
6.568821430206298828e+00 -inf 6.568821430206298828e+00 6.777658939361572266e+00 5.911936283111572266e+00 6.714056491851806641e+00
6.579727649688720703e+00 3.135332345962524414e+00 6.579570770263671875e+00 6.770594120025634766e+00 5.914942741394042969e+00 6.705380916595458984e+00
6.590959548950195312e+00 3.175353288650512695e+00 6.590792655944824219e+00 6.763259410858154297e+00 5.920109748840332031e+00 6.695987224578857422e+00
6.604021549224853516e+00 3.143858194351196289e+00 6.603870868682861328e+00 6.754351615905761719e+00 5.920943737030029297e+00 6.685425281524658203e+00
6.618884086608886719e+00 3.141291379928588867e+00 6.618740081787109375e+00 6.743056774139404297e+00 5.920917034149169922e+00 6.672162532806396484e+00
6.634303092956542969e+00 3.289120197296142578e+00 6.634106636047363281e+00 6.731179237365722656e+00 5.919286727905273438e+00 6.658442974090576172e+00
6.650021553039550781e+00 3.475138902664184570e+00 6.649732112884521484e+00 6.718222618103027344e+00 5.916660308837890625e+00 6.643575668334960938e+00
6.665111064910888672e+00 3.675634622573852539e+00 6.664667606353759766e+00 6.704961776733398438e+00 5.918190956115722656e+00 6.627483844757080078e+00
6.680927276611328125e+00 3.929117918014526367e+00 6.680158138275146484e+00 6.689729213714599609e+00 5.927130699157714844e+00 6.607369899749755859e+00
6.695767879486083984e+00 4.261260032653808594e+00 6.694168090820312500e+00 6.674169540405273438e+00 5.933550357818603516e+00 6.587077140808105469e+00
6.709418773651123047e+00 4.417690753936767578e+00 6.707193374633789062e+00 6.659401893615722656e+00 5.941283226013183594e+00 6.567150115966796875e+00
6.721031188964843750e+00 4.526898384094238281e+00 6.718243122100830078e+00 6.646144390106201172e+00 5.941616535186767578e+00 6.550613403320312500e+00
6.731338024139404297e+00 4.594325542449951172e+00 6.728158950805664062e+00 6.633729934692382812e+00 5.942636013031005859e+00 6.534828662872314453e+00
6.741270065307617188e+00 4.655254364013671875e+00 6.737693786621093750e+00 6.621196746826171875e+00 5.948428630828857422e+00 6.517481803894042969e+00
6.750135898590087891e+00 4.731676101684570312e+00 6.745952129364013672e+00 6.609464168548583984e+00 5.961316585540771484e+00 6.498861312866210938e+00
6.757485866546630859e+00 4.806499958038330078e+00 6.752597332000732422e+00 6.599368572235107422e+00 5.963910579681396484e+00 6.485014915466308594e+00
6.763500213623046875e+00 4.878799915313720703e+00 6.757798194885253906e+00 6.590868473052978516e+00 5.972026348114013672e+00 6.471382617950439453e+00
6.768628120422363281e+00 4.938590049743652344e+00 6.762157440185546875e+00 6.583414554595947266e+00 5.972862720489501953e+00 6.461268901824951172e+00
6.773446559906005859e+00 4.996604442596435547e+00 6.766125202178955078e+00 6.576278686523437500e+00 5.973334789276123047e+00 6.451633453369140625e+00
6.776616573333740234e+00 5.034481048583984375e+00 6.768680572509765625e+00 6.571604728698730469e+00 5.971930980682373047e+00 6.445868015289306641e+00
6.778119087219238281e+00 5.076814651489257812e+00 6.769392967224121094e+00 6.569598674774169922e+00 5.970486164093017578e+00 6.443673610687255859e+00
6.779291152954101562e+00 5.123027324676513672e+00 6.769600391387939453e+00 6.568118572235107422e+00 5.984337329864501953e+00 6.436911582946777344e+00
6.780826568603515625e+00 5.153888702392578125e+00 6.770448684692382812e+00 6.565615653991699219e+00 5.991858005523681641e+00 6.430817604064941406e+00
6.782095432281494141e+00 5.153978824615478516e+00 6.771749019622802734e+00 6.563492774963378906e+00 5.997522830963134766e+00 6.425825119018554688e+00
6.782669544219970703e+00 5.148243427276611328e+00 6.772474288940429688e+00 6.561837196350097656e+00 5.997567176818847656e+00 6.423534393310546875e+00
6.783419609069824219e+00 5.154860973358154297e+00 6.773082733154296875e+00 6.561035633087158203e+00 5.997311592102050781e+00 6.422526836395263672e+00
6.783626556396484375e+00 5.161242961883544922e+00 6.773139953613281250e+00 6.561199665069580078e+00 5.995243549346923828e+00 6.423526287078857422e+00
6.783550739288330078e+00 5.157947063446044922e+00 6.773143768310546875e+00 6.561317920684814453e+00 5.992648124694824219e+00 6.424654006958007812e+00
6.783598899841308594e+00 5.150561809539794922e+00 6.773369789123535156e+00 6.559427738189697266e+00 5.985072612762451172e+00 6.424847126007080078e+00
6.783117294311523438e+00 5.119880199432373047e+00 6.773582935333251953e+00 6.560699462890625000e+00 5.977387428283691406e+00 6.429327487945556641e+00
6.781985282897949219e+00 5.062266349792480469e+00 6.773624420166015625e+00 6.562459468841552734e+00 5.963745117187500000e+00 6.436399936676025391e+00
6.780690193176269531e+00 5.006588459014892578e+00 6.773321628570556641e+00 6.565112113952636719e+00 5.952349662780761719e+00 6.443683147430419922e+00
6.779113292694091797e+00 4.940289497375488281e+00 6.772773742675781250e+00 6.567631721496582031e+00 5.937423229217529297e+00 6.451684474945068359e+00
6.777136325836181641e+00 4.908478260040283203e+00 6.771216869354248047e+00 6.571273803710937500e+00 5.933450698852539062e+00 6.457630157470703125e+00
6.775144100189208984e+00 4.895178318023681641e+00 6.769381523132324219e+00 6.575047969818115234e+00 5.935741901397705078e+00 6.461846828460693359e+00
6.773077487945556641e+00 4.889260768890380859e+00 6.767365455627441406e+00 6.578160762786865234e+00 5.944028854370117188e+00 6.463407039642333984e+00
6.770971775054931641e+00 4.904304027557373047e+00 6.765027523040771484e+00 6.581393241882324219e+00 5.954614639282226562e+00 6.464390277862548828e+00
6.768186569213867188e+00 4.882591247558593750e+00 6.762497425079345703e+00 6.585494995117187500e+00 5.965375900268554688e+00 6.466413021087646484e+00
6.764487266540527344e+00 4.860382556915283203e+00 6.759036064147949219e+00 6.590886592864990234e+00 5.966722488403320312e+00 6.473072052001953125e+00
6.760755538940429688e+00 4.793628692626953125e+00 6.756045818328857422e+00 6.596846580505371094e+00 5.972034931182861328e+00 6.479234695434570312e+00
6.757660388946533203e+00 4.733495712280273438e+00 6.753534317016601562e+00 6.601067066192626953e+00 5.974534988403320312e+00 6.483988285064697266e+00
6.755052089691162109e+00 4.718848705291748047e+00 6.751037120819091797e+00 6.603682041168212891e+00 5.971066474914550781e+00 6.488468647003173828e+00
6.752622604370117188e+00 4.674502372741699219e+00 6.748979091644287109e+00 6.606668472290039062e+00 5.949447154998779297e+00 6.498662471771240234e+00
6.749395847320556641e+00 4.597101211547851562e+00 6.746328353881835938e+00 6.610269546508789062e+00 5.922947883605957031e+00 6.510396957397460938e+00
6.746006965637207031e+00 4.509956359863281250e+00 6.743477821350097656e+00 6.614707946777343750e+00 5.898946285247802734e+00 6.521896362304687500e+00
6.742205619812011719e+00 4.410766124725341797e+00 6.740176200866699219e+00 6.619770050048828125e+00 5.876510143280029297e+00 6.533261299133300781e+00
6.736641407012939453e+00 4.315762996673583984e+00 6.734989166259765625e+00 6.627379417419433594e+00 5.859649658203125000e+00 6.546082973480224609e+00
6.728205680847167969e+00 4.268347263336181641e+00 6.726696968078613281e+00 6.637395858764648438e+00 5.833265304565429688e+00 6.563229084014892578e+00
6.717099666595458984e+00 4.235711097717285156e+00 6.715663433074951172e+00 6.651015758514404297e+00 5.815494060516357422e+00 6.582451820373535156e+00
6.704809665679931641e+00 4.223839282989501953e+00 6.703372955322265625e+00 6.664354801177978516e+00 5.800342559814453125e+00 6.600481986999511719e+00
6.691841125488281250e+00 4.110516071319580078e+00 6.690700054168701172e+00 6.677235126495361328e+00 5.782300949096679688e+00 6.618065357208251953e+00
6.677967071533203125e+00 3.965579986572265625e+00 6.677123069763183594e+00 6.690660476684570312e+00 5.755092144012451172e+00 6.637116432189941406e+00
6.664669513702392578e+00 3.911275863647460938e+00 6.663901329040527344e+00 6.703098773956298828e+00 5.728235244750976562e+00 6.654456138610839844e+00
6.649940490722656250e+00 3.315580129623413086e+00 6.649740695953369141e+00 6.716285705566406250e+00 5.712069988250732422e+00 6.670994281768798828e+00
6.635250091552734375e+00 1.355523228645324707e+00 6.635247707366943359e+00 6.728728771209716797e+00 5.686439037322998047e+00 6.687425613403320312e+00
6.619956493377685547e+00 2.428632020950317383e+00 6.619929313659667969e+00 6.740513801574707031e+00 5.664259910583496094e+00 6.702457427978515625e+00
6.602878093719482422e+00 2.799707889556884766e+00 6.602809429168701172e+00 6.752762794494628906e+00 5.662093162536621094e+00 6.716003894805908203e+00
6.584225654602050781e+00 3.126886129379272461e+00 6.584074497222900391e+00 6.765201568603515625e+00 5.657277584075927734e+00 6.729934215545654297e+00
6.564394950866699219e+00 3.299711465835571289e+00 6.564158916473388672e+00 6.777421951293945312e+00 5.648106575012207031e+00 6.743916511535644531e+00
6.540300369262695312e+00 3.527999877929687500e+00 6.539878368377685547e+00 6.791326522827148438e+00 5.633583545684814453e+00 6.760022163391113281e+00
6.514028549194335938e+00 3.364397764205932617e+00 6.513720512390136719e+00 6.805243968963623047e+00 5.619742393493652344e+00 6.775945186614990234e+00
6.483955383300781250e+00 3.084358930587768555e+00 6.483781337738037109e+00 6.819703102111816406e+00 5.601447105407714844e+00 6.792601108551025391e+00
6.456442356109619141e+00 2.660584449768066406e+00 6.456372261047363281e+00 6.830492973327636719e+00 5.595989704132080078e+00 6.804416179656982422e+00
6.424496650695800781e+00 2.219499588012695312e+00 6.424469470977783203e+00 6.844875335693359375e+00 5.590719223022460938e+00 6.819985866546630859e+00
6.398151874542236328e+00 1.721213102340698242e+00 6.398142337799072266e+00 6.854537963867187500e+00 5.617559432983398438e+00 6.828614234924316406e+00
6.374140262603759766e+00 1.681989192962646484e+00 6.374131679534912109e+00 6.862747669219970703e+00 5.665701389312744141e+00 6.834243297576904297e+00
6.352150440216064453e+00 1.978494644165039062e+00 6.352131843566894531e+00 6.869776725769042969e+00 5.683010578155517578e+00 6.840566158294677734e+00
6.330965042114257812e+00 2.532446861267089844e+00 6.330897331237792969e+00 6.876147747039794922e+00 5.726416110992431641e+00 6.844239234924316406e+00
6.309623241424560547e+00 2.876244783401489258e+00 6.309463977813720703e+00 6.882167816162109375e+00 5.766012668609619141e+00 6.847589492797851562e+00
6.288670063018798828e+00 3.055759668350219727e+00 6.288414478302001953e+00 6.887737274169921875e+00 5.804580688476562500e+00 6.850308418273925781e+00
6.267448425292968750e+00 2.743469715118408203e+00 6.267318248748779297e+00 6.893027782440185547e+00 5.842498779296875000e+00 6.852538108825683594e+00
6.245299339294433594e+00 2.790698528289794922e+00 6.245146274566650391e+00 6.898234367370605469e+00 5.870061874389648438e+00 6.855497360229492188e+00
6.223954200744628906e+00 1.395189046859741211e+00 6.223948001861572266e+00 6.902693748474121094e+00 5.892960548400878906e+00 6.858004570007324219e+00
6.201289176940917969e+00 -inf 6.201289176940917969e+00 6.907260417938232422e+00 5.918663501739501953e+00 6.860218048095703125e+00
6.175525665283203125e+00 -inf 6.175525665283203125e+00 6.912221908569335938e+00 5.947717666625976562e+00 6.862335205078125000e+00
6.149836540222167969e+00 -inf 6.149836540222167969e+00 6.916834831237792969e+00 5.984941482543945312e+00 6.862806320190429688e+00
6.122173309326171875e+00 -inf 6.122173309326171875e+00 6.921477317810058594e+00 6.023634433746337891e+00 6.862730503082275391e+00
6.090385913848876953e+00 -inf 6.090385913848876953e+00 6.926416397094726562e+00 6.065450191497802734e+00 6.862057685852050781e+00
6.056254863739013672e+00 -inf 6.056254863739013672e+00 6.931295394897460938e+00 6.100018501281738281e+00 6.862001895904541016e+00
6.050603389739990234e+00 -inf 6.050603389739990234e+00 6.932062149047851562e+00 6.103921413421630859e+00 6.862223625183105469e+00
5.990587234497070312e+00 -inf 5.990587234497070312e+00 6.939558982849121094e+00 6.152718067169189453e+00 6.862094402313232422e+00
5.959770679473876953e+00 -inf 5.959770679473876953e+00 6.942995071411132812e+00 6.168110370635986328e+00 6.863157749176025391e+00
5.929285049438476562e+00 -inf 5.929285049438476562e+00 6.946157455444335938e+00 6.189067363739013672e+00 6.862638473510742188e+00
5.897442817687988281e+00 -inf 5.897442817687988281e+00 6.949034214019775391e+00 6.210623264312744141e+00 6.861449241638183594e+00
5.868099212646484375e+00 -inf 5.868099212646484375e+00 6.951462268829345703e+00 6.221716403961181641e+00 6.861917018890380859e+00
5.839947700500488281e+00 -inf 5.839947700500488281e+00 6.953540325164794922e+00 6.231056213378906250e+00 6.862315654754638672e+00
5.814914226531982422e+00 -inf 5.814914226531982422e+00 6.955203533172607422e+00 6.234329223632812500e+00 6.863600730895996094e+00
5.793875694274902344e+00 -inf 5.793875694274902344e+00 6.956333160400390625e+00 6.230629444122314453e+00 6.865856170654296875e+00
5.772867679595947266e+00 -inf 5.772867679595947266e+00 6.957496643066406250e+00 6.220269680023193359e+00 6.869646549224853516e+00
5.752147674560546875e+00 -inf 5.752147674560546875e+00 6.958510875701904297e+00 6.203201293945312500e+00 6.874613761901855469e+00
5.736351013183593750e+00 -inf 5.736351013183593750e+00 6.959477424621582031e+00 6.198904514312744141e+00 6.876692771911621094e+00
5.725857734680175781e+00 -inf 5.725857734680175781e+00 6.960157394409179688e+00 6.205756664276123047e+00 6.876066207885742188e+00
5.717758655548095703e+00 -inf 5.717758655548095703e+00 6.960520267486572266e+00 6.219613552093505859e+00 6.873491287231445312e+00
5.712453842163085938e+00 -inf 5.712453842163085938e+00 6.960602283477783203e+00 6.233757495880126953e+00 6.870390892028808594e+00
5.703488349914550781e+00 -inf 5.703488349914550781e+00 6.960696220397949219e+00 6.244271278381347656e+00 6.868041992187500000e+00
5.691287994384765625e+00 -inf 5.691287994384765625e+00 6.961329460144042969e+00 6.256766319274902344e+00 6.865806102752685547e+00
5.681231021881103516e+00 -inf 5.681231021881103516e+00 6.961499691009521484e+00 6.270273208618164062e+00 6.862632751464843750e+00
5.674478530883789062e+00 -inf 5.674478530883789062e+00 6.961320877075195312e+00 6.281463623046875000e+00 6.859498977661132812e+00
5.668495178222656250e+00 -inf 5.668495178222656250e+00 6.961300373077392578e+00 6.295154571533203125e+00 6.855780601501464844e+00
5.663002014160156250e+00 -inf 5.663002014160156250e+00 6.960977077484130859e+00 6.297261238098144531e+00 6.854786872863769531e+00
5.658246517181396484e+00 -inf 5.658246517181396484e+00 6.961182594299316406e+00 6.296641349792480469e+00 6.855220794677734375e+00
5.653296470642089844e+00 -inf 5.653296470642089844e+00 6.960870742797851562e+00 6.295483112335205078e+00 6.855143547058105469e+00
5.649551391601562500e+00 -inf 5.649551391601562500e+00 6.960737705230712891e+00 6.296985626220703125e+00 6.854557991027832031e+00
5.643935680389404297e+00 -inf 5.643935680389404297e+00 6.959977149963378906e+00 6.287549018859863281e+00 6.856170654296875000e+00
5.642220497131347656e+00 -inf 5.642220497131347656e+00 6.959761142730712891e+00 6.263841152191162109e+00 6.862084388732910156e+00
5.647397994995117188e+00 -inf 5.647397994995117188e+00 6.959350585937500000e+00 6.240624427795410156e+00 6.867243289947509766e+00
5.648238182067871094e+00 1.375443816184997559e+00 5.648214817047119141e+00 6.958825111389160156e+00 6.233129024505615234e+00 6.868347167968750000e+00
5.648633480072021484e+00 -inf 5.648633480072021484e+00 6.958421707153320312e+00 6.224639415740966797e+00 6.869795322418212891e+00
5.650007247924804688e+00 -inf 5.650007247924804688e+00 6.957800388336181641e+00 6.212733268737792969e+00 6.871689319610595703e+00
5.652762413024902344e+00 -inf 5.652762413024902344e+00 6.957181930541992188e+00 6.201673030853271484e+00 6.873327732086181641e+00
5.656668663024902344e+00 -inf 5.656668663024902344e+00 6.956706047058105469e+00 6.191149711608886719e+00 6.874961376190185547e+00
5.658550262451171875e+00 -inf 5.658550262451171875e+00 6.956410408020019531e+00 6.178635120391845703e+00 6.877153873443603516e+00
5.657901763916015625e+00 -inf 5.657901763916015625e+00 6.955749988555908203e+00 6.169846534729003906e+00 6.878103733062744141e+00
5.660170555114746094e+00 -inf 5.660170555114746094e+00 6.955231189727783203e+00 6.160764694213867188e+00 6.879239082336425781e+00
5.663021087646484375e+00 -inf 5.663021087646484375e+00 6.954978466033935547e+00 6.155909061431884766e+00 6.879862308502197266e+00
5.666208744049072266e+00 -inf 5.666208744049072266e+00 6.953854560852050781e+00 6.145458698272705078e+00 6.880477905273437500e+00
5.669452190399169922e+00 -inf 5.669452190399169922e+00 6.953571319580078125e+00 6.138509273529052734e+00 6.881409645080566406e+00
5.673910140991210938e+00 -inf 5.673910140991210938e+00 6.953207015991210938e+00 6.133571624755859375e+00 6.881867408752441406e+00
5.677693367004394531e+00 -inf 5.677693367004394531e+00 6.952419757843017578e+00 6.130331516265869141e+00 6.881516456604003906e+00
5.683552742004394531e+00 -inf 5.683552742004394531e+00 6.951985836029052734e+00 6.135302066802978516e+00 6.880117416381835938e+00
5.692607879638671875e+00 -inf 5.692607879638671875e+00 6.951024532318115234e+00 6.139157295227050781e+00 6.878283500671386719e+00
5.712440013885498047e+00 -inf 5.712440013885498047e+00 6.949779987335205078e+00 6.139711380004882812e+00 6.876710414886474609e+00
5.737624168395996094e+00 -inf 5.737624168395996094e+00 6.948171138763427734e+00 6.140975952148437500e+00 6.874572753906250000e+00
5.757754802703857422e+00 -inf 5.757754802703857422e+00 6.946793079376220703e+00 6.147932052612304688e+00 6.871637344360351562e+00
5.778097152709960938e+00 -inf 5.778097152709960938e+00 6.945068836212158203e+00 6.156769752502441406e+00 6.867889404296875000e+00
5.796089172363281250e+00 -inf 5.796089172363281250e+00 6.943644046783447266e+00 6.172008991241455078e+00 6.863147735595703125e+00
5.809875011444091797e+00 -inf 5.809875011444091797e+00 6.942486286163330078e+00 6.189407348632812500e+00 6.858111381530761719e+00
5.823173046112060547e+00 -inf 5.823173046112060547e+00 6.941380500793457031e+00 6.210382938385009766e+00 6.852120876312255859e+00
5.840622901916503906e+00 -inf 5.840622901916503906e+00 6.939724922180175781e+00 6.227815628051757812e+00 6.845990657806396484e+00
5.863129138946533203e+00 -inf 5.863129138946533203e+00 6.937837123870849609e+00 6.246103763580322266e+00 6.839099884033203125e+00
5.885118961334228516e+00 -inf 5.885118961334228516e+00 6.935832977294921875e+00 6.257964134216308594e+00 6.833483695983886719e+00
5.907768249511718750e+00 -inf 5.907768249511718750e+00 6.933664321899414062e+00 6.268639564514160156e+00 6.827836990356445312e+00
5.933044910430908203e+00 -inf 5.933044910430908203e+00 6.931119918823242188e+00 6.281305789947509766e+00 6.820999622344970703e+00
5.959424495697021484e+00 -inf 5.959424495697021484e+00 6.928309440612792969e+00 6.292342185974121094e+00 6.814108848571777344e+00
5.985485553741455078e+00 -inf 5.985485553741455078e+00 6.925141334533691406e+00 6.301776885986328125e+00 6.807078838348388672e+00
6.006191253662109375e+00 -inf 6.006191253662109375e+00 6.922347545623779297e+00 6.305152893066406250e+00 6.802339553833007812e+00
6.024683952331542969e+00 -inf 6.024683952331542969e+00 6.919558525085449219e+00 6.311334609985351562e+00 6.796655654907226562e+00
6.041265010833740234e+00 -inf 6.041265010833740234e+00 6.916652202606201172e+00 6.314497947692871094e+00 6.791744709014892578e+00
6.056638240814208984e+00 -inf 6.056638240814208984e+00 6.913664340972900391e+00 6.313001632690429688e+00 6.788259029388427734e+00
6.070408821105957031e+00 -inf 6.070408821105957031e+00 6.911151885986328125e+00 6.306996822357177734e+00 6.786909580230712891e+00
6.084307670593261719e+00 -inf 6.084307670593261719e+00 6.907893180847167969e+00 6.292123317718505859e+00 6.787430286407470703e+00
6.099997520446777344e+00 -inf 6.099997520446777344e+00 6.904114246368408203e+00 6.273092269897460938e+00 6.788415908813476562e+00
6.113784313201904297e+00 -inf 6.113784313201904297e+00 6.899820327758789062e+00 6.235849380493164062e+00 6.793701648712158203e+00
6.124636650085449219e+00 -inf 6.124636650085449219e+00 6.896068572998046875e+00 6.170227050781250000e+00 6.805624485015869141e+00
6.134373664855957031e+00 -inf 6.134373664855957031e+00 6.893029689788818359e+00 6.104933738708496094e+00 6.815810680389404297e+00
6.141905307769775391e+00 -inf 6.141905307769775391e+00 6.889919281005859375e+00 6.035819530487060547e+00 6.824454784393310547e+00
6.148851394653320312e+00 -inf 6.148851394653320312e+00 6.887839794158935547e+00 5.975698471069335938e+00 6.831124782562255859e+00
6.157237529754638672e+00 -inf 6.157237529754638672e+00 6.884457111358642578e+00 5.917283058166503906e+00 6.834894180297851562e+00
6.167236804962158203e+00 -inf 6.167236804962158203e+00 6.881893157958984375e+00 5.880472660064697266e+00 6.836293697357177734e+00
6.178926944732666016e+00 -inf 6.178926944732666016e+00 6.879119396209716797e+00 5.858524322509765625e+00 6.835591316223144531e+00
6.191501140594482422e+00 -inf 6.191501140594482422e+00 6.876026630401611328e+00 5.835371494293212891e+00 6.834559917449951172e+00
6.205979824066162109e+00 -inf 6.205979824066162109e+00 6.872470855712890625e+00 5.826060771942138672e+00 6.831576824188232422e+00
6.222731590270996094e+00 -inf 6.222731590270996094e+00 6.868067264556884766e+00 5.823830127716064453e+00 6.826958179473876953e+00
6.239969253540039062e+00 -inf 6.239969253540039062e+00 6.863628387451171875e+00 5.834153652191162109e+00 6.821025848388671875e+00
6.258100509643554688e+00 -inf 6.258100509643554688e+00 6.858687877655029297e+00 5.856486320495605469e+00 6.813174247741699219e+00
6.281031131744384766e+00 -inf 6.281031131744384766e+00 6.852351665496826172e+00 5.885832786560058594e+00 6.802708625793457031e+00
6.310002803802490234e+00 -inf 6.310002803802490234e+00 6.843928813934326172e+00 5.913036346435546875e+00 6.789767265319824219e+00
6.338643074035644531e+00 2.869542360305786133e+00 6.338494777679443359e+00 6.834832668304443359e+00 5.942939758300781250e+00 6.775217533111572266e+00
6.362468719482421875e+00 3.302438974380493164e+00 6.362091541290283203e+00 6.826548099517822266e+00 5.977612972259521484e+00 6.760237216949462891e+00
6.381988525390625000e+00 3.367460727691650391e+00 6.381568431854248047e+00 6.819199085235595703e+00 6.002213001251220703e+00 6.747384071350097656e+00
6.399039745330810547e+00 3.447077989578247070e+00 6.398551940917968750e+00 6.812395095825195312e+00 6.029613971710205078e+00 6.734134197235107422e+00
6.414392471313476562e+00 3.352272033691406250e+00 6.414017200469970703e+00 6.805930614471435547e+00 6.060186386108398438e+00 6.719966888427734375e+00
6.427837848663330078e+00 3.249923706054687500e+00 6.427550315856933594e+00 6.799945354461669922e+00 6.092343807220458984e+00 6.705166816711425781e+00
6.439905166625976562e+00 3.329258918762207031e+00 6.439569473266601562e+00 6.794057369232177734e+00 6.112126827239990234e+00 6.692780494689941406e+00
6.452622413635253906e+00 3.474998235702514648e+00 6.452166557312011719e+00 6.787998199462890625e+00 6.136836528778076172e+00 6.678266048431396484e+00
6.464595794677734375e+00 3.377477884292602539e+00 6.464238643646240234e+00 6.781994819641113281e+00 6.156188964843750000e+00 6.664691448211669922e+00
6.473036766052246094e+00 3.477821588516235352e+00 6.472598075866699219e+00 6.776621818542480469e+00 6.162615776062011719e+00 6.655593395233154297e+00
6.479504585266113281e+00 3.500939607620239258e+00 6.479047775268554688e+00 6.771813392639160156e+00 6.163606643676757812e+00 6.648904800415039062e+00
6.485062122344970703e+00 3.306911706924438477e+00 6.484772205352783203e+00 6.767488002777099609e+00 6.155613422393798828e+00 6.645772933959960938e+00
6.489913940429687500e+00 2.996464967727661133e+00 6.489774227142333984e+00 6.764413356781005859e+00 6.140549659729003906e+00 6.646505832672119141e+00
6.493640422821044922e+00 2.492261409759521484e+00 6.493598461151123047e+00 6.760327339172363281e+00 6.112283229827880859e+00 6.649694919586181641e+00
6.496972560882568359e+00 -inf 6.496972560882568359e+00 6.757155895233154297e+00 6.075082302093505859e+00 6.655917167663574219e+00
6.499714851379394531e+00 -inf 6.499714851379394531e+00 6.753988742828369141e+00 6.031702041625976562e+00 6.662717342376708984e+00
6.502480506896972656e+00 -inf 6.502480506896972656e+00 6.751626014709472656e+00 5.980699062347412109e+00 6.670986175537109375e+00
6.504078388214111328e+00 -inf 6.504078388214111328e+00 6.748421669006347656e+00 5.925986766815185547e+00 6.677579879760742188e+00
6.505294322967529297e+00 -inf 6.505294322967529297e+00 6.747565746307373047e+00 5.866405963897705078e+00 6.686347484588623047e+00
6.506928920745849609e+00 -inf 6.506928920745849609e+00 6.746026992797851562e+00 5.812592983245849609e+00 6.692201137542724609e+00
6.507976531982421875e+00 -inf 6.507976531982421875e+00 6.745045661926269531e+00 5.771079063415527344e+00 6.696296215057373047e+00
6.508791923522949219e+00 -inf 6.508791923522949219e+00 6.744195461273193359e+00 5.741044998168945312e+00 6.698786258697509766e+00
6.509303569793701172e+00 -inf 6.509303569793701172e+00 6.743093013763427734e+00 5.730741500854492188e+00 6.698686122894287109e+00
6.509391784667968750e+00 -inf 6.509391784667968750e+00 6.742839813232421875e+00 5.730710506439208984e+00 6.698409557342529297e+00
6.509455680847167969e+00 -inf 6.509455680847167969e+00 6.742666244506835938e+00 5.734665870666503906e+00 6.697788238525390625e+00
6.510327339172363281e+00 -inf 6.510327339172363281e+00 6.741871356964111328e+00 5.753114700317382812e+00 6.694846630096435547e+00
6.510980606079101562e+00 -inf 6.510980606079101562e+00 6.741461753845214844e+00 5.763956546783447266e+00 6.693130970001220703e+00
6.511120319366455078e+00 -inf 6.511120319366455078e+00 6.741069793701171875e+00 5.776757240295410156e+00 6.691159725189208984e+00
6.510085105895996094e+00 -inf 6.510085105895996094e+00 6.741754531860351562e+00 5.793981552124023438e+00 6.689785957336425781e+00
6.509071350097656250e+00 -inf 6.509071350097656250e+00 6.742069244384765625e+00 5.803756713867187500e+00 6.688884258270263672e+00
6.508571147918701172e+00 -inf 6.508571147918701172e+00 6.742219448089599609e+00 5.803508758544921875e+00 6.689085483551025391e+00
6.508466243743896484e+00 -inf 6.508466243743896484e+00 6.742435455322265625e+00 5.810037136077880859e+00 6.688473224639892578e+00
6.508701801300048828e+00 -inf 6.508701801300048828e+00 6.741322994232177734e+00 5.804508686065673828e+00 6.687942028045654297e+00
