5.572837352752685547e+00 -3.296502865850925446e-03 5.572836399078369141e+00 6.968104839324951172e+00 5.944289684295654297e+00 6.924914360046386719e+00
5.569162368774414062e+00 2.431439399719238281e+00 5.568845748901367188e+00 6.967736244201660156e+00 5.998097896575927734e+00 6.918469905853271484e+00
5.561599731445312500e+00 2.227997779846191406e+00 5.561398029327392578e+00 6.965292453765869141e+00 6.043421268463134766e+00 6.909918785095214844e+00
5.557985305786132812e+00 2.142817497253417969e+00 5.557818412780761719e+00 6.960728645324707031e+00 5.950023651123046875e+00 6.916144371032714844e+00
5.549615859985351562e+00 1.338748574256896973e+00 5.549589157104492188e+00 6.959581375122070312e+00 5.949805736541748047e+00 6.914896488189697266e+00
5.541567802429199219e+00 6.597504019737243652e-01 5.541562557220458984e+00 6.960905551910400391e+00 5.918157100677490234e+00 6.919648647308349609e+00
5.529263496398925781e+00 7.484436035156250000e-02 5.529262065887451172e+00 6.960390567779541016e+00 5.722431182861328125e+00 6.934526920318603516e+00
5.518249988555908203e+00 -1.467699836939573288e-02 5.518248558044433594e+00 6.961964607238769531e+00 5.594056129455566406e+00 6.942938327789306641e+00
5.508111476898193359e+00 6.701173782348632812e-01 5.508105278015136719e+00 6.962943553924560547e+00 5.482916355133056641e+00 6.948319911956787109e+00
5.502240657806396484e+00 1.114380359649658203e+00 5.502222537994384766e+00 6.964189052581787109e+00 5.702968597412109375e+00 6.939712524414062500e+00
5.504860401153564453e+00 1.748381495475769043e+00 5.504784107208251953e+00 6.964711189270019531e+00 5.954315662384033203e+00 6.920093536376953125e+00
5.504806041717529297e+00 1.859548926353454590e+00 5.504707813262939453e+00 6.964909076690673828e+00 6.076006412506103516e+00 6.904851913452148438e+00
5.501698493957519531e+00 2.247740507125854492e+00 5.501456260681152344e+00 6.965215682983398438e+00 6.234987258911132812e+00 6.875781059265136719e+00
5.517798423767089844e+00 2.138102293014526367e+00 5.517616271972656250e+00 6.965886116027832031e+00 6.308622360229492188e+00 6.857892036437988281e+00
5.546421051025390625e+00 2.350464344024658203e+00 5.546144008636474609e+00 6.965241432189941406e+00 6.384092807769775391e+00 6.833102703094482422e+00
5.580658912658691406e+00 2.464842557907104492e+00 5.580326080322265625e+00 6.963756084442138672e+00 6.377032279968261719e+00 6.833582878112792969e+00
5.633267879486083984e+00 2.574559926986694336e+00 5.632887363433837891e+00 6.961147785186767578e+00 6.328891277313232422e+00 6.845825195312500000e+00
5.691693305969238281e+00 2.696180820465087891e+00 5.691254615783691406e+00 6.956106662750244141e+00 6.245725631713867188e+00 6.862003803253173828e+00
5.760599613189697266e+00 2.909919977188110352e+00 5.759986400604248047e+00 6.951704978942871094e+00 6.139584064483642578e+00 6.879010200500488281e+00
5.870756626129150391e+00 2.473522901535034180e+00 5.870582103729248047e+00 6.942833900451660156e+00 6.037032604217529297e+00 6.885228157043457031e+00
5.996516704559326172e+00 2.795328617095947266e+00 5.996243476867675781e+00 6.929515361785888672e+00 5.998376369476318359e+00 6.875387191772460938e+00
6.141339778900146484e+00 2.925649642944335938e+00 6.141076087951660156e+00 6.907380580902099609e+00 6.028195381164550781e+00 6.845863819122314453e+00
6.238794326782226562e+00 3.357611894607543945e+00 6.238223075866699219e+00 6.887422084808349609e+00 6.044275283813476562e+00 6.820149421691894531e+00
6.307360172271728516e+00 3.471942901611328125e+00 6.306725502014160156e+00 6.870280265808105469e+00 6.075695991516113281e+00 6.794312000274658203e+00
6.370959758758544922e+00 3.519057035446166992e+00 6.370348453521728516e+00 6.850912094116210938e+00 6.098895549774169922e+00 6.766309738159179688e+00
6.421182632446289062e+00 3.755322217941284180e+00 6.420244216918945312e+00 6.832253456115722656e+00 6.180634021759033203e+00 6.722652435302734375e+00
6.460005283355712891e+00 4.048474788665771484e+00 6.458318710327148438e+00 6.816434860229492188e+00 6.238085746765136719e+00 6.683295726776123047e+00
6.497547149658203125e+00 4.456875324249267578e+00 6.493574142456054688e+00 6.798522472381591797e+00 6.283870697021484375e+00 6.640046596527099609e+00
6.527040004730224609e+00 4.509340763092041016e+00 6.522850513458251953e+00 6.782438278198242188e+00 6.270816326141357422e+00 6.622621536254882812e+00
6.546452522277832031e+00 4.558280944824218750e+00 6.541966915130615234e+00 6.770853042602539062e+00 6.285457611083984375e+00 6.598840713500976562e+00
6.561460494995117188e+00 4.414795398712158203e+00 6.558351039886474609e+00 6.762016296386718750e+00 6.281755447387695312e+00 6.587486743927001953e+00
6.577448368072509766e+00 4.464615821838378906e+00 6.574085712432861328e+00 6.751197814941406250e+00 6.297432899475097656e+00 6.562939643859863281e+00
6.588387012481689453e+00 4.807607173919677734e+00 6.581131935119628906e+00 6.738626956939697266e+00 6.334790229797363281e+00 6.520665168762207031e+00
6.602484226226806641e+00 5.060768127441406250e+00 6.589825630187988281e+00 6.723097801208496094e+00 6.359880447387695312e+00 6.476455211639404297e+00
6.616616725921630859e+00 4.817310810089111328e+00 6.609666824340820312e+00 6.703023433685302734e+00 6.301725387573242188e+00 6.483399391174316406e+00
6.618777275085449219e+00 4.548562049865722656e+00 6.615066528320312500e+00 6.690662384033203125e+00 6.245400905609130859e+00 6.497719764709472656e+00
6.618381023406982422e+00 4.279962539672851562e+00 6.616384029388427734e+00 6.680220603942871094e+00 6.183565139770507812e+00 6.513576984405517578e+00
6.617522239685058594e+00 3.842826604843139648e+00 6.616791725158691406e+00 6.670728683471679688e+00 6.136287689208984375e+00 6.520689487457275391e+00
6.615322113037109375e+00 3.932505607604980469e+00 6.614419937133789062e+00 6.660040378570556641e+00 6.137134075164794922e+00 6.505150318145751953e+00
6.615413665771484375e+00 3.834442377090454102e+00 6.614694595336914062e+00 6.649588108062744141e+00 6.077355384826660156e+00 6.514233589172363281e+00
6.615588188171386719e+00 4.067778110504150391e+00 6.614356040954589844e+00 6.640669822692871094e+00 6.083348274230957031e+00 6.499732017517089844e+00
6.616953849792480469e+00 4.090569496154785156e+00 6.615659713745117188e+00 6.629702091217041016e+00 6.065950870513916016e+00 6.491204261779785156e+00
6.620623588562011719e+00 4.384307384490966797e+00 6.618096351623535156e+00 6.615514755249023438e+00 6.113989353179931641e+00 6.451129913330078125e+00
6.626027584075927734e+00 4.807656764984130859e+00 6.619378566741943359e+00 6.596346378326416016e+00 6.152598381042480469e+00 6.402554512023925781e+00
6.633697986602783203e+00 5.068225383758544922e+00 6.621723175048828125e+00 6.574456214904785156e+00 6.181363582611083984e+00 6.349345207214355469e+00
6.639208316802978516e+00 5.341493129730224609e+00 6.616756916046142578e+00 6.547061443328857422e+00 6.203613281250000000e+00 6.284672737121582031e+00
6.636954784393310547e+00 5.383209705352783203e+00 6.612040996551513672e+00 6.521759510040283203e+00 6.189310550689697266e+00 6.250027656555175781e+00
6.634912014007568359e+00 4.967164993286132812e+00 6.625476837158203125e+00 6.493589878082275391e+00 6.078286647796630859e+00 6.282942295074462891e+00
6.635813713073730469e+00 4.741305351257324219e+00 6.630240440368652344e+00 6.469423770904541016e+00 6.022129535675048828e+00 6.277613639831542969e+00
6.634052753448486328e+00 4.367221832275390625e+00 6.631697177886962891e+00 6.446518898010253906e+00 5.948794364929199219e+00 6.280374050140380859e+00
6.634924888610839844e+00 4.451670169830322266e+00 6.632067203521728516e+00 6.419755458831787109e+00 5.897922039031982422e+00 6.264404773712158203e+00
6.633512496948242188e+00 4.635496139526367188e+00 6.629127025604248047e+00 6.395188331604003906e+00 5.888856887817382812e+00 6.232996940612792969e+00
6.632822513580322266e+00 4.520611286163330078e+00 6.629455566406250000e+00 6.363986492156982422e+00 5.800199508666992188e+00 6.225502014160156250e+00
6.626768112182617188e+00 4.493236541748046875e+00 6.623562812805175781e+00 6.342851638793945312e+00 5.760927677154541016e+00 6.210988521575927734e+00
6.615541934967041016e+00 4.588356971740722656e+00 6.611443519592285156e+00 6.319136619567871094e+00 5.719643592834472656e+00 6.193338394165039062e+00
6.603363037109375000e+00 4.900276660919189453e+00 6.594672679901123047e+00 6.296423912048339844e+00 5.753518104553222656e+00 6.149829864501953125e+00
6.590286254882812500e+00 5.008069038391113281e+00 6.578770160675048828e+00 6.274123668670654297e+00 5.711847782135009766e+00 6.135070323944091797e+00
6.573774814605712891e+00 5.092790126800537109e+00 6.559184551239013672e+00 6.259607315063476562e+00 5.714681148529052734e+00 6.113821983337402344e+00
6.555278778076171875e+00 5.096870422363281250e+00 6.539895534515380859e+00 6.247142791748046875e+00 5.702351093292236328e+00 6.101304054260253906e+00
6.538651943206787109e+00 5.249165534973144531e+00 6.515759468078613281e+00 6.234676837921142578e+00 5.752189159393310547e+00 6.061244010925292969e+00
6.530482769012451172e+00 5.419274330139160156e+00 6.495491981506347656e+00 6.214872837066650391e+00 5.804582595825195312e+00 6.001067161560058594e+00
6.535534381866455078e+00 5.554204940795898438e+00 6.487651824951171875e+00 6.179162502288818359e+00 5.827843666076660156e+00 5.923197746276855469e+00
6.541756629943847656e+00 5.666938304901123047e+00 6.479571342468261719e+00 6.135251998901367188e+00 5.831905364990234375e+00 5.836526393890380859e+00
6.551103115081787109e+00 5.778026103973388672e+00 6.470899581909179688e+00 6.080762386322021484e+00 5.802795886993408203e+00 5.755375385284423828e+00
6.549971103668212891e+00 5.826678752899169922e+00 6.458934783935546875e+00 6.029471874237060547e+00 5.765702247619628906e+00 5.687682151794433594e+00
6.545108795166015625e+00 5.850629806518554688e+00 6.447068691253662109e+00 5.989544391632080078e+00 5.736379146575927734e+00 5.634713649749755859e+00
6.530873298645019531e+00 5.833755016326904297e+00 6.433499336242675781e+00 5.955342769622802734e+00 5.707372188568115234e+00 5.593857288360595703e+00
6.523133277893066406e+00 5.685993194580078125e+00 6.454846382141113281e+00 5.903639793395996094e+00 5.612501621246337891e+00 5.592487812042236328e+00
6.517446994781494141e+00 5.611461162567138672e+00 6.459867477416992188e+00 5.851679801940917969e+00 5.533671855926513672e+00 5.566988945007324219e+00
6.518312454223632812e+00 5.595645904541015625e+00 6.463046073913574219e+00 5.788346767425537109e+00 5.444589614868164062e+00 5.526214599609375000e+00
6.511620521545410156e+00 5.490332126617431641e+00 6.468165397644042969e+00 5.709111690521240234e+00 5.262578487396240234e+00 5.516879081726074219e+00
6.505536556243896484e+00 5.520388126373291016e+00 6.458096981048583984e+00 5.619277000427246094e+00 5.130042552947998047e+00 5.449117660522460938e+00
6.494888305664062500e+00 5.460532665252685547e+00 6.452785491943359375e+00 5.528420925140380859e+00 4.975249767303466797e+00 5.385881423950195312e+00
6.485037326812744141e+00 5.492268085479736328e+00 6.438468933105468750e+00 5.435845375061035156e+00 4.822900772094726562e+00 5.314475536346435547e+00
6.472757339477539062e+00 5.519901752471923828e+00 6.421431064605712891e+00 5.363071918487548828e+00 4.789496898651123047e+00 5.228207588195800781e+00
6.467368125915527344e+00 5.562708377838134766e+00 6.409599781036376953e+00 5.266092300415039062e+00 4.721348285675048828e+00 5.120234489440917969e+00
6.464021205902099609e+00 5.618069648742675781e+00 6.397217273712158203e+00 5.202960491180419922e+00 4.661321163177490234e+00 5.055857181549072266e+00
6.455617904663085938e+00 5.466756820678710938e+00 6.408605098724365234e+00 5.169301509857177734e+00 4.542696952819824219e+00 5.052245140075683594e+00
6.445253849029541016e+00 5.406055450439453125e+00 6.403641223907470703e+00 5.118869304656982422e+00 4.446406364440917969e+00 5.015071868896484375e+00
6.435312271118164062e+00 5.256870269775390625e+00 6.405516624450683594e+00 5.030803680419921875e+00 4.133319377899169922e+00 4.972004890441894531e+00
6.428621768951416016e+00 5.191146850585937500e+00 6.402728557586669922e+00 4.909996032714843750e+00 3.892549753189086914e+00 4.866134643554687500e+00
6.421000957489013672e+00 5.214574813842773438e+00 6.393125534057617188e+00 4.720909118652343750e+00 3.700589179992675781e+00 4.677351474761962891e+00
6.409826278686523438e+00 5.296956539154052734e+00 6.374974727630615234e+00 4.577683448791503906e+00 3.252545833587646484e+00 4.556639194488525391e+00
6.397865772247314453e+00 5.406943321228027344e+00 6.351088047027587891e+00 4.452356338500976562e+00 2.698179721832275391e+00 4.444639205932617188e+00
6.385058403015136719e+00 5.413822174072265625e+00 6.335984230041503906e+00 4.351725578308105469e+00 2.322794437408447266e+00 4.347643375396728516e+00
6.375691413879394531e+00 5.375511646270751953e+00 6.329953670501708984e+00 4.313456535339355469e+00 6.168728470802307129e-01 4.313369274139404297e+00
6.364675521850585938e+00 5.308685779571533203e+00 6.324716091156005859e+00 4.256223678588867188e+00 8.465504050254821777e-01 4.256054878234863281e+00
6.349207401275634766e+00 5.246800899505615234e+00 6.313470363616943359e+00 4.018221378326416016e+00 -inf 4.018221378326416016e+00
6.327681064605712891e+00 5.288092136383056641e+00 6.286108016967773438e+00 3.314633846282958984e+00 -inf 3.314633846282958984e+00
6.306366920471191406e+00 5.340719699859619141e+00 6.256618976593017578e+00 -inf -inf -inf
6.282339096069335938e+00 5.395663738250732422e+00 6.221951007843017578e+00 -inf -inf -inf
6.263417720794677734e+00 5.428920745849609375e+00 6.194678783416748047e+00 -inf -inf -inf
6.243239402770996094e+00 5.424012184143066406e+00 6.171827316284179688e+00 -inf -inf -inf
6.219897270202636719e+00 5.418882846832275391e+00 6.145147323608398438e+00 -inf -inf -inf
6.199048995971679688e+00 5.388888835906982422e+00 6.125996112823486328e+00 -inf -inf -inf
6.175319671630859375e+00 5.441624164581298828e+00 6.086674213409423828e+00 -inf -inf -inf
6.153997421264648438e+00 5.420617580413818359e+00 6.065279960632324219e+00 -inf -inf -inf
6.137893199920654297e+00 5.408026695251464844e+00 6.048375606536865234e+00 -inf -inf -inf
6.120578289031982422e+00 5.393045902252197266e+00 6.030525207519531250e+00 -inf -inf -inf
6.095662593841552734e+00 5.355567455291748047e+00 6.008452892303466797e+00 -inf -inf -inf
6.068751811981201172e+00 5.329627990722656250e+00 5.981326103210449219e+00 -inf -inf -inf
6.043348789215087891e+00 5.285812854766845703e+00 5.959924697875976562e+00 -inf -inf -inf
6.020054340362548828e+00 5.214346885681152344e+00 5.946180343627929688e+00 -inf -inf -inf
5.994509220123291016e+00 5.142504215240478516e+00 5.928702354431152344e+00 -inf -inf -inf
5.970231056213378906e+00 4.992721557617187500e+00 5.921900749206542969e+00 -inf -inf -inf
5.945582866668701172e+00 5.055272102355957031e+00 5.885734558105468750e+00 -inf -inf -inf
5.932994842529296875e+00 5.145704746246337891e+00 5.855618476867675781e+00 -inf -inf -inf
5.918885707855224609e+00 5.210442543029785156e+00 5.824312210083007812e+00 -inf -inf -inf
5.901590824127197266e+00 5.207031726837158203e+00 5.803570747375488281e+00 -inf -inf -inf
5.880594730377197266e+00 5.160032272338867188e+00 5.788919448852539062e+00 -inf -inf -inf
5.852507591247558594e+00 5.096712112426757812e+00 5.768713951110839844e+00 -inf -inf -inf
5.806493282318115234e+00 5.035008907318115234e+00 5.725965976715087891e+00 -inf -inf -inf
5.781075954437255859e+00 5.030572891235351562e+00 5.696147441864013672e+00 -inf -inf -inf
5.745604991912841797e+00 5.008738517761230469e+00 5.657673835754394531e+00 -inf -inf -inf
5.717104434967041016e+00 4.980688095092773438e+00 5.629072666168212891e+00 -inf -inf -inf
5.687956809997558594e+00 4.892770767211914062e+00 5.612103939056396484e+00 -inf -inf -inf
5.646516323089599609e+00 4.793280124664306641e+00 5.580911159515380859e+00 -inf -inf -inf
5.623865127563476562e+00 4.743206501007080078e+00 5.562572002410888672e+00 -inf -inf -inf
5.598327159881591797e+00 4.792613029479980469e+00 5.524454116821289062e+00 -inf -inf -inf
5.557367801666259766e+00 4.812975406646728516e+00 5.471107482910156250e+00 -inf -inf -inf
5.509866714477539062e+00 4.797648429870605469e+00 5.416206836700439453e+00 -inf -inf -inf
5.484477996826171875e+00 4.792228221893310547e+00 5.385870933532714844e+00 -inf -inf -inf
5.459372043609619141e+00 4.780959606170654297e+00 5.357166767120361328e+00 -inf -inf -inf
5.411002159118652344e+00 4.754203796386718750e+00 5.302876472473144531e+00 -inf -inf -inf
5.395667076110839844e+00 4.774730205535888672e+00 5.276843070983886719e+00 -inf -inf -inf
5.380452632904052734e+00 4.756937026977539062e+00 5.262436389923095703e+00 -inf -inf -inf
5.352523326873779297e+00 4.762468338012695312e+00 5.223507881164550781e+00 -inf -inf -inf
5.288620948791503906e+00 4.673511981964111328e+00 5.167945861816406250e+00 -inf -inf -inf
5.226823806762695312e+00 4.506309032440185547e+00 5.135137081146240234e+00 -inf -inf -inf
5.210237979888916016e+00 4.409179210662841797e+00 5.135496616363525391e+00 -inf -inf -inf
5.199754238128662109e+00 4.309566020965576172e+00 5.139887809753417969e+00 -inf -inf -inf
5.167120456695556641e+00 4.260589122772216797e+00 5.109617710113525391e+00 -inf -inf -inf
5.099051475524902344e+00 4.265855789184570312e+00 5.030088901519775391e+00 -inf -inf -inf
5.035426139831542969e+00 4.307619571685791016e+00 4.945436000823974609e+00 -inf -inf -inf
5.013392925262451172e+00 4.396256923675537109e+00 4.893365383148193359e+00 -inf -inf -inf
4.977120876312255859e+00 4.407372474670410156e+00 4.840854167938232422e+00 -inf -inf -inf
4.934668540954589844e+00 4.390405654907226562e+00 4.788618564605712891e+00 -inf -inf -inf
4.917360305786132812e+00 4.384795188903808594e+00 4.766544342041015625e+00 -inf -inf -inf
4.891013622283935547e+00 4.318980693817138672e+00 4.755586147308349609e+00 -inf -inf -inf
4.851626873016357422e+00 4.346324920654296875e+00 4.688968658447265625e+00 -inf -inf -inf
4.822825431823730469e+00 4.367112636566162109e+00 4.635620594024658203e+00 -inf -inf -inf
4.764281272888183594e+00 4.273981094360351562e+00 4.594632625579833984e+00 -inf -inf -inf
4.739413261413574219e+00 4.210619449615478516e+00 4.587021827697753906e+00 -inf -inf -inf
4.728806495666503906e+00 4.176120758056640625e+00 4.586077690124511719e+00 -inf -inf -inf
4.716465950012207031e+00 4.173061370849609375e+00 4.570072650909423828e+00 -inf -inf -inf
4.700369358062744141e+00 4.225512027740478516e+00 4.523141860961914062e+00 -inf -inf -inf
4.674452304840087891e+00 4.153698444366455078e+00 4.518636703491210938e+00 -inf -inf -inf
4.664020538330078125e+00 4.082094192504882812e+00 4.532157421112060547e+00 -inf -inf -inf
4.654499530792236328e+00 3.978801012039184570e+00 4.551571369171142578e+00 -inf -inf -inf
4.637637615203857422e+00 3.689134120941162109e+00 4.585762500762939453e+00 -inf -inf -inf
4.626576900482177734e+00 3.272495985031127930e+00 4.606921195983886719e+00 -inf -inf -inf
4.604435443878173828e+00 3.157748460769653320e+00 4.588624000549316406e+00 -inf -inf -inf
4.566386222839355469e+00 3.171832799911499023e+00 4.548515319824218750e+00 -inf -inf -inf
4.535303115844726562e+00 3.089767694473266602e+00 4.519448757171630859e+00 -inf -inf -inf
4.494273662567138672e+00 1.974967241287231445e+00 4.492958068847656250e+00 -inf -inf -inf
4.416336536407470703e+00 2.536223649978637695e+00 4.410574436187744141e+00 -inf -inf -inf
4.082159042358398438e+00 2.456834793090820312e+00 4.071743965148925781e+00 -inf -inf -inf
3.606887578964233398e+00 2.830002546310424805e+00 3.527452707290649414e+00 -inf -inf -inf
2.744411945343017578e+00 2.262605428695678711e+00 2.570644617080688477e+00 -inf -inf -inf
-inf -inf -inf -inf -inf -inf
-inf -inf -inf -inf -inf -inf
-inf -inf -inf -inf -inf -inf
-inf -inf -inf -inf -inf -inf
-inf -inf -inf -inf -inf -inf
-inf -inf -inf -inf -inf -inf
-inf -inf -inf -inf -inf -inf
-inf -inf -inf -inf -inf -inf
-inf -inf -inf -inf -inf -inf
-inf -inf -inf -inf -inf -inf
-inf -inf -inf -inf -inf -inf
-inf -inf -inf -inf -inf -inf
-inf -inf -inf -inf -inf -inf
-inf -inf -inf -inf -inf -inf
-inf -inf -inf -inf -inf -inf
-inf -inf -inf -inf -inf -inf
-inf -inf -inf -inf -inf -inf
-inf -inf -inf -inf -inf -inf
-inf -inf -inf -inf -inf -inf
-inf -inf -inf -inf -inf -inf
-inf -inf -inf -inf -inf -inf
-inf -inf -inf -inf -inf -inf
-inf -inf -inf -inf -inf -inf
-inf -inf -inf -inf -inf -inf
-inf -inf -inf -inf -inf -inf
-inf -inf -inf -inf -inf -inf
-inf -inf -inf -inf -inf -inf
-inf -inf -inf -inf -inf -inf
-inf -inf -inf -inf -inf -inf
-inf -inf -inf -inf -inf -inf
-inf -inf -inf -inf -inf -inf
-inf -inf -inf -inf -inf -inf
-inf -inf -inf -inf -inf -inf
-inf -inf -inf -inf -inf -inf
-inf -inf -inf -inf -inf -inf
-inf -inf -inf -inf -inf -inf
-inf -inf -inf -inf -inf -inf
-inf -inf -inf -inf -inf -inf
-inf -inf -inf -inf -inf -inf
-inf -inf -inf -inf -inf -inf
-inf -inf -inf -inf -inf -inf
-inf -inf -inf -inf -inf -inf
-inf -inf -inf -inf -inf -inf
-inf -inf -inf -inf -inf -inf
-inf -inf -inf -inf -inf -inf
-inf -inf -inf -inf -inf -inf
-inf -inf -inf -inf -inf -inf
-inf -inf -inf -inf -inf -inf
-inf -inf -inf -inf -inf -inf
-inf -inf -inf -inf -inf -inf
-inf -inf -inf -inf -inf -inf
-inf -inf -inf -inf -inf -inf
-inf -inf -inf -inf -inf -inf
-inf -inf -inf -inf -inf -inf
-inf -inf -inf -inf -inf -inf
-inf -inf -inf -inf -inf -inf
-inf -inf -inf -inf -inf -inf
-inf -inf -inf -inf -inf -inf
-inf -inf -inf -inf -inf -inf
-inf -inf -inf -inf -inf -inf
-inf -inf -inf -inf -inf -inf
-inf -inf -inf -inf -inf -inf
-inf -inf -inf -inf -inf -inf
-inf -inf -inf -inf -inf -inf
