5.572836875915527344e+00 -inf 5.572836875915527344e+00 6.968218803405761719e+00 5.854834079742431641e+00 6.933410644531250000e+00
5.570536613464355469e+00 -inf 5.570536613464355469e+00 6.969279766082763672e+00 5.924381732940673828e+00 6.928236484527587891e+00
5.563181400299072266e+00 -inf 5.563181400299072266e+00 6.968713760375976562e+00 5.937857151031494141e+00 6.926252365112304688e+00
5.558645248413085938e+00 -inf 5.558645248413085938e+00 6.967926502227783203e+00 5.933074474334716797e+00 6.925873756408691406e+00
5.550325393676757812e+00 -inf 5.550325393676757812e+00 6.967109203338623047e+00 5.932702541351318359e+00 6.925013542175292969e+00
5.541724681854248047e+00 -inf 5.541724681854248047e+00 6.966261863708496094e+00 5.920741081237792969e+00 6.925280094146728516e+00
5.530624866485595703e+00 -inf 5.530624866485595703e+00 6.965871810913085938e+00 5.889247894287109375e+00 6.927850246429443359e+00
5.521331787109375000e+00 -inf 5.521331787109375000e+00 6.965642929077148438e+00 5.828305244445800781e+00 6.932773113250732422e+00
5.514818668365478516e+00 -inf 5.514818668365478516e+00 6.966817378997802734e+00 5.779333114624023438e+00 6.937654972076416016e+00
5.508678913116455078e+00 -inf 5.508678913116455078e+00 6.967900753021240234e+00 5.759413242340087891e+00 6.940161705017089844e+00
5.511957168579101562e+00 -inf 5.511957168579101562e+00 6.968347072601318359e+00 5.765369415283203125e+00 6.940241813659667969e+00
5.512296676635742188e+00 -inf 5.512296676635742188e+00 6.969207763671875000e+00 5.796582221984863281e+00 6.938995838165283203e+00
5.504772663116455078e+00 -inf 5.504772663116455078e+00 6.969366550445556641e+00 5.848216533660888672e+00 6.935199260711669922e+00
5.512740612030029297e+00 -inf 5.512740612030029297e+00 6.969693183898925781e+00 5.894795417785644531e+00 6.931512832641601562e+00
5.522555828094482422e+00 -inf 5.522555828094482422e+00 6.970299243927001953e+00 5.944150924682617188e+00 6.927352428436279297e+00
5.530309200286865234e+00 -inf 5.530309200286865234e+00 6.970671653747558594e+00 5.973324775695800781e+00 6.924618721008300781e+00
5.535164833068847656e+00 -inf 5.535164833068847656e+00 6.970531940460205078e+00 6.018988609313964844e+00 6.919040203094482422e+00
5.546879768371582031e+00 -inf 5.546879768371582031e+00 6.970853805541992188e+00 6.065281867980957031e+00 6.913215637207031250e+00
5.555336475372314453e+00 -inf 5.555336475372314453e+00 6.970920085906982422e+00 6.117234230041503906e+00 6.905388355255126953e+00
5.573135852813720703e+00 -inf 5.573135852813720703e+00 6.970845699310302734e+00 6.166336059570312500e+00 6.896749973297119141e+00
5.586762905120849609e+00 -inf 5.586762905120849609e+00 6.970448970794677734e+00 6.209140777587890625e+00 6.887819766998291016e+00
5.594456672668457031e+00 -inf 5.594456672668457031e+00 6.970539569854736328e+00 6.250092506408691406e+00 6.878837585449218750e+00
5.610044956207275391e+00 -inf 5.610044956207275391e+00 6.970186233520507812e+00 6.292559623718261719e+00 6.867772102355957031e+00
5.622313976287841797e+00 -inf 5.622313976287841797e+00 6.969060420989990234e+00 6.317832946777343750e+00 6.859346866607666016e+00
5.640521526336669922e+00 -inf 5.640521526336669922e+00 6.968446731567382812e+00 6.330502986907958984e+00 6.854838848114013672e+00
5.655754089355468750e+00 -inf 5.655754089355468750e+00 6.968101024627685547e+00 6.342247009277343750e+00 6.850812435150146484e+00
5.675077915191650391e+00 -inf 5.675077915191650391e+00 6.966957092285156250e+00 6.350353240966796875e+00 6.846759796142578125e+00
5.690919876098632812e+00 -inf 5.690919876098632812e+00 6.966027736663818359e+00 6.345733642578125000e+00 6.847001075744628906e+00
5.710065364837646484e+00 -inf 5.710065364837646484e+00 6.964822292327880859e+00 6.334887981414794922e+00 6.848791122436523438e+00
5.711378097534179688e+00 -inf 5.711378097534179688e+00 6.964789390563964844e+00 6.334690570831298828e+00 6.848808765411376953e+00
5.742571353912353516e+00 -inf 5.742571353912353516e+00 6.960934162139892578e+00 6.297315597534179688e+00 6.854717254638671875e+00
5.756534576416015625e+00 1.134391665458679199e+00 5.756524562835693359e+00 6.958937644958496094e+00 6.274757385253906250e+00 6.858249187469482422e+00
5.768961906433105469e+00 1.452119231224060059e+00 5.768940925598144531e+00 6.958454132080078125e+00 6.242799758911132812e+00 6.865616798400878906e+00
5.781450271606445312e+00 -inf 5.781450271606445312e+00 6.956480979919433594e+00 6.207360267639160156e+00 6.871253490447998047e+00
5.794714450836181641e+00 -inf 5.794714450836181641e+00 6.954831600189208984e+00 6.175765991210937500e+00 6.875833511352539062e+00
5.806334495544433594e+00 -inf 5.806334495544433594e+00 6.953373908996582031e+00 6.131489276885986328e+00 6.882434844970703125e+00
5.818848609924316406e+00 -inf 5.818848609924316406e+00 6.952093601226806641e+00 6.087402820587158203e+00 6.888328075408935547e+00
5.833705902099609375e+00 -inf 5.833705902099609375e+00 6.950920104980468750e+00 6.047504425048828125e+00 6.892974853515625000e+00
5.845802307128906250e+00 -inf 5.845802307128906250e+00 6.949887275695800781e+00 6.011703968048095703e+00 6.896684646606445312e+00
5.864432334899902344e+00 -inf 5.864432334899902344e+00 6.948650836944580078e+00 5.980729103088378906e+00 6.899178028106689453e+00
5.887468814849853516e+00 -inf 5.887468814849853516e+00 6.946470737457275391e+00 5.957406044006347656e+00 6.899480342864990234e+00
5.918966293334960938e+00 -inf 5.918966293334960938e+00 6.943685531616210938e+00 5.952665805816650391e+00 6.896918296813964844e+00
5.944616794586181641e+00 -inf 5.944616794586181641e+00 6.940968990325927734e+00 5.956162929534912109e+00 6.893489360809326172e+00
5.963519573211669922e+00 1.451592564582824707e+00 5.963505268096923828e+00 6.939111709594726562e+00 5.958695411682128906e+00 6.891122341156005859e+00
5.982474327087402344e+00 -inf 5.982474327087402344e+00 6.937104701995849609e+00 5.954050540924072266e+00 6.889422893524169922e+00
6.000673294067382812e+00 -inf 6.000673294067382812e+00 6.934825897216796875e+00 5.949108600616455078e+00 6.887452125549316406e+00
6.024849414825439453e+00 2.333087921142578125e+00 6.024760723114013672e+00 6.931903839111328125e+00 5.941765308380126953e+00 6.885036468505859375e+00
6.052930831909179688e+00 -inf 6.052930831909179688e+00 6.928212642669677734e+00 5.935873985290527344e+00 6.881594657897949219e+00
6.077733993530273438e+00 -inf 6.077733993530273438e+00 6.925211429595947266e+00 5.921267032623291016e+00 6.879889488220214844e+00
6.100939750671386719e+00 2.350782155990600586e+00 6.100862979888916016e+00 6.921747684478759766e+00 5.912724971771240234e+00 6.876981258392333984e+00
6.120991706848144531e+00 -inf 6.120991706848144531e+00 6.918852329254150391e+00 5.913119316101074219e+00 6.873727321624755859e+00
6.139685153961181641e+00 -inf 6.139685153961181641e+00 6.916296958923339844e+00 5.933547019958496094e+00 6.868578910827636719e+00
6.156044483184814453e+00 1.453624963760375977e+00 6.156034946441650391e+00 6.913420677185058594e+00 5.954056739807128906e+00 6.862903594970703125e+00
6.169628620147705078e+00 2.085978746414184570e+00 6.169592857360839844e+00 6.910960197448730469e+00 5.981275081634521484e+00 6.856638431549072266e+00
6.181119441986083984e+00 2.166704177856445312e+00 6.181078910827636719e+00 6.908970832824707031e+00 6.021817684173583984e+00 6.848653316497802734e+00
6.192009925842285156e+00 -inf 6.192009925842285156e+00 6.906806468963623047e+00 6.046912193298339844e+00 6.842278003692626953e+00
6.200725078582763672e+00 -inf 6.200725078582763672e+00 6.904878139495849609e+00 6.048096179962158203e+00 6.839848518371582031e+00
6.209373474121093750e+00 2.570760011672973633e+00 6.209273815155029297e+00 6.902946949005126953e+00 6.048022747039794922e+00 6.837616443634033203e+00
6.217466354370117188e+00 2.090090513229370117e+00 6.217432975769042969e+00 6.901347160339355469e+00 6.050940036773681641e+00 6.835278987884521484e+00
6.224875450134277344e+00 -inf 6.224875450134277344e+00 6.899619579315185547e+00 6.053978919982910156e+00 6.832763195037841797e+00
6.232465744018554688e+00 -inf 6.232465744018554688e+00 6.898012638092041016e+00 6.054073810577392578e+00 6.830871582031250000e+00
6.239716529846191406e+00 -inf 6.239716529846191406e+00 6.896543025970458984e+00 6.056178569793701172e+00 6.828801631927490234e+00
6.244826793670654297e+00 -inf 6.244826793670654297e+00 6.894804477691650391e+00 6.057092666625976562e+00 6.826614856719970703e+00
6.252633094787597656e+00 -inf 6.252633094787597656e+00 6.893021583557128906e+00 6.059470176696777344e+00 6.824120998382568359e+00
6.260726451873779297e+00 -inf 6.260726451873779297e+00 6.891569614410400391e+00 6.060954570770263672e+00 6.822161197662353516e+00
6.268090248107910156e+00 -inf 6.268090248107910156e+00 6.889863491058349609e+00 6.065510272979736328e+00 6.819360256195068359e+00
6.273049831390380859e+00 -inf 6.273049831390380859e+00 6.888643741607666016e+00 6.071771144866943359e+00 6.816809177398681641e+00
6.276795864105224609e+00 1.912597894668579102e+00 6.276777267456054688e+00 6.887538909912109375e+00 6.084263324737548828e+00 6.813212394714355469e+00
6.277969837188720703e+00 2.273653984069824219e+00 6.277925968170166016e+00 6.886603355407714844e+00 6.094547271728515625e+00 6.810150623321533203e+00
6.280808925628662109e+00 2.163311243057250977e+00 6.280775547027587891e+00 6.886363506317138672e+00 6.100687503814697266e+00 6.808671474456787109e+00
6.281145572662353516e+00 1.801322460174560547e+00 6.281131267547607422e+00 6.885921001434326172e+00 6.098153114318847656e+00 6.808637619018554688e+00
6.283471107482910156e+00 -inf 6.283471107482910156e+00 6.885715007781982422e+00 6.096798419952392578e+00 6.808654785156250000e+00
6.287099361419677734e+00 -inf 6.287099361419677734e+00 6.884593009948730469e+00 6.104986667633056641e+00 6.805701255798339844e+00
6.291295051574707031e+00 -inf 6.291295051574707031e+00 6.883808135986328125e+00 6.121212005615234375e+00 6.801447391510009766e+00
6.295913219451904297e+00 -inf 6.295913219451904297e+00 6.882467269897460938e+00 6.134513854980468750e+00 6.796986103057861328e+00
6.302000522613525391e+00 -inf 6.302000522613525391e+00 6.880813121795654297e+00 6.151257991790771484e+00 6.791224956512451172e+00
6.307369709014892578e+00 2.384876012802124023e+00 6.307317256927490234e+00 6.879641056060791016e+00 6.164687156677246094e+00 6.786635398864746094e+00
6.314309597015380859e+00 2.657585382461547852e+00 6.314213752746582031e+00 6.877943038940429688e+00 6.172401428222656250e+00 6.782660961151123047e+00
6.321838378906250000e+00 2.655925989151000977e+00 6.321744918823242188e+00 6.876064300537109375e+00 6.182322025299072266e+00 6.777837753295898438e+00
6.329710960388183594e+00 2.036202192306518555e+00 6.329689025878906250e+00 6.873765945434570312e+00 6.191847324371337891e+00 6.772486209869384766e+00
6.337585926055908203e+00 1.939354777336120605e+00 6.337568759918212891e+00 6.871585369110107422e+00 6.207643508911132812e+00 6.765458583831787109e+00
6.345098018646240234e+00 2.656061649322509766e+00 6.345008373260498047e+00 6.869295120239257812e+00 6.216161251068115234e+00 6.760128498077392578e+00
6.351032257080078125e+00 2.951990604400634766e+00 6.350858211517333984e+00 6.867348670959472656e+00 6.217484474182128906e+00 6.757243156433105469e+00
6.355108737945556641e+00 3.065346956253051758e+00 6.354886054992675781e+00 6.865874767303466797e+00 6.213408470153808594e+00 6.756516933441162109e+00
6.357445716857910156e+00 2.920010089874267578e+00 6.357287406921386719e+00 6.865101814270019531e+00 6.205722808837890625e+00 6.757702827453613281e+00
6.358363151550292969e+00 3.193477869033813477e+00 6.358066558837890625e+00 6.865015506744384766e+00 6.199742794036865234e+00 6.759256362915039062e+00
6.356876850128173828e+00 3.111374139785766602e+00 6.356628894805908203e+00 6.865438938140869141e+00 6.192243099212646484e+00 6.761838436126708984e+00
6.355778694152832031e+00 2.900251626968383789e+00 6.355625629425048828e+00 6.864902973175048828e+00 6.183523654937744141e+00 6.763481616973876953e+00
6.354425430297851562e+00 2.579591751098632812e+00 6.354353427886962891e+00 6.865564823150634766e+00 6.168018341064453125e+00 6.768299102783203125e+00
6.352377414703369141e+00 3.036976575851440430e+00 6.352167606353759766e+00 6.865899562835693359e+00 6.144539833068847656e+00 6.774411201477050781e+00
6.349947929382324219e+00 3.292541980743408203e+00 6.349567413330078125e+00 6.866796493530273438e+00 6.120915412902832031e+00 6.780862808227539062e+00
6.347321510314941406e+00 2.982463598251342773e+00 6.347134590148925781e+00 6.867469787597656250e+00 6.095656394958496094e+00 6.787009716033935547e+00
6.344195842742919922e+00 2.801557064056396484e+00 6.344072341918945312e+00 6.868524551391601562e+00 6.087399959564208984e+00 6.789936065673828125e+00
6.340024948120117188e+00 2.584169149398803711e+00 6.339947223663330078e+00 6.869844913482666016e+00 6.092687606811523438e+00 6.790464401245117188e+00
6.336542129516601562e+00 2.786133766174316406e+00 6.336417675018310547e+00 6.870580673217773438e+00 6.101005077362060547e+00 6.789662837982177734e+00
6.332155704498291016e+00 2.952876567840576172e+00 6.331973075866699219e+00 6.871571063995361328e+00 6.109915256500244141e+00 6.789013862609863281e+00
6.324676513671875000e+00 2.807744979858398438e+00 6.324544429779052734e+00 6.873392105102539062e+00 6.117818832397460938e+00 6.789551258087158203e+00
6.317282676696777344e+00 2.895681619644165039e+00 6.317118167877197266e+00 6.875540256500244141e+00 6.117226123809814453e+00 6.792280673980712891e+00
6.307605266571044922e+00 2.947368383407592773e+00 6.307415485382080078e+00 6.878449440002441406e+00 6.111616611480712891e+00 6.796967983245849609e+00
6.294690608978271484e+00 2.725285530090332031e+00 6.294573783874511719e+00 6.881493091583251953e+00 6.107247829437255859e+00 6.801526069641113281e+00
6.278679370880126953e+00 2.414210319519042969e+00 6.278619766235351562e+00 6.885180950164794922e+00 6.097326278686523438e+00 6.807915210723876953e+00
6.259819507598876953e+00 2.392842769622802734e+00 6.259760379791259766e+00 6.889487743377685547e+00 6.067935466766357422e+00 6.818490028381347656e+00
6.237898826599121094e+00 2.758679389953613281e+00 6.237755775451660156e+00 6.894352436065673828e+00 6.032770633697509766e+00 6.830093383789062500e+00
6.216961860656738281e+00 2.548663854598999023e+00 6.216868877410888672e+00 6.898533821105957031e+00 6.010773181915283203e+00 6.838307380676269531e+00
6.198460578918457031e+00 2.611231327056884766e+00 6.198347091674804688e+00 6.902532577514648438e+00 5.985810756683349609e+00 6.846453666687011719e+00
6.177711486816406250e+00 -inf 6.177711486816406250e+00 6.906380176544189453e+00 5.966882705688476562e+00 6.853349208831787109e+00
6.154417991638183594e+00 -inf 6.154417991638183594e+00 6.910066604614257812e+00 5.947078704833984375e+00 6.859995365142822266e+00
6.129697799682617188e+00 1.641416788101196289e+00 6.129683971405029297e+00 6.914273738861083984e+00 5.927692413330078125e+00 6.866998672485351562e+00
6.105314731597900391e+00 2.065907478332519531e+00 6.105274677276611328e+00 6.917819499969482422e+00 5.915326118469238281e+00 6.872337341308593750e+00
6.079878807067871094e+00 -inf 6.079878807067871094e+00 6.921108722686767578e+00 5.895838737487792969e+00 6.878069877624511719e+00
6.056200027465820312e+00 -inf 6.056200027465820312e+00 6.923922538757324219e+00 5.865844249725341797e+00 6.884163856506347656e+00
6.037353515625000000e+00 -inf 6.037353515625000000e+00 6.926310539245605469e+00 5.835229396820068359e+00 6.889587402343750000e+00
6.018673896789550781e+00 -inf 6.018673896789550781e+00 6.929215431213378906e+00 5.802978515625000000e+00 6.895462036132812500e+00
5.997264862060546875e+00 1.805207848548889160e+00 5.997236728668212891e+00 6.932056903839111328e+00 5.783473491668701172e+00 6.900060653686523438e+00
5.974418163299560547e+00 -inf 5.974418163299560547e+00 6.934366703033447266e+00 5.773342132568359375e+00 6.903307437896728516e+00
5.956624507904052734e+00 1.159476637840270996e+00 5.956618309020996094e+00 6.935966491699218750e+00 5.780340194702148438e+00 6.904503822326660156e+00
5.940488815307617188e+00 -inf 5.940488815307617188e+00 6.937510967254638672e+00 5.783152103424072266e+00 6.905953407287597656e+00
5.926084995269775391e+00 -inf 5.926084995269775391e+00 6.938914299011230469e+00 5.778834819793701172e+00 6.907784938812255859e+00
5.912021160125732422e+00 -inf 5.912021160125732422e+00 6.940289974212646484e+00 5.772531032562255859e+00 6.909725189208984375e+00
5.895648956298828125e+00 -inf 5.895648956298828125e+00 6.942085742950439453e+00 5.764250278472900391e+00 6.912246227264404297e+00
5.877236843109130859e+00 -inf 5.877236843109130859e+00 6.943656444549560547e+00 5.758100032806396484e+00 6.914361953735351562e+00
5.855907917022705078e+00 -inf 5.855907917022705078e+00 6.944419384002685547e+00 5.755161285400390625e+00 6.915382385253906250e+00
5.831387519836425781e+00 -inf 5.831387519836425781e+00 6.947732448577880859e+00 5.772445678710937500e+00 6.917712211608886719e+00
5.802123069763183594e+00 -inf 5.802123069763183594e+00 6.949956893920898438e+00 5.811810493469238281e+00 6.917150974273681641e+00
5.768309116363525391e+00 -inf 5.768309116363525391e+00 6.952372074127197266e+00 5.860360145568847656e+00 6.915730953216552734e+00
5.730849742889404297e+00 -inf 5.730849742889404297e+00 6.954702377319335938e+00 5.894473552703857422e+00 6.915149211883544922e+00
5.692318916320800781e+00 -inf 5.692318916320800781e+00 6.957456111907958984e+00 5.942445755004882812e+00 6.913335323333740234e+00
5.652261734008789062e+00 -inf 5.652261734008789062e+00 6.959384441375732422e+00 5.986768722534179688e+00 6.910475730895996094e+00
5.615821838378906250e+00 -inf 5.615821838378906250e+00 6.961366176605224609e+00 6.030922889709472656e+00 6.907144069671630859e+00
5.584770202636718750e+00 -inf 5.584770202636718750e+00 6.962923526763916016e+00 6.065029621124267578e+00 6.904184341430664062e+00
5.546250343322753906e+00 -inf 5.546250343322753906e+00 6.964447021484375000e+00 6.093824863433837891e+00 6.901612758636474609e+00
5.512331962585449219e+00 -inf 5.512331962585449219e+00 6.965694904327392578e+00 6.118023395538330078e+00 6.899174690246582031e+00
5.475829601287841797e+00 -inf 5.475829601287841797e+00 6.966890811920166016e+00 6.134689331054687500e+00 6.897756576538085938e+00
5.439465522766113281e+00 -inf 5.439465522766113281e+00 6.968119621276855469e+00 6.159709453582763672e+00 6.894744396209716797e+00
5.405896186828613281e+00 -inf 5.405896186828613281e+00 6.969081878662109375e+00 6.186632156372070312e+00 6.890756130218505859e+00
5.378207206726074219e+00 -inf 5.378207206726074219e+00 6.969855785369873047e+00 6.214798927307128906e+00 6.885905265808105469e+00
5.351392269134521484e+00 -inf 5.351392269134521484e+00 6.970798015594482422e+00 6.244772911071777344e+00 6.880397319793701172e+00
5.325515270233154297e+00 -inf 5.325515270233154297e+00 6.971158027648925781e+00 6.270152091979980469e+00 6.874756336212158203e+00
5.321471214294433594e+00 -inf 5.321471214294433594e+00 6.971388339996337891e+00 6.273367404937744141e+00 6.874240875244140625e+00
5.275222301483154297e+00 -inf 5.275222301483154297e+00 6.972339153289794922e+00 6.314547061920166016e+00 6.864495277404785156e+00
5.251349449157714844e+00 -inf 5.251349449157714844e+00 6.972797393798828125e+00 6.332112789154052734e+00 6.860006332397460938e+00
5.232701778411865234e+00 -inf 5.232701778411865234e+00 6.972986698150634766e+00 6.351679801940917969e+00 6.854278087615966797e+00
5.212437629699707031e+00 -inf 5.212437629699707031e+00 6.973355770111083984e+00 6.370388507843017578e+00 6.848720073699951172e+00
5.199207305908203125e+00 -inf 5.199207305908203125e+00 6.973327159881591797e+00 6.376507282257080078e+00 6.846627712249755859e+00
5.186972618103027344e+00 -inf 5.186972618103027344e+00 6.973356723785400391e+00 6.383053779602050781e+00 6.844427585601806641e+00
5.173559188842773438e+00 -inf 5.173559188842773438e+00 6.973414421081542969e+00 6.384077072143554688e+00 6.844151496887207031e+00
5.156090736389160156e+00 -inf 5.156090736389160156e+00 6.973175048828125000e+00 6.376606941223144531e+00 6.846390247344970703e+00
5.140789031982421875e+00 -inf 5.140789031982421875e+00 6.973037719726562500e+00 6.357973098754882812e+00 6.852347850799560547e+00
5.126309394836425781e+00 -inf 5.126309394836425781e+00 6.972750186920166016e+00 6.337374687194824219e+00 6.858370780944824219e+00
5.112752914428710938e+00 -inf 5.112752914428710938e+00 6.972898960113525391e+00 6.326035022735595703e+00 6.861921310424804688e+00
5.107348918914794922e+00 -inf 5.107348918914794922e+00 6.972599029541015625e+00 6.329818725585937500e+00 6.860427379608154297e+00
5.105577468872070312e+00 -inf 5.105577468872070312e+00 6.972666740417480469e+00 6.345613956451416016e+00 6.855750083923339844e+00
5.103531837463378906e+00 -inf 5.103531837463378906e+00 6.972349643707275391e+00 6.361687660217285156e+00 6.850240230560302734e+00
5.103985786437988281e+00 -inf 5.103985786437988281e+00 6.971880435943603516e+00 6.373516559600830078e+00 6.845704555511474609e+00
5.109207153320312500e+00 -inf 5.109207153320312500e+00 6.971938133239746094e+00 6.384305953979492188e+00 6.842079639434814453e+00
5.119889259338378906e+00 -inf 5.119889259338378906e+00 6.971444129943847656e+00 6.396054744720458984e+00 6.837238788604736328e+00
5.124609470367431641e+00 -inf 5.124609470367431641e+00 6.970688819885253906e+00 6.403235435485839844e+00 6.833571910858154297e+00
5.138175487518310547e+00 -inf 5.138175487518310547e+00 6.970313072204589844e+00 6.411731719970703125e+00 6.829858303070068359e+00
5.142868041992187500e+00 -inf 5.142868041992187500e+00 6.969681262969970703e+00 6.410419464111328125e+00 6.829485416412353516e+00
5.137634277343750000e+00 -inf 5.137634277343750000e+00 6.969536781311035156e+00 6.404737472534179688e+00 6.831430435180664062e+00
5.127519130706787109e+00 -inf 5.127519130706787109e+00 6.969017505645751953e+00 6.402364253997802734e+00 6.831604480743408203e+00
5.124178886413574219e+00 -inf 5.124178886413574219e+00 6.968697071075439453e+00 6.399653911590576172e+00 6.832170486450195312e+00
5.124098777770996094e+00 -inf 5.124098777770996094e+00 6.967607975006103516e+00 6.387827873229980469e+00 6.834980964660644531e+00
5.125426769256591797e+00 -inf 5.125426769256591797e+00 6.967176437377929688e+00 6.359169483184814453e+00 6.844202518463134766e+00
5.125742912292480469e+00 -inf 5.125742912292480469e+00 6.966874122619628906e+00 6.330681800842285156e+00 6.852741241455078125e+00
5.126056671142578125e+00 -inf 5.126056671142578125e+00 6.966506004333496094e+00 6.324724674224853516e+00 6.854038715362548828e+00
5.130865573883056641e+00 -inf 5.130865573883056641e+00 6.966161251068115234e+00 6.318963527679443359e+00 6.855283737182617188e+00
5.142613410949707031e+00 -inf 5.142613410949707031e+00 6.965414524078369141e+00 6.310530662536621094e+00 6.856745719909667969e+00
5.157436847686767578e+00 -inf 5.157436847686767578e+00 6.964498519897460938e+00 6.300785541534423828e+00 6.858307838439941406e+00
5.172855377197265625e+00 -inf 5.172855377197265625e+00 6.964086532592773438e+00 6.289552688598632812e+00 6.860846996307373047e+00
5.189673423767089844e+00 -inf 5.189673423767089844e+00 6.963629722595214844e+00 6.276408672332763672e+00 6.863731861114501953e+00
5.207259654998779297e+00 -inf 5.207259654998779297e+00 6.962857723236083984e+00 6.273876667022705078e+00 6.863413810729980469e+00
5.227835655212402344e+00 -inf 5.227835655212402344e+00 6.961987495422363281e+00 6.267176151275634766e+00 6.864032745361328125e+00
5.247124671936035156e+00 -inf 5.247124671936035156e+00 6.961880683898925781e+00 6.263980388641357422e+00 6.864704132080078125e+00
5.263779163360595703e+00 -inf 5.263779163360595703e+00 6.960535049438476562e+00 6.257461071014404297e+00 6.864644527435302734e+00
5.277118206024169922e+00 -inf 5.277118206024169922e+00 6.959897994995117188e+00 6.250429630279541016e+00 6.865572452545166016e+00
5.289024829864501953e+00 -inf 5.289024829864501953e+00 6.959633827209472656e+00 6.246376037597656250e+00 6.866224765777587891e+00
5.298973560333251953e+00 -inf 5.298973560333251953e+00 6.958825588226318359e+00 6.240463256835937500e+00 6.866631031036376953e+00
5.314506053924560547e+00 -inf 5.314506053924560547e+00 6.958573341369628906e+00 6.245600700378417969e+00 6.865093708038330078e+00
5.332986831665039062e+00 -inf 5.332986831665039062e+00 6.957686901092529297e+00 6.250089645385742188e+00 6.862907409667968750e+00
5.357045650482177734e+00 -inf 5.357045650482177734e+00 6.957128047943115234e+00 6.253076553344726562e+00 6.861479282379150391e+00
5.383581638336181641e+00 -inf 5.383581638336181641e+00 6.956485748291015625e+00 6.260734558105468750e+00 6.858767032623291016e+00
5.405557632446289062e+00 -inf 5.405557632446289062e+00 6.955899715423583984e+00 6.272519111633300781e+00 6.855002880096435547e+00
5.423207759857177734e+00 -inf 5.423207759857177734e+00 6.955101490020751953e+00 6.290102481842041016e+00 6.849266052246093750e+00
5.438626289367675781e+00 -inf 5.438626289367675781e+00 6.954523086547851562e+00 6.308309555053710938e+00 6.843358516693115234e+00
5.453975200653076172e+00 -inf 5.453975200653076172e+00 6.954074382781982422e+00 6.325767040252685547e+00 6.837544441223144531e+00
5.477585792541503906e+00 -inf 5.477585792541503906e+00 6.953096866607666016e+00 6.342753410339355469e+00 6.830884456634521484e+00
5.499440670013427734e+00 -inf 5.499440670013427734e+00 6.952460289001464844e+00 6.362866878509521484e+00 6.823284626007080078e+00
5.522141456604003906e+00 -inf 5.522141456604003906e+00 6.951655387878417969e+00 6.379526138305664062e+00 6.816263675689697266e+00
5.542136192321777344e+00 -inf 5.542136192321777344e+00 6.950825691223144531e+00 6.392200946807861328e+00 6.810385704040527344e+00
5.559009552001953125e+00 -inf 5.559009552001953125e+00 6.949706554412841797e+00 6.403001308441162109e+00 6.804628372192382812e+00
5.579246997833251953e+00 -inf 5.579246997833251953e+00 6.948914527893066406e+00 6.415226459503173828e+00 6.798562526702880859e+00
5.600474357604980469e+00 -inf 5.600474357604980469e+00 6.947815418243408203e+00 6.427933216094970703e+00 6.791623115539550781e+00
5.618884563446044922e+00 -inf 5.618884563446044922e+00 6.946816921234130859e+00 6.435606002807617188e+00 6.786817550659179688e+00
5.631521701812744141e+00 -inf 5.631521701812744141e+00 6.945801258087158203e+00 6.440732479095458984e+00 6.783038139343261719e+00
5.647783756256103516e+00 -inf 5.647783756256103516e+00 6.944215774536132812e+00 6.441842555999755859e+00 6.780219078063964844e+00
5.660987854003906250e+00 -inf 5.660987854003906250e+00 6.943030834197998047e+00 6.439970493316650391e+00 6.779351234436035156e+00
5.677087306976318359e+00 -inf 5.677087306976318359e+00 6.941417217254638672e+00 6.434328079223632812e+00 6.779569149017333984e+00
5.696193695068359375e+00 -inf 5.696193695068359375e+00 6.940021038055419922e+00 6.422749519348144531e+00 6.782692909240722656e+00
5.714038372039794922e+00 -inf 5.714038372039794922e+00 6.937919139862060547e+00 6.402597427368164062e+00 6.788243293762207031e+00
5.735094070434570312e+00 -inf 5.735094070434570312e+00 6.935865402221679688e+00 6.378398895263671875e+00 6.794983386993408203e+00
5.757986545562744141e+00 -inf 5.757986545562744141e+00 6.932874679565429688e+00 6.336067199707031250e+00 6.806171417236328125e+00
5.778469562530517578e+00 -inf 5.778469562530517578e+00 6.930068492889404297e+00 6.268137931823730469e+00 6.823382377624511719e+00
5.794125080108642578e+00 -inf 5.794125080108642578e+00 6.928238391876220703e+00 6.200572967529296875e+00 6.838215351104736328e+00
5.805509090423583984e+00 -inf 5.805509090423583984e+00 6.926433086395263672e+00 6.140587329864501953e+00 6.848774909973144531e+00
5.815671443939208984e+00 -inf 5.815671443939208984e+00 6.925261497497558594e+00 6.088439941406250000e+00 6.856919288635253906e+00
5.824871063232421875e+00 -inf 5.824871063232421875e+00 6.922718048095703125e+00 6.041608810424804688e+00 6.861492633819580078e+00
5.835773944854736328e+00 -inf 5.835773944854736328e+00 6.920641422271728516e+00 6.015281200408935547e+00 6.862973213195800781e+00
5.848320960998535156e+00 -inf 5.848320960998535156e+00 6.919237613677978516e+00 5.997570037841796875e+00 6.863835811614990234e+00
5.864119529724121094e+00 -inf 5.864119529724121094e+00 6.917282581329345703e+00 5.968705654144287109e+00 6.865417480468750000e+00
5.874738216400146484e+00 -inf 5.874738216400146484e+00 6.915695190429687500e+00 5.960751056671142578e+00 6.864630222320556641e+00
5.883877277374267578e+00 -inf 5.883877277374267578e+00 6.914294719696044922e+00 5.961288928985595703e+00 6.862987518310546875e+00
5.893257617950439453e+00 -inf 5.893257617950439453e+00 6.913355827331542969e+00 5.977259635925292969e+00 6.859880447387695312e+00
5.903383255004882812e+00 -inf 5.903383255004882812e+00 6.912326335906982422e+00 6.003605842590332031e+00 6.855132579803466797e+00
5.911848068237304688e+00 -inf 5.911848068237304688e+00 6.911221981048583984e+00 6.033299446105957031e+00 6.849512577056884766e+00
5.917672634124755859e+00 -inf 5.917672634124755859e+00 6.910433769226074219e+00 6.062009334564208984e+00 6.844038486480712891e+00
5.924902439117431641e+00 -inf 5.924902439117431641e+00 6.909354686737060547e+00 6.097381591796875000e+00 6.836632728576660156e+00
5.933782577514648438e+00 -inf 5.933782577514648438e+00 6.908466815948486328e+00 6.131266117095947266e+00 6.829094886779785156e+00
5.944679737091064453e+00 -inf 5.944679737091064453e+00 6.907247543334960938e+00 6.157923221588134766e+00 6.822064399719238281e+00
5.955552101135253906e+00 -inf 5.955552101135253906e+00 6.905642032623291016e+00 6.184051036834716797e+00 6.814208030700683594e+00
5.963137149810791016e+00 -inf 5.963137149810791016e+00 6.904282093048095703e+00 6.210315704345703125e+00 6.806112766265869141e+00
5.974242687225341797e+00 -inf 5.974242687225341797e+00 6.903345584869384766e+00 6.232466220855712891e+00 6.799118518829345703e+00
5.984107971191406250e+00 -inf 5.984107971191406250e+00 6.901504993438720703e+00 6.246973991394042969e+00 6.792735576629638672e+00
5.994925022125244141e+00 -inf 5.994925022125244141e+00 6.900002002716064453e+00 6.265501976013183594e+00 6.785359859466552734e+00
6.010069370269775391e+00 -inf 6.010069370269775391e+00 6.898052692413330078e+00 6.278163433074951172e+00 6.778898239135742188e+00
6.020069122314453125e+00 -inf 6.020069122314453125e+00 6.895983219146728516e+00 6.281254768371582031e+00 6.775187015533447266e+00
6.029504299163818359e+00 -inf 6.029504299163818359e+00 6.893773078918457031e+00 6.274535179138183594e+00 6.774414062500000000e+00
6.038431167602539062e+00 -inf 6.038431167602539062e+00 6.891472816467285156e+00 6.254170417785644531e+00 6.777673244476318359e+00
6.047847270965576172e+00 -inf 6.047847270965576172e+00 6.889816284179687500e+00 6.226674079895019531e+00 6.783468246459960938e+00
6.058261394500732422e+00 -inf 6.058261394500732422e+00 6.886475086212158203e+00 6.188194274902343750e+00 6.789392471313476562e+00
6.071949958801269531e+00 -inf 6.071949958801269531e+00 6.883586406707763672e+00 6.150756835937500000e+00 6.794744968414306641e+00
6.085802555084228516e+00 -inf 6.085802555084228516e+00 6.880159854888916016e+00 6.107982635498046875e+00 6.799774169921875000e+00
6.098176956176757812e+00 -inf 6.098176956176757812e+00 6.877162933349609375e+00 6.059019565582275391e+00 6.805556774139404297e+00
6.110435009002685547e+00 -inf 6.110435009002685547e+00 6.872822284698486328e+00 6.008278846740722656e+00 6.809032917022705078e+00
6.124624729156494141e+00 -inf 6.124624729156494141e+00 6.869696140289306641e+00 5.961242675781250000e+00 6.812464714050292969e+00
6.135931491851806641e+00 -inf 6.135931491851806641e+00 6.867193222045898438e+00 5.910692691802978516e+00 6.816321849822998047e+00
6.146331787109375000e+00 -inf 6.146331787109375000e+00 6.864533901214599609e+00 5.877192020416259766e+00 6.817347049713134766e+00
6.154203414916992188e+00 -inf 6.154203414916992188e+00 6.862539291381835938e+00 5.851933956146240234e+00 6.817944049835205078e+00
6.163257598876953125e+00 -inf 6.163257598876953125e+00 6.860434055328369141e+00 5.849443435668945312e+00 6.815880298614501953e+00
6.173829555511474609e+00 -inf 6.173829555511474609e+00 6.858198165893554688e+00 5.849884510040283203e+00 6.813353538513183594e+00
6.184444904327392578e+00 -inf 6.184444904327392578e+00 6.856237411499023438e+00 5.859302997589111328e+00 6.810138225555419922e+00
6.194736003875732422e+00 -inf 6.194736003875732422e+00 6.854388713836669922e+00 5.875039100646972656e+00 6.806274890899658203e+00
6.204251766204833984e+00 -inf 6.204251766204833984e+00 6.852518558502197266e+00 5.885397911071777344e+00 6.802949428558349609e+00
6.212229251861572266e+00 -inf 6.212229251861572266e+00 6.851380825042724609e+00 5.901614665985107422e+00 6.799665451049804688e+00
6.219831466674804688e+00 -inf 6.219831466674804688e+00 6.849816322326660156e+00 5.919544696807861328e+00 6.795572280883789062e+00
6.225290775299072266e+00 -inf 6.225290775299072266e+00 6.848771095275878906e+00 5.933541297912597656e+00 6.792486667633056641e+00
6.229822635650634766e+00 -inf 6.229822635650634766e+00 6.847547531127929688e+00 5.934440135955810547e+00 6.790968418121337891e+00
6.235292911529541016e+00 -inf 6.235292911529541016e+00 6.846595287322998047e+00 5.940153598785400391e+00 6.789080619812011719e+00
6.241358280181884766e+00 -inf 6.241358280181884766e+00 6.844516754150390625e+00 5.931695938110351562e+00 6.787897109985351562e+00
