5.572836875915527344e+00 -inf -3.296476788818836212e-03 6.968218803405761719e+00 4.910441875457763672e+00 -2.489501535892486572e-01
5.570536613464355469e+00 1.778240799903869629e+00 2.182348489761352539e+00 6.969304084777832031e+00 5.191487789154052734e+00 1.872100234031677246e+00
5.563180446624755859e+00 1.157028913497924805e+00 1.818439841270446777e+00 6.968785762786865234e+00 5.347112655639648438e+00 2.156723499298095703e+00
5.558645725250244141e+00 1.038537979125976562e+00 1.626696228981018066e+00 6.966656684875488281e+00 5.374295711517333984e+00 1.935925602912902832e+00
5.550324440002441406e+00 3.289321362972259521e-01 1.137109994888305664e+00 6.966168403625488281e+00 5.413341045379638672e+00 1.573244929313659668e+00
5.541734695434570312e+00 -3.162283301353454590e-01 5.347368717193603516e-01 6.965819835662841797e+00 5.254314899444580078e+00 1.946133017539978027e+00
5.530704975128173828e+00 -2.296605855226516724e-01 3.148117065429687500e-01 6.965622425079345703e+00 5.104944229125976562e+00 2.295362472534179688e+00
5.521348953247070312e+00 -1.281598955392837524e-01 7.072603702545166016e-01 6.965750217437744141e+00 4.898393630981445312e+00 2.058889627456665039e+00
5.514055252075195312e+00 1.345287561416625977e-01 8.733029365539550781e-01 6.966819763183593750e+00 4.834810256958007812e+00 1.366853713989257812e+00
5.507943153381347656e+00 -8.602561354637145996e-01 4.249146282672882080e-01 6.967441082000732422e+00 4.709191799163818359e+00 1.290816307067871094e+00
5.509885787963867188e+00 -6.961632966995239258e-01 1.999664902687072754e-01 6.968540191650390625e+00 4.741388320922851562e+00 -inf
5.509396076202392578e+00 -5.076856017112731934e-01 5.893262624740600586e-01 6.969871520996093750e+00 4.657753944396972656e+00 -inf
5.503119468688964844e+00 7.798214554786682129e-01 1.556873559951782227e+00 6.969887733459472656e+00 4.792034149169921875e+00 1.450579762458801270e+00
5.507849693298339844e+00 7.773745059967041016e-01 1.726767063140869141e+00 6.970650196075439453e+00 4.987459182739257812e+00 2.073928117752075195e+00
5.518498897552490234e+00 6.254944801330566406e-01 1.774093866348266602e+00 6.971311092376708984e+00 5.196075439453125000e+00 2.090243577957153320e+00
5.526400566101074219e+00 5.427777171134948730e-01 2.413793325424194336e+00 6.971727848052978516e+00 5.374254703521728516e+00 -inf
5.528594493865966797e+00 6.837212443351745605e-01 2.639147520065307617e+00 6.971689224243164062e+00 5.560626506805419922e+00 -inf
5.545120239257812500e+00 8.219211101531982422e-01 2.964526414871215820e+00 6.971942901611328125e+00 5.733479976654052734e+00 1.692765593528747559e+00
5.556730270385742188e+00 5.029972195625305176e-01 3.223650455474853516e+00 6.972480773925781250e+00 5.856798648834228516e+00 2.518996953964233398e+00
5.576764583587646484e+00 5.492181181907653809e-01 3.261489391326904297e+00 6.973057270050048828e+00 5.964830398559570312e+00 1.872136831283569336e+00
5.595553398132324219e+00 1.016101837158203125e+00 3.426720619201660156e+00 6.972732543945312500e+00 6.076671123504638672e+00 2.663518667221069336e+00
5.618345260620117188e+00 1.259314656257629395e+00 3.299758672714233398e+00 6.972005367279052734e+00 6.086800575256347656e+00 3.232079744338989258e+00
5.650127887725830078e+00 1.113608837127685547e+00 2.995736598968505859e+00 6.970685005187988281e+00 6.072430133819580078e+00 2.387072086334228516e+00
5.685424327850341797e+00 9.034264683723449707e-01 2.751769304275512695e+00 6.968458175659179688e+00 5.991115570068359375e+00 -inf
5.720040321350097656e+00 1.594303131103515625e+00 2.759560108184814453e+00 6.966331481933593750e+00 5.923676967620849609e+00 -inf
5.762896537780761719e+00 9.557867646217346191e-01 2.410547971725463867e+00 6.963520050048828125e+00 5.818862915039062500e+00 -inf
5.828921318054199219e+00 9.990133643150329590e-01 2.523378849029541016e+00 6.958422660827636719e+00 5.685793399810791016e+00 -inf
5.891798973083496094e+00 1.568180322647094727e+00 2.801957845687866211e+00 6.953214645385742188e+00 5.642238616943359375e+00 -inf
5.974925518035888672e+00 1.595744848251342773e+00 2.846724748611450195e+00 6.944821357727050781e+00 5.529834747314453125e+00 -inf
6.033038616180419922e+00 1.568725824356079102e+00 2.761318206787109375e+00 6.938278675079345703e+00 5.659090995788574219e+00 -inf
6.080152988433837891e+00 1.534636497497558594e+00 2.947208881378173828e+00 6.931821346282958984e+00 5.762779235839843750e+00 -inf
6.139083385467529297e+00 1.495451450347900391e+00 2.912082433700561523e+00 6.922746181488037109e+00 5.670516490936279297e+00 6.862775981426239014e-02
6.203829765319824219e+00 1.393469452857971191e+00 2.869932651519775391e+00 6.911301612854003906e+00 5.675848484039306641e+00 -inf
6.248783588409423828e+00 1.643795490264892578e+00 3.060895681381225586e+00 6.901985168457031250e+00 5.612576007843017578e+00 4.536415040493011475e-01
6.282431125640869141e+00 1.658175706863403320e+00 2.942719697952270508e+00 6.894024848937988281e+00 5.502125740051269531e+00 9.350064396858215332e-01
6.311793327331542969e+00 1.568377137184143066e+00 2.849263191223144531e+00 6.885572910308837891e+00 5.304172515869140625e+00 -1.047727823257446289e+00
6.338064670562744141e+00 1.392510890960693359e+00 2.666356563568115234e+00 6.877318859100341797e+00 5.106804847717285156e+00 -inf
6.358613491058349609e+00 1.200594544410705566e+00 2.431503534317016602e+00 6.870113372802734375e+00 5.048746109008789062e+00 -inf
6.373162746429443359e+00 1.198260903358459473e+00 2.598845005035400391e+00 6.864565849304199219e+00 5.117870807647705078e+00 -inf
6.386583328247070312e+00 1.506425499916076660e+00 2.966931104660034180e+00 6.859556198120117188e+00 5.100475311279296875e+00 1.389912128448486328e+00
6.398693084716796875e+00 1.610070705413818359e+00 2.734176874160766602e+00 6.854095458984375000e+00 5.159776687622070312e+00 2.435096502304077148e+00
6.413079261779785156e+00 1.511307716369628906e+00 2.792580366134643555e+00 6.848278999328613281e+00 5.193095684051513672e+00 2.208460569381713867e+00
6.428631305694580078e+00 1.450781464576721191e+00 2.706100463867187500e+00 6.842490196228027344e+00 5.278258323669433594e+00 1.858609199523925781e+00
6.443391323089599609e+00 1.207712769508361816e+00 2.849505901336669922e+00 6.836596488952636719e+00 5.366105079650878906e+00 2.616996288299560547e+00
6.457015037536621094e+00 1.676005959510803223e+00 2.936624050140380859e+00 6.831281661987304688e+00 5.441184997558593750e+00 2.170875787734985352e+00
6.468468189239501953e+00 1.458239078521728516e+00 3.151675462722778320e+00 6.825617313385009766e+00 5.438125610351562500e+00 2.661667585372924805e+00
6.478312015533447266e+00 1.581043720245361328e+00 2.979036569595336914e+00 6.819846630096435547e+00 5.399717807769775391e+00 2.693471908569335938e+00
6.486831665039062500e+00 1.536089897155761719e+00 2.952722787857055664e+00 6.814596652984619141e+00 5.388482570648193359e+00 2.213974952697753906e+00
6.496066093444824219e+00 1.555470585823059082e+00 2.925446510314941406e+00 6.808799743652343750e+00 5.358669281005859375e+00 1.895187497138977051e+00
6.505567550659179688e+00 1.742424249649047852e+00 2.885679721832275391e+00 6.802062511444091797e+00 5.401454925537109375e+00 2.134732484817504883e+00
6.514176368713378906e+00 1.866694450378417969e+00 3.029389619827270508e+00 6.794279098510742188e+00 5.466225624084472656e+00 2.465317726135253906e+00
6.523171424865722656e+00 1.938870549201965332e+00 3.339322328567504883e+00 6.786541461944580078e+00 5.551295757293701172e+00 2.642424345016479492e+00
6.529753208160400391e+00 2.044460535049438477e+00 3.525151491165161133e+00 6.779425144195556641e+00 5.608606815338134766e+00 2.663299322128295898e+00
6.535378456115722656e+00 2.151750326156616211e+00 3.604733705520629883e+00 6.771155834197998047e+00 5.595405578613281250e+00 3.114878177642822266e+00
6.542207717895507812e+00 1.722782373428344727e+00 3.473999023437500000e+00 6.762760639190673828e+00 5.559769153594970703e+00 2.719326496124267578e+00
6.549036979675292969e+00 1.989769577980041504e+00 3.671786546707153320e+00 6.754436969757080078e+00 5.663357734680175781e+00 2.075588703155517578e+00
6.556063652038574219e+00 2.106280326843261719e+00 3.936051607131958008e+00 6.745021820068359375e+00 5.698310852050781250e+00 2.183029174804687500e+00
6.560880661010742188e+00 1.958560705184936523e+00 4.211643695831298828e+00 6.736366748809814453e+00 5.710862159729003906e+00 2.209443330764770508e+00
6.568234920501708984e+00 2.074566841125488281e+00 4.315223217010498047e+00 6.726790904998779297e+00 5.738848686218261719e+00 3.135569095611572266e+00
6.578585147857666016e+00 2.036916494369506836e+00 4.098565101623535156e+00 6.714905261993408203e+00 5.644639015197753906e+00 1.923727393150329590e-01
6.588643550872802734e+00 2.434021949768066406e+00 4.145207881927490234e+00 6.703828334808349609e+00 5.701222896575927734e+00 2.338138341903686523e+00
6.596012115478515625e+00 2.380046844482421875e+00 4.121117591857910156e+00 6.693381786346435547e+00 5.611816883087158203e+00 2.088613271713256836e+00
6.603703498840332031e+00 2.084840774536132812e+00 4.172842025756835938e+00 6.683105945587158203e+00 5.565807819366455078e+00 2.870724201202392578e+00
6.611849784851074219e+00 2.052258729934692383e+00 4.248768806457519531e+00 6.671674251556396484e+00 5.457404136657714844e+00 2.690744638442993164e+00
6.620449066162109375e+00 2.103091716766357422e+00 4.136139392852783203e+00 6.659466743469238281e+00 5.392104625701904297e+00 2.055977582931518555e+00
6.627699375152587891e+00 1.857228994369506836e+00 3.864593744277954102e+00 6.648437500000000000e+00 5.341068267822265625e+00 2.297186136245727539e+00
6.634919643402099609e+00 1.721121549606323242e+00 3.582841634750366211e+00 6.636380672454833984e+00 5.328596591949462891e+00 1.670037627220153809e+00
6.640272140502929688e+00 1.707295656204223633e+00 2.883822917938232422e+00 6.625977993011474609e+00 5.276868820190429688e+00 2.114813566207885742e+00
6.643380641937255859e+00 1.979327678680419922e+00 3.126749992370605469e+00 6.617002487182617188e+00 5.197574138641357422e+00 2.174291849136352539e+00
6.646832942962646484e+00 2.076601982116699219e+00 3.313338279724121094e+00 6.608358383178710938e+00 5.103163719177246094e+00 9.991202354431152344e-01
6.649088859558105469e+00 1.960207700729370117e+00 3.176336765289306641e+00 6.602020263671875000e+00 5.062589168548583984e+00 -inf
6.650365829467773438e+00 1.966335654258728027e+00 3.108737230300903320e+00 6.596357822418212891e+00 4.992911815643310547e+00 1.834404468536376953e+00
6.650162220001220703e+00 2.072269439697265625e+00 3.317639827728271484e+00 6.591907978057861328e+00 5.047828197479248047e+00 5.398014187812805176e-01
6.649826049804687500e+00 1.989423274993896484e+00 3.281032085418701172e+00 6.585327625274658203e+00 4.958919048309326172e+00 1.714142560958862305e+00
6.650066375732421875e+00 2.046241283416748047e+00 3.378103733062744141e+00 6.579418659210205078e+00 4.936310291290283203e+00 1.149921298027038574e+00
6.651778221130371094e+00 2.074259042739868164e+00 3.429449558258056641e+00 6.572262287139892578e+00 4.838055133819580078e+00 1.441950201988220215e+00
6.653809547424316406e+00 1.929502248764038086e+00 3.351168632507324219e+00 6.565320491790771484e+00 4.781104564666748047e+00 1.029677867889404297e+00
6.655438899993896484e+00 1.905154228210449219e+00 3.252017974853515625e+00 6.558617115020751953e+00 4.709316253662109375e+00 2.065035820007324219e+00
6.658440113067626953e+00 1.773618578910827637e+00 3.488900899887084961e+00 6.551438331604003906e+00 4.763274669647216797e+00 1.746421456336975098e+00
6.662428379058837891e+00 1.872718572616577148e+00 3.725320339202880859e+00 6.542759418487548828e+00 4.865315914154052734e+00 2.427891969680786133e+00
6.667031288146972656e+00 2.375558376312255859e+00 4.073549747467041016e+00 6.531854629516601562e+00 4.906135082244873047e+00 1.645973205566406250e+00
6.671728134155273438e+00 2.281893730163574219e+00 4.547558307647705078e+00 6.521255016326904297e+00 4.979057312011718750e+00 2.615143537521362305e+00
6.675885677337646484e+00 2.421742677688598633e+00 4.884168624877929688e+00 6.511309623718261719e+00 5.025433540344238281e+00 3.129882812500000000e+00
6.679163455963134766e+00 2.523059606552124023e+00 5.118309974670410156e+00 6.501120090484619141e+00 5.099098682403564453e+00 2.818062067031860352e+00
6.682303428649902344e+00 2.996286153793334961e+00 5.285981178283691406e+00 6.490313053131103516e+00 5.182460308074951172e+00 2.886384248733520508e+00
6.685459613800048828e+00 3.206488132476806641e+00 5.272993087768554688e+00 6.479666233062744141e+00 5.167148590087890625e+00 3.066247940063476562e+00
6.688709735870361328e+00 3.014081716537475586e+00 5.309655666351318359e+00 6.468104839324951172e+00 5.239829540252685547e+00 3.491260290145874023e+00
6.693598270416259766e+00 2.977564573287963867e+00 5.393175601959228516e+00 6.452071189880371094e+00 5.312507152557373047e+00 3.036790370941162109e+00
6.698470115661621094e+00 3.544009923934936523e+00 5.522655010223388672e+00 6.436475276947021484e+00 5.461880207061767578e+00 3.410055637359619141e+00
6.699376106262207031e+00 4.001163482666015625e+00 5.650249481201171875e+00 6.426653861999511719e+00 5.574915409088134766e+00 3.366315841674804688e+00
6.699459552764892578e+00 4.261323451995849609e+00 5.729962825775146484e+00 6.417934894561767578e+00 5.678647518157958984e+00 4.246602058410644531e+00
6.698350906372070312e+00 4.454478263854980469e+00 5.816585540771484375e+00 6.410356998443603516e+00 5.759164333343505859e+00 4.391418457031250000e+00
6.697131156921386719e+00 4.549136638641357422e+00 5.838588714599609375e+00 6.402144908905029297e+00 5.767302513122558594e+00 4.277599334716796875e+00
6.695078372955322266e+00 4.700248718261718750e+00 5.881361007690429688e+00 6.396826744079589844e+00 5.805596828460693359e+00 4.584741115570068359e+00
6.691445827484130859e+00 4.602886199951171875e+00 5.864846229553222656e+00 6.392764568328857422e+00 5.733443737030029297e+00 4.664848327636718750e+00
6.687103748321533203e+00 4.563461780548095703e+00 5.805999755859375000e+00 6.389946937561035156e+00 5.708813190460205078e+00 4.158645153045654297e+00
6.683047294616699219e+00 4.483984947204589844e+00 5.745040893554687500e+00 6.386570930480957031e+00 5.673082351684570312e+00 4.377122402191162109e+00
6.679641246795654297e+00 4.331289768218994141e+00 5.667027950286865234e+00 6.382439136505126953e+00 5.610154151916503906e+00 4.572122573852539062e+00
6.676328659057617188e+00 4.237781524658203125e+00 5.579594135284423828e+00 6.379601478576660156e+00 5.587110996246337891e+00 4.088656902313232422e+00
6.672851085662841797e+00 4.440543651580810547e+00 5.591932773590087891e+00 6.376061916351318359e+00 5.662931442260742188e+00 4.267827033996582031e+00
6.669636726379394531e+00 4.665630340576171875e+00 5.693216323852539062e+00 6.371724128723144531e+00 5.752388000488281250e+00 4.332524299621582031e+00
6.665980815887451172e+00 4.549912452697753906e+00 5.632188320159912109e+00 6.364421367645263672e+00 5.678429603576660156e+00 4.187676429748535156e+00
6.663877010345458984e+00 4.393937110900878906e+00 5.590201377868652344e+00 6.355088710784912109e+00 5.544497966766357422e+00 3.981771945953369141e+00
6.661812782287597656e+00 4.269183635711669922e+00 5.387147903442382812e+00 6.348243713378906250e+00 5.473673820495605469e+00 3.662568330764770508e+00
6.660069942474365234e+00 4.062668800354003906e+00 5.167980670928955078e+00 6.341061592102050781e+00 5.347074031829833984e+00 2.971272230148315430e+00
6.658855438232421875e+00 4.112362861633300781e+00 4.993738174438476562e+00 6.334662437438964844e+00 5.329580307006835938e+00 2.666713714599609375e+00
6.656291007995605469e+00 3.644352436065673828e+00 4.855460643768310547e+00 6.324304103851318359e+00 5.022475242614746094e+00 2.026511907577514648e+00
6.653826236724853516e+00 2.994533061981201172e+00 4.709247112274169922e+00 6.319330692291259766e+00 4.889420986175537109e+00 1.934062719345092773e+00
6.650921344757080078e+00 1.981817841529846191e+00 4.589305400848388672e+00 6.313366889953613281e+00 4.693177223205566406e+00 -2.194032818078994751e-01
6.648538112640380859e+00 2.435471296310424805e+00 4.559105873107910156e+00 6.307182788848876953e+00 4.760927200317382812e+00 1.230881333351135254e+00
6.645879268646240234e+00 3.097324609756469727e+00 4.622921466827392578e+00 6.302657127380371094e+00 4.927726745605468750e+00 2.044001102447509766e+00
6.643091678619384766e+00 3.566315174102783203e+00 4.794126033782958984e+00 6.300553321838378906e+00 5.016388416290283203e+00 2.877477645874023438e+00
6.640543460845947266e+00 3.819439649581909180e+00 4.983024597167968750e+00 6.298249721527099609e+00 5.127394676208496094e+00 2.675356388092041016e+00
6.638736724853515625e+00 3.917615890502929688e+00 5.151269912719726562e+00 6.294742584228515625e+00 5.182962894439697266e+00 3.209396600723266602e+00
6.637419700622558594e+00 3.973024606704711914e+00 5.345924377441406250e+00 6.292779922485351562e+00 5.215021610260009766e+00 3.363409042358398438e+00
6.635928153991699219e+00 3.954102516174316406e+00 5.505182266235351562e+00 6.287744522094726562e+00 5.224725246429443359e+00 3.604315757751464844e+00
6.635024547576904297e+00 3.998963832855224609e+00 5.625434875488281250e+00 6.283165454864501953e+00 5.265504837036132812e+00 3.886690378189086914e+00
6.633676528930664062e+00 4.131064891815185547e+00 5.697885036468505859e+00 6.278715133666992188e+00 5.288886070251464844e+00 4.081120014190673828e+00
6.633129119873046875e+00 4.262971401214599609e+00 5.763668537139892578e+00 6.275382041931152344e+00 5.311110019683837891e+00 4.474432945251464844e+00
6.631763935089111328e+00 4.369356155395507812e+00 5.816759109497070312e+00 6.271710395812988281e+00 5.323894977569580078e+00 4.566083908081054688e+00
6.630160808563232422e+00 4.444802284240722656e+00 5.845405101776123047e+00 6.267493724822998047e+00 5.337105274200439453e+00 4.643067836761474609e+00
6.629203796386718750e+00 4.531449794769287109e+00 5.859693050384521484e+00 6.263428688049316406e+00 5.356418132781982422e+00 4.550107479095458984e+00
6.628376483917236328e+00 4.594584941864013672e+00 5.873528957366943359e+00 6.259824752807617188e+00 5.385330200195312500e+00 4.525048732757568359e+00
6.627640247344970703e+00 4.593866825103759766e+00 5.892069816589355469e+00 6.256481647491455078e+00 5.377650260925292969e+00 4.463920116424560547e+00
6.627267360687255859e+00 4.648352146148681641e+00 5.902678966522216797e+00 6.252878189086914062e+00 5.374224662780761719e+00 4.429313182830810547e+00
6.626886844635009766e+00 4.668338775634765625e+00 5.912384510040283203e+00 6.248364925384521484e+00 5.377845287322998047e+00 4.514104366302490234e+00
6.626486778259277344e+00 4.691490173339843750e+00 5.916751861572265625e+00 6.243472576141357422e+00 5.388882637023925781e+00 4.373401641845703125e+00
6.626847743988037109e+00 4.702420711517333984e+00 5.922266960144042969e+00 6.237495422363281250e+00 5.400690078735351562e+00 4.406989097595214844e+00
6.627677440643310547e+00 4.726524353027343750e+00 5.931859493255615234e+00 6.229851722717285156e+00 5.418906688690185547e+00 4.606445312500000000e+00
6.629648208618164062e+00 4.730076789855957031e+00 5.942506313323974609e+00 6.221474170684814453e+00 5.436911582946777344e+00 4.906024456024169922e+00
6.631907939910888672e+00 4.406419277191162109e+00 5.817884445190429688e+00 6.211000442504882812e+00 5.317154884338378906e+00 4.376254081726074219e+00
6.635657787322998047e+00 4.358191490173339844e+00 5.650562763214111328e+00 6.198543071746826172e+00 5.280322551727294922e+00 4.082127571105957031e+00
6.639842510223388672e+00 4.241279602050781250e+00 5.532023429870605469e+00 6.184824466705322266e+00 5.263639450073242188e+00 3.666437387466430664e+00
6.644372463226318359e+00 4.269496440887451172e+00 5.481546401977539062e+00 6.170568943023681641e+00 5.309429168701171875e+00 3.697977781295776367e+00
6.648396492004394531e+00 4.300461292266845703e+00 5.528436660766601562e+00 6.157048702239990234e+00 5.292175769805908203e+00 3.765699863433837891e+00
6.651719570159912109e+00 4.345111370086669922e+00 5.570544242858886719e+00 6.145833969116210938e+00 5.317861080169677734e+00 3.937189579010009766e+00
6.654476165771484375e+00 4.231732368469238281e+00 5.565869808197021484e+00 6.133500576019287109e+00 5.280124187469482422e+00 4.307171821594238281e+00
6.657959938049316406e+00 4.180458545684814453e+00 5.560210704803466797e+00 6.119872570037841797e+00 5.287840366363525391e+00 4.087172031402587891e+00
6.661606311798095703e+00 4.119569301605224609e+00 5.627449989318847656e+00 6.104409694671630859e+00 5.260086536407470703e+00 4.064001560211181641e+00
6.664600849151611328e+00 4.125547409057617188e+00 5.670398712158203125e+00 6.090498924255371094e+00 5.249222278594970703e+00 4.227572917938232422e+00
6.667753696441650391e+00 3.905448436737060547e+00 5.663397789001464844e+00 6.074100017547607422e+00 5.175456523895263672e+00 4.445345401763916016e+00
6.669639110565185547e+00 3.867339134216308594e+00 5.558724403381347656e+00 6.061313629150390625e+00 5.132582664489746094e+00 4.214445590972900391e+00
6.670916557312011719e+00 4.048566818237304688e+00 5.645842075347900391e+00 6.049977779388427734e+00 5.164440155029296875e+00 4.099311828613281250e+00
6.672426223754882812e+00 4.196139812469482422e+00 5.774418354034423828e+00 6.038251399993896484e+00 5.207935333251953125e+00 4.238333225250244141e+00
6.673495292663574219e+00 4.276721000671386719e+00 5.863726615905761719e+00 6.028858661651611328e+00 5.199202060699462891e+00 4.560075759887695312e+00
6.674520492553710938e+00 4.350675106048583984e+00 5.932517051696777344e+00 6.019042491912841797e+00 5.211763858795166016e+00 4.617904186248779297e+00
6.675045490264892578e+00 4.391612052917480469e+00 5.976826667785644531e+00 6.011688232421875000e+00 5.225108146667480469e+00 4.590971469879150391e+00
6.674420833587646484e+00 4.538067817687988281e+00 6.044538974761962891e+00 6.005346775054931641e+00 5.260500431060791016e+00 4.720299243927001953e+00
6.674614429473876953e+00 4.616246223449707031e+00 6.076694011688232422e+00 5.993107795715332031e+00 5.259604930877685547e+00 4.909831047058105469e+00
6.674032688140869141e+00 4.684819698333740234e+00 6.096446990966796875e+00 5.983082771301269531e+00 5.232746124267578125e+00 4.788397312164306641e+00
6.672835350036621094e+00 4.751605510711669922e+00 6.118028163909912109e+00 5.972954273223876953e+00 5.209837913513183594e+00 4.789283275604248047e+00
6.671048641204833984e+00 4.819486141204833984e+00 6.136409759521484375e+00 5.965609073638916016e+00 5.182962894439697266e+00 4.809489727020263672e+00
6.668148994445800781e+00 4.864179134368896484e+00 6.144595146179199219e+00 5.956810951232910156e+00 5.156728744506835938e+00 4.756186962127685547e+00
6.664291858673095703e+00 4.967736721038818359e+00 6.154269218444824219e+00 5.944451808929443359e+00 5.110599040985107422e+00 4.732935905456542969e+00
6.660223960876464844e+00 5.085030078887939453e+00 6.163279056549072266e+00 5.935535907745361328e+00 5.060626506805419922e+00 4.736192703247070312e+00
6.655534267425537109e+00 5.156546592712402344e+00 6.173284530639648438e+00 5.928702831268310547e+00 5.005096912384033203e+00 4.834626674652099609e+00
6.650930404663085938e+00 5.220803737640380859e+00 6.183526039123535156e+00 5.921430587768554688e+00 4.944299697875976562e+00 4.816021442413330078e+00
6.647342681884765625e+00 5.263872146606445312e+00 6.185076713562011719e+00 5.911021709442138672e+00 4.898316383361816406e+00 4.866052627563476562e+00
6.644227981567382812e+00 5.297506332397460938e+00 6.188813686370849609e+00 5.898180961608886719e+00 4.857754707336425781e+00 4.843084812164306641e+00
6.641543388366699219e+00 5.293906211853027344e+00 6.189306735992431641e+00 5.885221004486083984e+00 4.810234546661376953e+00 4.806862354278564453e+00
6.639046192169189453e+00 5.294255733489990234e+00 6.185379981994628906e+00 5.871557712554931641e+00 4.758739948272705078e+00 4.804891109466552734e+00
6.635093212127685547e+00 5.280391693115234375e+00 6.176825523376464844e+00 5.860402584075927734e+00 4.695574283599853516e+00 4.785569190979003906e+00
6.632082462310791016e+00 5.286362648010253906e+00 6.169878005981445312e+00 5.846403121948242188e+00 4.634047031402587891e+00 4.833003997802734375e+00
6.628659248352050781e+00 5.320842266082763672e+00 6.159704208374023438e+00 5.833338737487792969e+00 4.577189445495605469e+00 4.854078292846679688e+00
6.626020431518554688e+00 5.342793941497802734e+00 6.156045913696289062e+00 5.817718505859375000e+00 4.521701812744140625e+00 4.854247093200683594e+00
6.622439861297607422e+00 5.356457710266113281e+00 6.148396968841552734e+00 5.805251121520996094e+00 4.442367076873779297e+00 4.855874538421630859e+00
6.620048999786376953e+00 5.364140510559082031e+00 6.141973018646240234e+00 5.786167144775390625e+00 4.301412105560302734e+00 4.786985397338867188e+00
6.618421077728271484e+00 5.364841461181640625e+00 6.142301559448242188e+00 5.762626171112060547e+00 4.269612312316894531e+00 4.779763221740722656e+00
6.617982864379882812e+00 5.348369121551513672e+00 6.142148971557617188e+00 5.730876922607421875e+00 4.330218315124511719e+00 4.815076351165771484e+00
6.617191314697265625e+00 5.330978393554687500e+00 6.143723011016845703e+00 5.696176528930664062e+00 4.266561508178710938e+00 4.742160797119140625e+00
6.616197586059570312e+00 5.329383850097656250e+00 6.152071952819824219e+00 5.657199859619140625e+00 4.157560348510742188e+00 4.682605743408203125e+00
6.613193988800048828e+00 5.340020179748535156e+00 6.157326698303222656e+00 5.627276420593261719e+00 4.046744346618652344e+00 4.699429988861083984e+00
6.610329151153564453e+00 5.368747711181640625e+00 6.165127754211425781e+00 5.586249351501464844e+00 3.923353672027587891e+00 4.686726093292236328e+00
6.609062194824218750e+00 5.411039829254150391e+00 6.161651611328125000e+00 5.528220176696777344e+00 3.915671110153198242e+00 4.543848037719726562e+00
6.606906890869140625e+00 5.454161167144775391e+00 6.160641193389892578e+00 5.469165802001953125e+00 3.902752876281738281e+00 4.548320293426513672e+00
6.604366779327392578e+00 5.487233638763427734e+00 6.159966945648193359e+00 5.407038688659667969e+00 3.828137874603271484e+00 4.409961223602294922e+00
6.599078178405761719e+00 5.522921562194824219e+00 6.154914855957031250e+00 5.353852272033691406e+00 3.812868356704711914e+00 4.340377807617187500e+00
6.592101573944091797e+00 5.538815975189208984e+00 6.149559020996093750e+00 5.303597450256347656e+00 3.764480590820312500e+00 4.277478218078613281e+00
6.582844734191894531e+00 5.562924385070800781e+00 6.142857074737548828e+00 5.254709720611572266e+00 3.858127355575561523e+00 4.403388023376464844e+00
6.572646141052246094e+00 5.572705268859863281e+00 6.134139060974121094e+00 5.209560394287109375e+00 3.874517679214477539e+00 4.392206668853759766e+00
6.563952445983886719e+00 5.578225135803222656e+00 6.123848438262939453e+00 5.133884906768798828e+00 3.827690601348876953e+00 4.218673229217529297e+00
6.553524971008300781e+00 5.571651935577392578e+00 6.113792896270751953e+00 5.086219787597656250e+00 3.683355093002319336e+00 4.121913909912109375e+00
6.542443275451660156e+00 5.573317527770996094e+00 6.096722126007080078e+00 5.017957210540771484e+00 3.626708984375000000e+00 4.048978805541992188e+00
6.531243801116943359e+00 5.563366889953613281e+00 6.090841770172119141e+00 4.925064563751220703e+00 3.530638694763183594e+00 3.564387321472167969e+00
6.520128250122070312e+00 5.532266139984130859e+00 6.076628208160400391e+00 4.867794513702392578e+00 3.395270347595214844e+00 3.596062183380126953e+00
6.508891105651855469e+00 5.512914657592773438e+00 6.060193061828613281e+00 4.825202465057373047e+00 3.287296533584594727e+00 3.141489028930664062e+00
6.499584674835205078e+00 5.516154766082763672e+00 6.043254852294921875e+00 4.754418849945068359e+00 3.107817411422729492e+00 3.191102266311645508e+00
6.491243362426757812e+00 5.519783973693847656e+00 6.025831222534179688e+00 4.658788204193115234e+00 2.670757293701171875e+00 3.376737356185913086e+00
6.480451583862304688e+00 5.513177394866943359e+00 6.016268730163574219e+00 4.525589466094970703e+00 2.665514469146728516e+00 3.067337989807128906e+00
6.465254306793212891e+00 5.507732868194580078e+00 6.007656097412109375e+00 4.377534866333007812e+00 2.483757257461547852e+00 2.772561788558959961e+00
6.444360256195068359e+00 5.464971542358398438e+00 6.003988742828369141e+00 4.186211585998535156e+00 1.903355717658996582e+00 1.607645153999328613e+00
6.419466495513916016e+00 5.405172824859619141e+00 5.972905158996582031e+00 4.058883190155029297e+00 -inf 1.106335043907165527e+00
6.397199630737304688e+00 5.383906364440917969e+00 5.948380947113037109e+00 3.952136278152465820e+00 -inf -inf
6.378403186798095703e+00 5.360395908355712891e+00 5.934114456176757812e+00 3.874042034149169922e+00 -inf -inf
6.358169555664062500e+00 5.307613372802734375e+00 5.923035621643066406e+00 3.529408216476440430e+00 -inf -inf
6.340006828308105469e+00 5.390421867370605469e+00 5.893810272216796875e+00 3.522086143493652344e+00 -inf -inf
6.322446346282958984e+00 5.439843177795410156e+00 5.882037162780761719e+00 3.464632749557495117e+00 -inf -inf
6.308947086334228516e+00 5.452468395233154297e+00 5.881536960601806641e+00 1.814700961112976074e+00 -inf -inf
6.296473503112792969e+00 5.464708328247070312e+00 5.882383346557617188e+00 -inf -inf -inf
6.283365726470947266e+00 5.491599559783935547e+00 5.872698307037353516e+00 -inf -inf -inf
6.269350051879882812e+00 5.513391971588134766e+00 5.852278232574462891e+00 -inf -inf -inf
6.257916927337646484e+00 5.518302440643310547e+00 5.842823982238769531e+00 -inf -inf -inf
6.246624946594238281e+00 5.545252799987792969e+00 5.839541435241699219e+00 -inf -inf -inf
6.234137535095214844e+00 5.577940940856933594e+00 5.821839332580566406e+00 -inf -inf -inf
6.224477291107177734e+00 5.590758800506591797e+00 5.818038463592529297e+00 -inf -inf -inf
6.215515136718750000e+00 5.623456478118896484e+00 5.799100875854492188e+00 -inf -inf -inf
6.207845211029052734e+00 5.649265289306640625e+00 5.776073932647705078e+00 -inf -inf -inf
6.200614929199218750e+00 5.672948837280273438e+00 5.742712974548339844e+00 -inf -inf -inf
6.195271492004394531e+00 5.680831909179687500e+00 5.720952510833740234e+00 -inf -inf -inf
6.188966274261474609e+00 5.623049736022949219e+00 5.744844913482666016e+00 -inf -inf -inf
6.182456970214843750e+00 5.532349109649658203e+00 5.769661426544189453e+00 -inf -inf -inf
6.174833774566650391e+00 5.389386177062988281e+00 5.804089069366455078e+00 -inf -inf -inf
6.169213771820068359e+00 5.316959381103515625e+00 5.787725448608398438e+00 -inf -inf -inf
6.162871837615966797e+00 5.341184616088867188e+00 5.744032859802246094e+00 -inf -inf -inf
6.156540870666503906e+00 5.434812068939208984e+00 5.713091850280761719e+00 -inf -inf -inf
6.151203632354736328e+00 5.480421066284179688e+00 5.695344924926757812e+00 -inf -inf -inf
6.145590782165527344e+00 5.516894340515136719e+00 5.684570789337158203e+00 -inf -inf -inf
6.137867927551269531e+00 5.527041435241699219e+00 5.686384677886962891e+00 -inf -inf -inf
6.131604194641113281e+00 5.551486492156982422e+00 5.689522266387939453e+00 -inf -inf -inf
6.125798225402832031e+00 5.547644615173339844e+00 5.695232868194580078e+00 -inf -inf -inf
6.118243694305419922e+00 5.561796665191650391e+00 5.681396007537841797e+00 -inf -inf -inf
6.110340595245361328e+00 5.553266048431396484e+00 5.679819583892822266e+00 -inf -inf -inf
6.104495525360107422e+00 5.562023162841796875e+00 5.657842159271240234e+00 -inf -inf -inf
