5.928077697753906250e+00 -inf 5.928077697753906250e+00 6.923308849334716797e+00 5.624945163726806641e+00 6.900891304016113281e+00
5.940580844879150391e+00 -inf 5.940580844879150391e+00 6.921140670776367188e+00 5.624546527862548828e+00 6.898629188537597656e+00
5.959825515747070312e+00 -inf 5.959825515747070312e+00 6.917996883392333984e+00 5.622653484344482422e+00 6.895419597625732422e+00
5.979870319366455078e+00 -inf 5.979870319366455078e+00 6.913148880004882812e+00 5.596868038177490234e+00 6.891660690307617188e+00
6.003204822540283203e+00 -inf 6.003204822540283203e+00 6.908496856689453125e+00 5.580384254455566406e+00 6.887599945068359375e+00
6.028935432434082031e+00 -inf 6.028935432434082031e+00 6.902097225189208984e+00 5.523075580596923828e+00 6.883562088012695312e+00
6.050776481628417969e+00 -inf 6.050776481628417969e+00 6.897039413452148438e+00 5.495687961578369141e+00 6.879452228546142578e+00
6.070647716522216797e+00 -inf 6.070647716522216797e+00 6.892576217651367188e+00 5.467066764831542969e+00 6.875959396362304688e+00
6.090829372406005859e+00 -inf 6.090829372406005859e+00 6.887498378753662109e+00 5.442384243011474609e+00 6.871628284454345703e+00
6.109096050262451172e+00 -inf 6.109096050262451172e+00 6.883571147918701172e+00 5.481253623962402344e+00 6.866023540496826172e+00
6.128478050231933594e+00 -inf 6.128478050231933594e+00 6.880096435546875000e+00 5.496265411376953125e+00 6.861769676208496094e+00
6.146409988403320312e+00 -inf 6.146409988403320312e+00 6.878140926361083984e+00 5.514664173126220703e+00 6.858914852142333984e+00
6.161389350891113281e+00 -inf 6.161389350891113281e+00 6.877624988555908203e+00 5.567344665527343750e+00 6.855829715728759766e+00
6.174070835113525391e+00 -inf 6.174070835113525391e+00 6.877500534057617188e+00 5.626298904418945312e+00 6.852436065673828125e+00
6.187115192413330078e+00 -inf 6.187115192413330078e+00 6.879658222198486328e+00 5.670826911926269531e+00 6.851942062377929688e+00
6.202641010284423828e+00 -inf 6.202641010284423828e+00 6.882611751556396484e+00 5.715103626251220703e+00 6.852028846740722656e+00
6.217096328735351562e+00 -inf 6.217096328735351562e+00 6.889837265014648438e+00 5.772937297821044922e+00 6.855320453643798828e+00
6.227798461914062500e+00 -inf 6.227798461914062500e+00 6.900101661682128906e+00 5.831419467926025391e+00 6.861345767974853516e+00
6.236614227294921875e+00 -inf 6.236614227294921875e+00 6.905910968780517578e+00 5.864690303802490234e+00 6.864500999450683594e+00
6.244313240051269531e+00 -inf 6.244313240051269531e+00 6.907074928283691406e+00 5.895370960235595703e+00 6.862598419189453125e+00
6.250159740447998047e+00 -inf 6.250159740447998047e+00 6.907848358154296875e+00 5.922700881958007812e+00 6.860408782958984375e+00
6.254173755645751953e+00 2.258005142211914062e+00 6.254129886627197266e+00 6.908913612365722656e+00 5.969548702239990234e+00 6.855865478515625000e+00
6.256482601165771484e+00 -inf 6.256482601165771484e+00 6.909150600433349609e+00 6.006967544555664062e+00 6.851028919219970703e+00
6.257838249206542969e+00 -inf 6.257838249206542969e+00 6.909520626068115234e+00 6.031920433044433594e+00 6.847761631011962891e+00
6.258330821990966797e+00 -inf 6.258330821990966797e+00 6.909747123718261719e+00 6.075909137725830078e+00 6.840894699096679688e+00
6.257107734680175781e+00 -inf 6.257107734680175781e+00 6.909326553344726562e+00 6.096934795379638672e+00 6.836681365966796875e+00
6.255757808685302734e+00 -inf 6.255757808685302734e+00 6.909541130065917969e+00 6.116208076477050781e+00 6.833333015441894531e+00
6.255157470703125000e+00 -inf 6.255157470703125000e+00 6.908758163452148438e+00 6.128134727478027344e+00 6.830070018768310547e+00
6.255168437957763672e+00 -inf 6.255168437957763672e+00 6.907212257385253906e+00 6.136456966400146484e+00 6.826536178588867188e+00
6.257546901702880859e+00 -inf 6.257546901702880859e+00 6.905987739562988281e+00 6.124755859375000000e+00 6.827420234680175781e+00
6.262063026428222656e+00 -inf 6.262063026428222656e+00 6.904980659484863281e+00 6.080909252166748047e+00 6.834428787231445312e+00
6.264098644256591797e+00 -inf 6.264098644256591797e+00 6.904708862304687500e+00 6.048190593719482422e+00 6.839636325836181641e+00
6.268664360046386719e+00 -inf 6.268664360046386719e+00 6.902775764465332031e+00 6.009976387023925781e+00 6.843293666839599609e+00
6.276073932647705078e+00 -inf 6.276073932647705078e+00 6.900263309478759766e+00 5.944722175598144531e+00 6.849272727966308594e+00
6.283486843109130859e+00 -inf 6.283486843109130859e+00 6.898641109466552734e+00 5.915778160095214844e+00 6.850936889648437500e+00
6.295348167419433594e+00 -inf 6.295348167419433594e+00 6.895820140838623047e+00 5.905157089233398438e+00 6.849012374877929688e+00
6.304127693176269531e+00 -inf 6.304127693176269531e+00 6.892870903015136719e+00 5.890185356140136719e+00 6.847410678863525391e+00
6.318467617034912109e+00 -inf 6.318467617034912109e+00 6.889197826385498047e+00 5.884187698364257812e+00 6.843994140625000000e+00
6.332432270050048828e+00 -inf 6.332432270050048828e+00 6.885432243347167969e+00 5.889703750610351562e+00 6.839197635650634766e+00
6.344326972961425781e+00 -inf 6.344326972961425781e+00 6.880328178405761719e+00 5.886131286621093750e+00 6.833920955657958984e+00
6.357538700103759766e+00 -inf 6.357538700103759766e+00 6.876495838165283203e+00 5.897218227386474609e+00 6.828373432159423828e+00
6.369654178619384766e+00 -inf 6.369654178619384766e+00 6.872866153717041016e+00 5.903744697570800781e+00 6.823538303375244141e+00
6.383118629455566406e+00 -inf 6.383118629455566406e+00 6.868646144866943359e+00 5.910943031311035156e+00 6.817923545837402344e+00
6.391807079315185547e+00 -inf 6.391807079315185547e+00 6.864197254180908203e+00 5.901259899139404297e+00 6.814119338989257812e+00
6.397806644439697266e+00 -inf 6.397806644439697266e+00 6.862222671508789062e+00 5.901112556457519531e+00 6.811920642852783203e+00
6.404811382293701172e+00 -inf 6.404811382293701172e+00 6.859275817871093750e+00 5.868943214416503906e+00 6.812430858612060547e+00
6.412618160247802734e+00 -inf 6.412618160247802734e+00 6.856590270996093750e+00 5.820470809936523438e+00 6.814666271209716797e+00
6.421272754669189453e+00 -inf 6.421272754669189453e+00 6.853508949279785156e+00 5.775114536285400391e+00 6.815649032592773438e+00
6.429471969604492188e+00 -inf 6.429471969604492188e+00 6.850514888763427734e+00 5.756424427032470703e+00 6.814056396484375000e+00
6.439608573913574219e+00 -inf 6.439608573913574219e+00 6.846645355224609375e+00 5.767103195190429688e+00 6.808889389038085938e+00
6.451952457427978516e+00 -inf 6.451952457427978516e+00 6.841733932495117188e+00 5.778929233551025391e+00 6.802425384521484375e+00
6.464519977569580078e+00 -inf 6.464519977569580078e+00 6.836514472961425781e+00 5.802229404449462891e+00 6.794404506683349609e+00
6.478144168853759766e+00 2.903504371643066406e+00 6.478028774261474609e+00 6.829976558685302734e+00 5.827586174011230469e+00 6.784483909606933594e+00
6.494429588317871094e+00 2.955975532531738281e+00 6.494304180145263672e+00 6.822374343872070312e+00 5.853468894958496094e+00 6.773020267486572266e+00
6.510813713073730469e+00 -inf 6.510813713073730469e+00 6.814494132995605469e+00 5.876938343048095703e+00 6.761209964752197266e+00
6.525679588317871094e+00 2.280971765518188477e+00 6.525654792785644531e+00 6.805881500244140625e+00 5.887827396392822266e+00 6.749985694885253906e+00
6.539238929748535156e+00 -inf 6.539238929748535156e+00 6.797792434692382812e+00 5.885691165924072266e+00 6.741072177886962891e+00
6.551134586334228516e+00 2.569180011749267578e+00 6.551088809967041016e+00 6.788939476013183594e+00 5.869802474975585938e+00 6.733191967010498047e+00
6.560783863067626953e+00 -inf 6.560783863067626953e+00 6.782950401306152344e+00 5.841527938842773438e+00 6.730168342590332031e+00
6.570410251617431641e+00 2.273962974548339844e+00 6.570388793945312500e+00 6.777134418487548828e+00 5.796424388885498047e+00 6.729179382324218750e+00
6.579366207122802734e+00 -inf 6.579366207122802734e+00 6.771538734436035156e+00 5.754026889801025391e+00 6.727684020996093750e+00
6.588300228118896484e+00 -inf 6.588300228118896484e+00 6.765793323516845703e+00 5.750526428222656250e+00 6.721699714660644531e+00
6.596960544586181641e+00 -inf 6.596960544586181641e+00 6.759985923767089844e+00 5.743722915649414062e+00 6.715998172760009766e+00
6.605258941650390625e+00 -inf 6.605258941650390625e+00 6.752334117889404297e+00 5.738906860351562500e+00 6.708043098449707031e+00
6.613683700561523438e+00 -inf 6.613683700561523438e+00 6.746244907379150391e+00 5.741661548614501953e+00 6.700993537902832031e+00
6.621519565582275391e+00 -inf 6.621519565582275391e+00 6.740451812744140625e+00 5.734308242797851562e+00 6.695371627807617188e+00
6.629714488983154297e+00 -inf 6.629714488983154297e+00 6.734150409698486328e+00 5.712168216705322266e+00 6.690768241882324219e+00
6.637042999267578125e+00 -inf 6.637042999267578125e+00 6.728339195251464844e+00 5.688889980316162109e+00 6.686751842498779297e+00
6.644105434417724609e+00 -inf 6.644105434417724609e+00 6.721559524536132812e+00 5.677640914916992188e+00 6.680418491363525391e+00
6.651722431182861328e+00 2.357338190078735352e+00 6.651700496673583984e+00 6.715207099914550781e+00 5.680657386779785156e+00 6.673124313354492188e+00
6.659438133239746094e+00 2.920929431915283203e+00 6.659358978271484375e+00 6.707655429840087891e+00 5.662652015686035156e+00 6.666622161865234375e+00
6.666368961334228516e+00 3.350356578826904297e+00 6.666158676147460938e+00 6.701357364654541016e+00 5.659777641296386719e+00 6.659983634948730469e+00
6.670937061309814453e+00 3.608200788497924805e+00 6.670560836791992188e+00 6.695951461791992188e+00 5.643912315368652344e+00 6.655609607696533203e+00
6.674611568450927734e+00 3.515707969665527344e+00 6.674310207366943359e+00 6.692300796508789062e+00 5.633330345153808594e+00 6.652627468109130859e+00
6.677932739257812500e+00 3.565434694290161133e+00 6.677597522735595703e+00 6.689153671264648438e+00 5.607642173767089844e+00 6.651576042175292969e+00
6.680992603302001953e+00 3.448883771896362305e+00 6.680737972259521484e+00 6.686413764953613281e+00 5.588283061981201172e+00 6.650307655334472656e+00
6.684088230133056641e+00 3.039518356323242188e+00 6.683990478515625000e+00 6.683599948883056641e+00 5.547661304473876953e+00 6.650621414184570312e+00
6.687119007110595703e+00 2.270554542541503906e+00 6.687102317810058594e+00 6.680819034576416016e+00 5.517143249511718750e+00 6.649954795837402344e+00
6.690476894378662109e+00 -inf 6.690476894378662109e+00 6.677673816680908203e+00 5.493008136749267578e+00 6.648316860198974609e+00
6.694031238555908203e+00 -inf 6.694031238555908203e+00 6.673039913177490234e+00 5.474957942962646484e+00 6.644605636596679688e+00
6.697188854217529297e+00 -inf 6.697188854217529297e+00 6.670007228851318359e+00 5.474767684936523438e+00 6.641379833221435547e+00
6.699579238891601562e+00 -inf 6.699579238891601562e+00 6.667758464813232422e+00 5.479011058807373047e+00 6.638685226440429688e+00
6.700918197631835938e+00 -inf 6.700918197631835938e+00 6.666635990142822266e+00 5.483459949493408203e+00 6.637174606323242188e+00
6.701147079467773438e+00 2.899319171905517578e+00 6.701077938079833984e+00 6.666759490966796875e+00 5.493206501007080078e+00 6.636614322662353516e+00
6.700526714324951172e+00 3.232503175735473633e+00 6.700378894805908203e+00 6.667808055877685547e+00 5.492916107177734375e+00 6.637759208679199219e+00
6.699666500091552734e+00 3.336489200592041016e+00 6.699478626251220703e+00 6.669087409973144531e+00 5.500894546508789062e+00 6.638554573059082031e+00
6.698783397674560547e+00 3.726052522659301758e+00 6.698320388793945312e+00 6.670418739318847656e+00 5.528854846954345703e+00 6.637881278991699219e+00
6.697309970855712891e+00 3.816563606262207031e+00 6.696737766265869141e+00 6.672356605529785156e+00 5.563602924346923828e+00 6.637159347534179688e+00
6.694934844970703125e+00 4.017432212829589844e+00 6.694021224975585938e+00 6.675256252288818359e+00 5.588546752929687500e+00 6.638145446777343750e+00
6.691952705383300781e+00 4.135678768157958984e+00 6.690744876861572266e+00 6.678742885589599609e+00 5.621775150299072266e+00 6.638877391815185547e+00
6.688956260681152344e+00 4.198816299438476562e+00 6.687549114227294922e+00 6.682148933410644531e+00 5.660077095031738281e+00 6.638775825500488281e+00
6.686561107635498047e+00 4.253316402435302734e+00 6.684957027435302734e+00 6.684893608093261719e+00 5.718373298645019531e+00 6.635251522064208984e+00
6.683986663818359375e+00 4.279538154602050781e+00 6.682271003723144531e+00 6.687800884246826172e+00 5.770731925964355469e+00 6.631770133972167969e+00
6.681074619293212891e+00 4.316680431365966797e+00 6.679193019866943359e+00 6.689995288848876953e+00 5.812255382537841797e+00 6.628258228302001953e+00
6.678009986877441406e+00 4.368535041809082031e+00 6.675874710083007812e+00 6.693302154541015625e+00 5.850592613220214844e+00 6.625956058502197266e+00
6.674304008483886719e+00 4.413888931274414062e+00 6.671913623809814453e+00 6.697186946868896484e+00 5.881656169891357422e+00 6.625110149383544922e+00
6.670735836029052734e+00 4.432330131530761719e+00 6.668220520019531250e+00 6.699865818023681641e+00 5.904245376586914062e+00 6.624095916748046875e+00
6.666334152221679688e+00 4.330174446105957031e+00 6.664326667785644531e+00 6.704230308532714844e+00 5.926815032958984375e+00 6.624901294708251953e+00
6.660786151885986328e+00 4.082370758056640625e+00 6.659638404846191406e+00 6.707069396972656250e+00 5.933240890502929688e+00 6.627018451690673828e+00
6.655017375946044922e+00 3.770585775375366211e+00 6.654449939727783203e+00 6.712482929229736328e+00 5.922609806060791016e+00 6.635608196258544922e+00
6.648738861083984375e+00 2.993061065673828125e+00 6.648643493652343750e+00 6.718186378479003906e+00 5.906847476959228516e+00 6.645348548889160156e+00
6.642231941223144531e+00 -inf 6.642231941223144531e+00 6.723051548004150391e+00 5.867736339569091797e+00 6.657784938812255859e+00
6.636478900909423828e+00 -inf 6.636478900909423828e+00 6.728050231933593750e+00 5.830096244812011719e+00 6.669319629669189453e+00
6.631971359252929688e+00 -inf 6.631971359252929688e+00 6.731962203979492188e+00 5.806033611297607422e+00 6.677136898040771484e+00
6.627184867858886719e+00 -inf 6.627184867858886719e+00 6.735498428344726562e+00 5.785263538360595703e+00 6.683842658996582031e+00
6.622591018676757812e+00 -inf 6.622591018676757812e+00 6.739280223846435547e+00 5.784197330474853516e+00 6.688232421875000000e+00
6.618206977844238281e+00 2.765761852264404297e+00 6.618145942687988281e+00 6.742837905883789062e+00 5.790223598480224609e+00 6.691481590270996094e+00
6.613997459411621094e+00 -inf 6.613997459411621094e+00 6.746202945709228516e+00 5.806831359863281250e+00 6.693155765533447266e+00
6.609994888305664062e+00 -inf 6.609994888305664062e+00 6.749367237091064453e+00 5.819963932037353516e+00 6.695006847381591797e+00
6.605848789215087891e+00 -inf 6.605848789215087891e+00 6.752528190612792969e+00 5.835962772369384766e+00 6.696427345275878906e+00
6.601430892944335938e+00 -inf 6.601430892944335938e+00 6.755853652954101562e+00 5.854093551635742188e+00 6.697670936584472656e+00
6.597923278808593750e+00 -inf 6.597923278808593750e+00 6.758488178253173828e+00 5.871491432189941406e+00 6.698147773742675781e+00
6.595711708068847656e+00 -inf 6.595711708068847656e+00 6.759312152862548828e+00 5.876611232757568359e+00 6.698328018188476562e+00
6.595052242279052734e+00 -inf 6.595052242279052734e+00 6.759959697723388672e+00 5.899735450744628906e+00 6.695484161376953125e+00
6.593389034271240234e+00 2.307166099548339844e+00 6.593367099761962891e+00 6.761320114135742188e+00 5.914937019348144531e+00 6.694587230682373047e+00
6.590679645538330078e+00 -inf 6.590679645538330078e+00 6.762341022491455078e+00 5.925212860107421875e+00 6.694051742553710938e+00
6.586968898773193359e+00 -inf 6.586968898773193359e+00 6.765069961547851562e+00 5.938746452331542969e+00 6.694913864135742188e+00
6.582534790039062500e+00 -inf 6.582534790039062500e+00 6.766462326049804688e+00 5.924264430999755859e+00 6.699029922485351562e+00
6.577935695648193359e+00 -inf 6.577935695648193359e+00 6.769677639007568359e+00 5.905882835388183594e+00 6.705770015716552734e+00
6.573721885681152344e+00 -inf 6.573721885681152344e+00 6.772609233856201172e+00 5.884922504425048828e+00 6.712371826171875000e+00
6.569440841674804688e+00 2.402284383773803711e+00 6.569411754608154297e+00 6.775521755218505859e+00 5.853372573852539062e+00 6.720185279846191406e+00
6.565943717956542969e+00 -inf 6.565943717956542969e+00 6.777915477752685547e+00 5.864870548248291016e+00 6.721326828002929688e+00
6.562658309936523438e+00 -inf 6.562658309936523438e+00 6.779198169708251953e+00 5.858481407165527344e+00 6.723667144775390625e+00
6.559061527252197266e+00 2.267766714096069336e+00 6.559039115905761719e+00 6.781591892242431641e+00 5.882123947143554688e+00 6.723079681396484375e+00
6.555236339569091797e+00 2.336543798446655273e+00 6.555210113525390625e+00 6.784049510955810547e+00 5.914813041687011719e+00 6.720998764038085938e+00
6.551345825195312500e+00 -inf 6.551345825195312500e+00 6.786514759063720703e+00 5.928891181945800781e+00 6.721621036529541016e+00
6.544466018676757812e+00 -inf 6.544466018676757812e+00 6.789914608001708984e+00 5.924280643463134766e+00 6.726297855377197266e+00
6.534044742584228516e+00 -inf 6.534044742584228516e+00 6.794615745544433594e+00 5.897748947143554688e+00 6.735727310180664062e+00
6.521852493286132812e+00 -inf 6.521852493286132812e+00 6.801300525665283203e+00 5.886754512786865234e+00 6.744920730590820312e+00
6.509209156036376953e+00 -inf 6.509209156036376953e+00 6.807946681976318359e+00 5.876139163970947266e+00 6.753906250000000000e+00
6.496842384338378906e+00 -inf 6.496842384338378906e+00 6.814166069030761719e+00 5.870073795318603516e+00 6.761727809906005859e+00
6.483357429504394531e+00 -inf 6.483357429504394531e+00 6.820106029510498047e+00 5.862077236175537109e+00 6.769423961639404297e+00
6.469210147857666016e+00 -inf 6.469210147857666016e+00 6.826539516448974609e+00 5.861251354217529297e+00 6.776748180389404297e+00
6.455233573913574219e+00 -inf 6.455233573913574219e+00 6.832631111145019531e+00 5.863591194152832031e+00 6.783293247222900391e+00
6.439398765563964844e+00 -inf 6.439398765563964844e+00 6.839198589324951172e+00 5.864965438842773438e+00 6.790481090545654297e+00
6.422576904296875000e+00 -inf 6.422576904296875000e+00 6.845812797546386719e+00 5.861012935638427734e+00 6.798333168029785156e+00
6.404789924621582031e+00 -inf 6.404789924621582031e+00 6.852469921112060547e+00 5.855667591094970703e+00 6.806355953216552734e+00
6.388679027557373047e+00 -inf 6.388679027557373047e+00 6.858205318450927734e+00 5.859691619873046875e+00 6.812282085418701172e+00
6.374089717864990234e+00 -inf 6.374089717864990234e+00 6.863144874572753906e+00 5.877033233642578125e+00 6.815816402435302734e+00
6.360793113708496094e+00 -inf 6.360793113708496094e+00 6.867470264434814453e+00 5.884899616241455078e+00 6.819732189178466797e+00
6.346827507019042969e+00 -inf 6.346827507019042969e+00 6.871842861175537109e+00 5.902114868164062500e+00 6.822587490081787109e+00
6.329830169677734375e+00 -inf 6.329830169677734375e+00 6.875808238983154297e+00 5.912393093109130859e+00 6.825788497924804688e+00
6.313576698303222656e+00 -inf 6.313576698303222656e+00 6.880462646484375000e+00 5.925293445587158203e+00 6.829425334930419922e+00
6.299527645111083984e+00 -inf 6.299527645111083984e+00 6.884318351745605469e+00 5.927689552307128906e+00 6.833463191986083984e+00
6.285825252532958984e+00 -inf 6.285825252532958984e+00 6.887952804565429688e+00 5.930793762207031250e+00 6.837163448333740234e+00
6.273456573486328125e+00 -inf 6.273456573486328125e+00 6.891129970550537109e+00 5.942523956298828125e+00 6.839267253875732422e+00
6.261889934539794922e+00 -inf 6.261889934539794922e+00 6.894011020660400391e+00 5.961749553680419922e+00 6.840031147003173828e+00
6.250996589660644531e+00 -inf 6.250996589660644531e+00 6.896654605865478516e+00 5.984638214111328125e+00 6.839922904968261719e+00
6.239362716674804688e+00 -inf 6.239362716674804688e+00 6.899060726165771484e+00 6.013929367065429688e+00 6.838441371917724609e+00
6.229191303253173828e+00 -inf 6.229191303253173828e+00 6.901398181915283203e+00 6.049033641815185547e+00 6.835650920867919922e+00
6.219897747039794922e+00 -inf 6.219897747039794922e+00 6.903492927551269531e+00 6.074501991271972656e+00 6.833803176879882812e+00
6.212228775024414062e+00 -inf 6.212228775024414062e+00 6.905202388763427734e+00 6.100048542022705078e+00 6.831225872039794922e+00
6.203413009643554688e+00 -inf 6.203413009643554688e+00 6.906429767608642578e+00 6.109253883361816406e+00 6.830955505371093750e+00
6.192741394042968750e+00 -inf 6.192741394042968750e+00 6.908285617828369141e+00 6.120222091674804688e+00 6.831059932708740234e+00
6.181900501251220703e+00 -inf 6.181900501251220703e+00 6.909819126129150391e+00 6.112583160400390625e+00 6.834356307983398438e+00
6.172220230102539062e+00 -inf 6.172220230102539062e+00 6.911625862121582031e+00 6.099855422973632812e+00 6.838867187500000000e+00
6.162588119506835938e+00 -inf 6.162588119506835938e+00 6.913507938385009766e+00 6.088425159454345703e+00 6.843133926391601562e+00
6.151152133941650391e+00 -inf 6.151152133941650391e+00 6.915650367736816406e+00 6.075916290283203125e+00 6.847803115844726562e+00
6.140107154846191406e+00 -inf 6.140107154846191406e+00 6.917676925659179688e+00 6.078649997711181641e+00 6.849709987640380859e+00
6.129857540130615234e+00 -inf 6.129857540130615234e+00 6.919000625610351562e+00 6.088299751281738281e+00 6.849606990814208984e+00
6.121518135070800781e+00 -inf 6.121518135070800781e+00 6.920488357543945312e+00 6.098111152648925781e+00 6.849636554718017578e+00
6.115221500396728516e+00 -inf 6.115221500396728516e+00 6.921303749084472656e+00 6.111322879791259766e+00 6.848217964172363281e+00
6.111592769622802734e+00 -inf 6.111592769622802734e+00 6.922021865844726562e+00 6.121920108795166016e+00 6.847100257873535156e+00
6.108997821807861328e+00 -inf 6.108997821807861328e+00 6.922576904296875000e+00 6.118980407714843750e+00 6.848310470581054688e+00
6.105037212371826172e+00 -inf 6.105037212371826172e+00 6.923351287841796875e+00 6.108652591705322266e+00 6.851124763488769531e+00
6.100166320800781250e+00 -inf 6.100166320800781250e+00 6.924239635467529297e+00 6.115103244781494141e+00 6.850998878479003906e+00
6.095723152160644531e+00 -inf 6.095723152160644531e+00 6.925037384033203125e+00 6.118705749511718750e+00 6.851279735565185547e+00
6.092602252960205078e+00 -inf 6.092602252960205078e+00 6.925319194793701172e+00 6.125630378723144531e+00 6.850319862365722656e+00
6.090093135833740234e+00 -inf 6.090093135833740234e+00 6.925816535949707031e+00 6.132825851440429688e+00 6.849543094635009766e+00
6.089694976806640625e+00 -inf 6.089694976806640625e+00 6.925796985626220703e+00 6.142847537994384766e+00 6.847568511962890625e+00
6.091828346252441406e+00 -inf 6.091828346252441406e+00 6.925170421600341797e+00 6.162580490112304688e+00 6.842808723449707031e+00
6.093021869659423828e+00 -inf 6.093021869659423828e+00 6.924877166748046875e+00 6.177684783935546875e+00 6.839230537414550781e+00
6.093017101287841797e+00 -inf 6.093017101287841797e+00 6.924214839935302734e+00 6.186282634735107422e+00 6.836522579193115234e+00
6.093586444854736328e+00 -inf 6.093586444854736328e+00 6.924182415008544922e+00 6.194861888885498047e+00 6.834539890289306641e+00
6.095246791839599609e+00 -inf 6.095246791839599609e+00 6.924035549163818359e+00 6.193830490112304688e+00 6.834595680236816406e+00
6.096008777618408203e+00 -inf 6.096008777618408203e+00 6.924054145812988281e+00 6.198582172393798828e+00 6.833524703979492188e+00
6.095376968383789062e+00 -inf 6.095376968383789062e+00 6.924306392669677734e+00 6.204658508300781250e+00 6.832415580749511719e+00
6.094631671905517578e+00 -inf 6.094631671905517578e+00 6.924029827117919922e+00 6.204445362091064453e+00 6.832123756408691406e+00
6.095782756805419922e+00 -inf 6.095782756805419922e+00 6.922981262207031250e+00 6.201936244964599609e+00 6.831418991088867188e+00
6.101060867309570312e+00 -inf 6.101060867309570312e+00 6.921701908111572266e+00 6.188161849975585938e+00 6.833021163940429688e+00
6.107250213623046875e+00 -inf 6.107250213623046875e+00 6.920115947723388672e+00 6.152050971984863281e+00 6.838889122009277344e+00
6.112195968627929688e+00 -inf 6.112195968627929688e+00 6.918992042541503906e+00 6.101353168487548828e+00 6.847294807434082031e+00
6.115736961364746094e+00 -inf 6.115736961364746094e+00 6.918635368347167969e+00 6.055126190185546875e+00 6.854681968688964844e+00
6.117426395416259766e+00 -inf 6.117426395416259766e+00 6.918529510498046875e+00 6.023635864257812500e+00 6.859353542327880859e+00
6.119312286376953125e+00 -inf 6.119312286376953125e+00 6.917279720306396484e+00 6.010414600372314453e+00 6.859824657440185547e+00
6.121034145355224609e+00 -inf 6.121034145355224609e+00 6.915321350097656250e+00 5.986952781677246094e+00 6.860823154449462891e+00
6.121095657348632812e+00 -inf 6.121095657348632812e+00 6.915329933166503906e+00 5.948700428009033203e+00 6.865701675415039062e+00
6.120186805725097656e+00 -inf 6.120186805725097656e+00 6.914046287536621094e+00 5.869761466979980469e+00 6.872941970825195312e+00
6.119264602661132812e+00 -inf 6.119264602661132812e+00 6.914255619049072266e+00 5.768116950988769531e+00 6.882071495056152344e+00
6.120048999786376953e+00 -inf 6.120048999786376953e+00 6.914260864257812500e+00 5.683520317077636719e+00 6.887950420379638672e+00
6.120408058166503906e+00 -inf 6.120408058166503906e+00 6.914152622222900391e+00 5.596409797668457031e+00 6.892737865447998047e+00
6.119683265686035156e+00 -inf 6.119683265686035156e+00 6.914173126220703125e+00 5.507827281951904297e+00 6.896790981292724609e+00
6.121900558471679688e+00 -inf 6.121900558471679688e+00 6.913938999176025391e+00 5.472351551055908203e+00 6.897936820983886719e+00
6.125346183776855469e+00 -inf 6.125346183776855469e+00 6.912370204925537109e+00 5.457515239715576172e+00 6.896858692169189453e+00
6.128975391387939453e+00 -inf 6.128975391387939453e+00 6.911916255950927734e+00 5.457493782043457031e+00 6.896389007568359375e+00
6.133865833282470703e+00 -inf 6.133865833282470703e+00 6.911213397979736328e+00 5.495248317718505859e+00 6.894219875335693359e+00
6.143709182739257812e+00 2.262371301651000977e+00 6.143651962280273438e+00 6.909681320190429688e+00 5.527647018432617188e+00 6.891277313232421875e+00
6.158140182495117188e+00 -inf 6.158140182495117188e+00 6.907279014587402344e+00 5.591633796691894531e+00 6.885758399963378906e+00
6.174955368041992188e+00 -inf 6.174955368041992188e+00 6.903607368469238281e+00 5.662989616394042969e+00 6.877906322479248047e+00
6.189519882202148438e+00 -inf 6.189519882202148438e+00 6.900901317596435547e+00 5.721821308135986328e+00 6.871150970458984375e+00
6.202741622924804688e+00 -inf 6.202741622924804688e+00 6.898000240325927734e+00 5.750335693359375000e+00 6.865933895111083984e+00
6.217683792114257812e+00 -inf 6.217683792114257812e+00 6.895038127899169922e+00 5.779192447662353516e+00 6.860434055328369141e+00
6.231963157653808594e+00 -inf 6.231963157653808594e+00 6.892071723937988281e+00 5.807534694671630859e+00 6.854766845703125000e+00
6.243740558624267578e+00 -inf 6.243740558624267578e+00 6.888681888580322266e+00 5.823918342590332031e+00 6.849558830261230469e+00
6.254651069641113281e+00 -inf 6.254651069641113281e+00 6.886299610137939453e+00 5.832396030426025391e+00 6.846138000488281250e+00
6.264856815338134766e+00 -inf 6.264856815338134766e+00 6.884006977081298828e+00 5.832931995391845703e+00 6.843570709228515625e+00
6.273707389831542969e+00 -inf 6.273707389831542969e+00 6.881944179534912109e+00 5.840102195739746094e+00 6.840596675872802734e+00
6.281612396240234375e+00 -inf 6.281612396240234375e+00 6.880068778991699219e+00 5.863952636718750000e+00 6.836065769195556641e+00
6.291325569152832031e+00 -inf 6.291325569152832031e+00 6.877691745758056641e+00 5.882554054260253906e+00 6.831390857696533203e+00
6.302510261535644531e+00 -inf 6.302510261535644531e+00 6.874841690063476562e+00 5.913116931915283203e+00 6.824615478515625000e+00
6.316139698028564453e+00 -inf 6.316139698028564453e+00 6.871186256408691406e+00 5.943424701690673828e+00 6.816606998443603516e+00
6.332423686981201172e+00 -inf 6.332423686981201172e+00 6.866597652435302734e+00 6.003260612487792969e+00 6.802617549896240234e+00
6.348708629608154297e+00 -inf 6.348708629608154297e+00 6.861802101135253906e+00 6.056404590606689453e+00 6.787870883941650391e+00
6.361840724945068359e+00 2.608369827270507812e+00 6.361763954162597656e+00 6.857764244079589844e+00 6.087984085083007812e+00 6.776889324188232422e+00
6.369973659515380859e+00 2.814510345458984375e+00 6.369852542877197266e+00 6.854395389556884766e+00 6.100798606872558594e+00 6.770132064819335938e+00
6.376151561737060547e+00 3.311610221862792969e+00 6.375776767730712891e+00 6.852436065673828125e+00 6.119036674499511719e+00 6.763723373413085938e+00
6.384236812591552734e+00 3.643280744552612305e+00 6.383447647094726562e+00 6.849792003631591797e+00 6.138247013092041016e+00 6.755970001220703125e+00
6.392102241516113281e+00 3.706911563873291016e+00 6.391204357147216797e+00 6.847168922424316406e+00 6.148107528686523438e+00 6.750281810760498047e+00
6.398576736450195312e+00 3.678574085235595703e+00 6.397748947143554688e+00 6.843853473663330078e+00 6.162468910217285156e+00 6.742433547973632812e+00
6.405461788177490234e+00 3.633089542388916016e+00 6.404727458953857422e+00 6.841367721557617188e+00 6.172604084014892578e+00 6.736566066741943359e+00
6.413069248199462891e+00 3.597654581069946289e+00 6.412404537200927734e+00 6.838700771331787109e+00 6.182243824005126953e+00 6.730478763580322266e+00
6.420487880706787109e+00 3.374013900756835938e+00 6.420097351074218750e+00 6.835899353027343750e+00 6.198887348175048828e+00 6.722012996673583984e+00
6.427373886108398438e+00 3.139947414398193359e+00 6.427149772644042969e+00 6.832439422607421875e+00 6.209401607513427734e+00 6.714274406433105469e+00
6.433001041412353516e+00 2.995417356491088867e+00 6.432842254638671875e+00 6.830352306365966797e+00 6.223279953002929688e+00 6.707071304321289062e+00
6.437240123748779297e+00 3.138417482376098633e+00 6.437022209167480469e+00 6.828377246856689453e+00 6.237389564514160156e+00 6.699684143066406250e+00
6.441033840179443359e+00 2.584995985031127930e+00 6.440974235534667969e+00 6.826193332672119141e+00 6.242445468902587891e+00 6.694975376129150391e+00
6.443743228912353516e+00 2.278437137603759766e+00 6.443713188171386719e+00 6.822549343109130859e+00 6.222456932067871094e+00 6.696952819824218750e+00
6.445166110992431641e+00 2.303727149963378906e+00 6.445134639739990234e+00 6.821218967437744141e+00 6.184783458709716797e+00 6.707159519195556641e+00
6.445648670196533203e+00 -inf 6.445648670196533203e+00 6.817971229553222656e+00 6.123035907745361328e+00 6.720046997070312500e+00
6.445367813110351562e+00 -inf 6.445367813110351562e+00 6.818230628967285156e+00 6.058337688446044922e+00 6.735303401947021484e+00
6.444438457489013672e+00 -inf 6.444438457489013672e+00 6.817583560943603516e+00 6.008497238159179688e+00 6.744333267211914062e+00
6.443192481994628906e+00 -inf 6.443192481994628906e+00 6.816057682037353516e+00 5.960249900817871094e+00 6.750870704650878906e+00
6.441797256469726562e+00 -inf 6.441797256469726562e+00 6.816821098327636719e+00 5.902793407440185547e+00 6.760369777679443359e+00
6.441089153289794922e+00 -inf 6.441089153289794922e+00 6.817273139953613281e+00 5.822786331176757812e+00 6.770898818969726562e+00
6.440619945526123047e+00 -inf 6.440619945526123047e+00 6.817625999450683594e+00 5.739432334899902344e+00 6.779747486114501953e+00
6.439596652984619141e+00 -inf 6.439596652984619141e+00 6.818139553070068359e+00 5.664088249206542969e+00 6.786558151245117188e+00
6.437608242034912109e+00 -inf 6.437608242034912109e+00 6.819023132324218750e+00 5.615454196929931641e+00 6.790957927703857422e+00
6.434569835662841797e+00 -inf 6.434569835662841797e+00 6.819008827209472656e+00 5.557467937469482422e+00 6.794551372528076172e+00
6.431537151336669922e+00 -inf 6.431537151336669922e+00 6.820247173309326172e+00 5.512412071228027344e+00 6.798326015472412109e+00
6.428528308868408203e+00 -inf 6.428528308868408203e+00 6.821400642395019531e+00 5.472071170806884766e+00 6.801523685455322266e+00
6.425602912902832031e+00 -inf 6.425602912902832031e+00 6.821761608123779297e+00 5.431446075439453125e+00 6.803712368011474609e+00
6.423274040222167969e+00 -inf 6.423274040222167969e+00 6.821904182434082031e+00 5.374454498291015625e+00 6.806120872497558594e+00
6.421049118041992188e+00 -inf 6.421049118041992188e+00 6.821030616760253906e+00 5.278421878814697266e+00 6.808398723602294922e+00
6.418560504913330078e+00 -inf 6.418560504913330078e+00 6.821893215179443359e+00 5.200326919555664062e+00 6.811387062072753906e+00
6.415100574493408203e+00 -inf 6.415100574493408203e+00 6.823044776916503906e+00 5.161170482635498047e+00 6.813479900360107422e+00
6.410851001739501953e+00 -inf 6.410851001739501953e+00 6.824621677398681641e+00 5.148386001586914062e+00 6.815371036529541016e+00
6.405995845794677734e+00 -inf 6.405995845794677734e+00 6.826501369476318359e+00 5.150638580322265625e+00 6.817242622375488281e+00
6.401649475097656250e+00 -inf 6.401649475097656250e+00 6.828188896179199219e+00 5.176163673400878906e+00 6.818401813507080078e+00
6.401453018188476562e+00 -inf 6.401453018188476562e+00 6.828263759613037109e+00 5.173033714294433594e+00 6.818550109863281250e+00
