5.585157871246337891e+00 -inf 5.585157871246337891e+00 6.974642276763916016e+00 5.240874767303466797e+00 6.966551303863525391e+00
5.579483509063720703e+00 -inf 5.579483509063720703e+00 6.974586963653564453e+00 5.267263889312744141e+00 6.965981960296630859e+00
5.574052810668945312e+00 -inf 5.574052810668945312e+00 6.974561214447021484e+00 5.290757179260253906e+00 6.965472221374511719e+00
5.567421913146972656e+00 -inf 5.567421913146972656e+00 6.973765373229980469e+00 5.242205142974853516e+00 6.965631484985351562e+00
5.559915542602539062e+00 -inf 5.559915542602539062e+00 6.974721431732177734e+00 5.268553256988525391e+00 6.966093063354492188e+00
5.550915718078613281e+00 -inf 5.550915718078613281e+00 6.975219726562500000e+00 5.208679199218750000e+00 6.967720985412597656e+00
5.542388916015625000e+00 -inf 5.542388916015625000e+00 6.976621627807617188e+00 5.194804668426513672e+00 6.969384193420410156e+00
5.536477088928222656e+00 -inf 5.536477088928222656e+00 6.977836132049560547e+00 5.196843147277832031e+00 6.970584869384765625e+00
5.533657550811767578e+00 -inf 5.533657550811767578e+00 6.978215694427490234e+00 5.167408466339111328e+00 6.971449375152587891e+00
5.531942844390869141e+00 -inf 5.531942844390869141e+00 6.978930473327636719e+00 5.188805580139160156e+00 6.971830844879150391e+00
5.528363227844238281e+00 -inf 5.528363227844238281e+00 6.979662895202636719e+00 5.129423141479492188e+00 6.973487854003906250e+00
5.527384757995605469e+00 -inf 5.527384757995605469e+00 6.980293750762939453e+00 5.084222316741943359e+00 6.974740982055664062e+00
5.531529426574707031e+00 -inf 5.531529426574707031e+00 6.980729103088378906e+00 5.042912960052490234e+00 6.975688934326171875e+00
5.536455631256103516e+00 -inf 5.536455631256103516e+00 6.980887413024902344e+00 5.082756996154785156e+00 6.975361347198486328e+00
5.545001029968261719e+00 -inf 5.545001029968261719e+00 6.981017589569091797e+00 5.173251152038574219e+00 6.974202632904052734e+00
5.556410312652587891e+00 -inf 5.556410312652587891e+00 6.980845928192138672e+00 5.238420486450195312e+00 6.972915172576904297e+00
5.569640636444091797e+00 -inf 5.569640636444091797e+00 6.980565071105957031e+00 5.318392753601074219e+00 6.971006393432617188e+00
5.579423904418945312e+00 -inf 5.579423904418945312e+00 6.980397701263427734e+00 5.423212051391601562e+00 6.968188762664794922e+00
5.584034919738769531e+00 -inf 5.584034919738769531e+00 6.980447292327880859e+00 5.487199783325195312e+00 6.966269493103027344e+00
5.589825630187988281e+00 -inf 5.589825630187988281e+00 6.980423927307128906e+00 5.525491237640380859e+00 6.964914798736572266e+00
5.597627162933349609e+00 -inf 5.597627162933349609e+00 6.980313301086425781e+00 5.556242465972900391e+00 6.963639736175537109e+00
5.606482982635498047e+00 -inf 5.606482982635498047e+00 6.980147361755371094e+00 5.603664875030517578e+00 6.961500644683837891e+00
5.616964817047119141e+00 -inf 5.616964817047119141e+00 6.979290962219238281e+00 5.644939422607421875e+00 6.958699703216552734e+00
5.629361152648925781e+00 -inf 5.629361152648925781e+00 6.978515148162841797e+00 5.682675838470458984e+00 6.955964088439941406e+00
5.642484664916992188e+00 -inf 5.642484664916992188e+00 6.978128910064697266e+00 5.759737014770507812e+00 6.951035499572753906e+00
5.656553268432617188e+00 -inf 5.656553268432617188e+00 6.976878643035888672e+00 5.798957824707031250e+00 6.947045326232910156e+00
5.670008659362792969e+00 -inf 5.670008659362792969e+00 6.976150989532470703e+00 5.833720684051513672e+00 6.943680763244628906e+00
5.686695098876953125e+00 -inf 5.686695098876953125e+00 6.974515914916992188e+00 5.855577945709228516e+00 6.940167427062988281e+00
5.702397823333740234e+00 -inf 5.702397823333740234e+00 6.972359657287597656e+00 5.866210460662841797e+00 6.936941623687744141e+00
5.715358257293701172e+00 -inf 5.715358257293701172e+00 6.971077442169189453e+00 5.867544174194335938e+00 6.935436248779296875e+00
5.726473808288574219e+00 -inf 5.726473808288574219e+00 6.970458984375000000e+00 5.840057849884033203e+00 6.937041282653808594e+00
5.740447521209716797e+00 -inf 5.740447521209716797e+00 6.969796180725097656e+00 5.809058189392089844e+00 6.938714981079101562e+00
5.754602432250976562e+00 -inf 5.754602432250976562e+00 6.968182086944580078e+00 5.739675998687744141e+00 6.941731452941894531e+00
5.771051883697509766e+00 -inf 5.771051883697509766e+00 6.966495037078857422e+00 5.670595645904541016e+00 6.943947315216064453e+00
5.791610240936279297e+00 -inf 5.791610240936279297e+00 6.965312004089355469e+00 5.637274742126464844e+00 6.944411277770996094e+00
5.812393188476562500e+00 -inf 5.812393188476562500e+00 6.964032649993896484e+00 5.621271133422851562e+00 6.943845272064208984e+00
5.833484172821044922e+00 -inf 5.833484172821044922e+00 6.961933612823486328e+00 5.593920707702636719e+00 6.942912101745605469e+00
5.848513126373291016e+00 -inf 5.848513126373291016e+00 6.960919857025146484e+00 5.591160774230957031e+00 6.941976070404052734e+00
5.863811016082763672e+00 -inf 5.863811016082763672e+00 6.959835529327392578e+00 5.601076602935791016e+00 6.940395355224609375e+00
5.882516860961914062e+00 -inf 5.882516860961914062e+00 6.956909656524658203e+00 5.569932460784912109e+00 6.938717842102050781e+00
5.900414943695068359e+00 -inf 5.900414943695068359e+00 6.955430030822753906e+00 5.568314075469970703e+00 6.937244415283203125e+00
5.926558017730712891e+00 -inf 5.926558017730712891e+00 6.953111171722412109e+00 5.584072113037109375e+00 6.934135437011718750e+00
5.949309825897216797e+00 -inf 5.949309825897216797e+00 6.950981616973876953e+00 5.617125988006591797e+00 6.930365562438964844e+00
5.967404365539550781e+00 -inf 5.967404365539550781e+00 6.947872638702392578e+00 5.613836288452148438e+00 6.927265644073486328e+00
5.985667705535888672e+00 -inf 5.985667705535888672e+00 6.945993900299072266e+00 5.615117549896240234e+00 6.925232887268066406e+00
6.005837440490722656e+00 -inf 6.005837440490722656e+00 6.943331241607666016e+00 5.563961505889892578e+00 6.924810886383056641e+00
6.025597572326660156e+00 -inf 6.025597572326660156e+00 6.941082954406738281e+00 5.524185180664062500e+00 6.924126148223876953e+00
6.047091960906982422e+00 -inf 6.047091960906982422e+00 6.938515186309814453e+00 5.478745460510253906e+00 6.923181056976318359e+00
6.069202423095703125e+00 -inf 6.069202423095703125e+00 6.935691833496093750e+00 5.444424629211425781e+00 6.921448230743408203e+00
6.089686870574951172e+00 -inf 6.089686870574951172e+00 6.932920455932617188e+00 5.440720558166503906e+00 6.918708324432373047e+00
6.109763145446777344e+00 -inf 6.109763145446777344e+00 6.930038452148437500e+00 5.450063705444335938e+00 6.915413379669189453e+00
6.130070686340332031e+00 -inf 6.130070686340332031e+00 6.926957130432128906e+00 5.462149143218994141e+00 6.911802768707275391e+00
6.155132293701171875e+00 -inf 6.155132293701171875e+00 6.922357559204101562e+00 5.489198684692382812e+00 6.906036376953125000e+00
6.179542064666748047e+00 -inf 6.179542064666748047e+00 6.917946815490722656e+00 5.527939319610595703e+00 6.899884223937988281e+00
6.194269657135009766e+00 -inf 6.194269657135009766e+00 6.915270805358886719e+00 5.566946506500244141e+00 6.895346164703369141e+00
6.202749729156494141e+00 -inf 6.202749729156494141e+00 6.912898063659667969e+00 5.590092658996582031e+00 6.891738414764404297e+00
6.210253238677978516e+00 -inf 6.210253238677978516e+00 6.910821437835693359e+00 5.599399089813232422e+00 6.889085292816162109e+00
6.219707489013671875e+00 -inf 6.219707489013671875e+00 6.907307624816894531e+00 5.580702304840087891e+00 6.886336326599121094e+00
6.228450298309326172e+00 -inf 6.228450298309326172e+00 6.905291557312011719e+00 5.572267055511474609e+00 6.884635925292968750e+00
6.236280918121337891e+00 -inf 6.236280918121337891e+00 6.903710365295410156e+00 5.551135063171386719e+00 6.883984565734863281e+00
6.242803096771240234e+00 -inf 6.242803096771240234e+00 6.902373790740966797e+00 5.545221805572509766e+00 6.882859706878662109e+00
6.248568534851074219e+00 -inf 6.248568534851074219e+00 6.901185512542724609e+00 5.522098541259765625e+00 6.882652759552001953e+00
6.255511283874511719e+00 -inf 6.255511283874511719e+00 6.899717807769775391e+00 5.507853031158447266e+00 6.881733894348144531e+00
6.263941764831542969e+00 -inf 6.263941764831542969e+00 6.896518707275390625e+00 5.447868347167968750e+00 6.880779743194580078e+00
6.272601127624511719e+00 -inf 6.272601127624511719e+00 6.894567489624023438e+00 5.438166141510009766e+00 6.879111766815185547e+00
6.280133247375488281e+00 -inf 6.280133247375488281e+00 6.892842292785644531e+00 5.419348716735839844e+00 6.877993106842041016e+00
6.287649631500244141e+00 -inf 6.287649631500244141e+00 6.891101837158203125e+00 5.377709865570068359e+00 6.877576828002929688e+00
6.296601295471191406e+00 -inf 6.296601295471191406e+00 6.888948440551757812e+00 5.361477851867675781e+00 6.875861167907714844e+00
6.304385185241699219e+00 -inf 6.304385185241699219e+00 6.886340618133544922e+00 5.317516803741455078e+00 6.874459266662597656e+00
6.310933589935302734e+00 -inf 6.310933589935302734e+00 6.884698390960693359e+00 5.335321903228759766e+00 6.872264385223388672e+00
6.316970825195312500e+00 -inf 6.316970825195312500e+00 6.882548809051513672e+00 5.325873374938964844e+00 6.870325088500976562e+00
6.325272560119628906e+00 -inf 6.325272560119628906e+00 6.880261898040771484e+00 5.340542316436767578e+00 6.867544174194335938e+00
6.334606647491455078e+00 -inf 6.334606647491455078e+00 6.876843929290771484e+00 5.343183040618896484e+00 6.863945007324218750e+00
6.342313766479492188e+00 -inf 6.342313766479492188e+00 6.874492645263671875e+00 5.365771293640136719e+00 6.860818862915039062e+00
6.349266529083251953e+00 -inf 6.349266529083251953e+00 6.872463703155517578e+00 5.340161800384521484e+00 6.859523296356201172e+00
6.354859828948974609e+00 -inf 6.354859828948974609e+00 6.870910167694091797e+00 5.309890747070312500e+00 6.858809471130371094e+00
6.359013557434082031e+00 -inf 6.359013557434082031e+00 6.869792938232421875e+00 5.258528232574462891e+00 6.859031200408935547e+00
6.362594127655029297e+00 -inf 6.362594127655029297e+00 6.868813991546630859e+00 5.207230567932128906e+00 6.859241962432861328e+00
6.366537094116210938e+00 -inf 6.366537094116210938e+00 6.867722988128662109e+00 5.137006759643554688e+00 6.859573364257812500e+00
6.370164871215820312e+00 -inf 6.370164871215820312e+00 6.865922927856445312e+00 5.080979347229003906e+00 6.858737945556640625e+00
6.373651504516601562e+00 -inf 6.373651504516601562e+00 6.864943027496337891e+00 5.068755149841308594e+00 6.857943058013916016e+00
6.376606464385986328e+00 -inf 6.376606464385986328e+00 6.864119529724121094e+00 5.067551612854003906e+00 6.857125759124755859e+00
6.378670215606689453e+00 -inf 6.378670215606689453e+00 6.863584041595458984e+00 5.082977771759033203e+00 6.856326103210449219e+00
6.379792213439941406e+00 -inf 6.379792213439941406e+00 6.863354206085205078e+00 5.054881572723388672e+00 6.856551170349121094e+00
6.379965305328369141e+00 -inf 6.379965305328369141e+00 6.863459587097167969e+00 5.042996883392333984e+00 6.856842994689941406e+00
6.380052566528320312e+00 -inf 6.380052566528320312e+00 6.863569736480712891e+00 5.072785377502441406e+00 6.856481075286865234e+00
6.380969524383544922e+00 -inf 6.380969524383544922e+00 6.863416194915771484e+00 5.068470954895019531e+00 6.856396675109863281e+00
6.382052898406982422e+00 -inf 6.382052898406982422e+00 6.863203525543212891e+00 5.069182872772216797e+00 6.856168270111083984e+00
6.383887290954589844e+00 -inf 6.383887290954589844e+00 6.862745285034179688e+00 5.091001987457275391e+00 6.855336666107177734e+00
6.384363651275634766e+00 -inf 6.384363651275634766e+00 6.862770080566406250e+00 5.146720409393310547e+00 6.854337692260742188e+00
6.384189605712890625e+00 -inf 6.384189605712890625e+00 6.862991809844970703e+00 5.199953079223632812e+00 6.853452682495117188e+00
6.383354663848876953e+00 -inf 6.383354663848876953e+00 6.863426685333251953e+00 5.261652469635009766e+00 6.852424144744873047e+00
6.382718086242675781e+00 -inf 6.382718086242675781e+00 6.863789081573486328e+00 5.384077072143554688e+00 6.849154949188232422e+00
6.384368419647216797e+00 -inf 6.384368419647216797e+00 6.862739086151123047e+00 5.414255142211914062e+00 6.846993923187255859e+00
6.386183738708496094e+00 -inf 6.386183738708496094e+00 6.862300395965576172e+00 5.494640350341796875e+00 6.843262672424316406e+00
6.387499809265136719e+00 -inf 6.387499809265136719e+00 6.862036228179931641e+00 5.546925544738769531e+00 6.840488433837890625e+00
6.388260841369628906e+00 -inf 6.388260841369628906e+00 6.861281871795654297e+00 5.577631473541259766e+00 6.838071346282958984e+00
6.388883590698242188e+00 -inf 6.388883590698242188e+00 6.861228942871093750e+00 5.603266239166259766e+00 6.836562633514404297e+00
6.389171123504638672e+00 -inf 6.389171123504638672e+00 6.859556198120117188e+00 5.609928607940673828e+00 6.834398269653320312e+00
6.391660690307617188e+00 -inf 6.391660690307617188e+00 6.858901977539062500e+00 5.628816604614257812e+00 6.832550525665283203e+00
6.394340515136718750e+00 -inf 6.394340515136718750e+00 6.858191490173339844e+00 5.632636547088623047e+00 6.831554889678955078e+00
6.397573947906494141e+00 -inf 6.397573947906494141e+00 6.856619834899902344e+00 5.575828075408935547e+00 6.833251476287841797e+00
6.402118682861328125e+00 -inf 6.402118682861328125e+00 6.855220317840576172e+00 5.546352386474609375e+00 6.833352565765380859e+00
6.405607700347900391e+00 -inf 6.405607700347900391e+00 6.854186534881591797e+00 5.486349582672119141e+00 6.835157394409179688e+00
6.404754161834716797e+00 -inf 6.404754161834716797e+00 6.854307174682617188e+00 5.449828147888183594e+00 6.836848735809326172e+00
6.403048038482666016e+00 -inf 6.403048038482666016e+00 6.855099201202392578e+00 5.435505867004394531e+00 6.838249683380126953e+00
6.401040554046630859e+00 -inf 6.401040554046630859e+00 6.855988979339599609e+00 5.422212123870849609e+00 6.839691162109375000e+00
6.398816108703613281e+00 -inf 6.398816108703613281e+00 6.856945514678955078e+00 5.414747714996337891e+00 6.840966701507568359e+00
6.397018909454345703e+00 -inf 6.397018909454345703e+00 6.857741832733154297e+00 5.439579010009765625e+00 6.840835571289062500e+00
6.395832061767578125e+00 -inf 6.395832061767578125e+00 6.858305454254150391e+00 5.465878486633300781e+00 6.840345859527587891e+00
6.394674301147460938e+00 -inf 6.394674301147460938e+00 6.858846664428710938e+00 5.504433631896972656e+00 6.839206218719482422e+00
6.394015312194824219e+00 -inf 6.394015312194824219e+00 6.859231472015380859e+00 5.546761035919189453e+00 6.837548732757568359e+00
6.392704486846923828e+00 -inf 6.392704486846923828e+00 6.859122276306152344e+00 5.559221744537353516e+00 6.836786746978759766e+00
6.390518188476562500e+00 -inf 6.390518188476562500e+00 6.860049247741699219e+00 5.579490184783935547e+00 6.836668491363525391e+00
6.382214546203613281e+00 -inf 6.382214546203613281e+00 6.862987041473388672e+00 5.612865447998046875e+00 6.837858676910400391e+00
6.367793083190917969e+00 -inf 6.367793083190917969e+00 6.866978645324707031e+00 5.623520851135253906e+00 6.841449737548828125e+00
6.353581428527832031e+00 -inf 6.353581428527832031e+00 6.871575355529785156e+00 5.642293453216552734e+00 6.845173358917236328e+00
6.341018199920654297e+00 -inf 6.341018199920654297e+00 6.874112606048583984e+00 5.616706371307373047e+00 6.849414348602294922e+00
6.330469608306884766e+00 -inf 6.330469608306884766e+00 6.877311706542968750e+00 5.605858802795410156e+00 6.853421211242675781e+00
6.321282863616943359e+00 -inf 6.321282863616943359e+00 6.880041122436523438e+00 5.584369182586669922e+00 6.857481002807617188e+00
6.312633991241455078e+00 -inf 6.312633991241455078e+00 6.882565975189208984e+00 5.525299072265625000e+00 6.863057136535644531e+00
6.302843093872070312e+00 -inf 6.302843093872070312e+00 6.885322093963623047e+00 5.496342182159423828e+00 6.867216110229492188e+00
6.289955139160156250e+00 -inf 6.289955139160156250e+00 6.888057231903076172e+00 5.471013545989990234e+00 6.871106624603271484e+00
6.275961875915527344e+00 -inf 6.275961875915527344e+00 6.891694545745849609e+00 5.506999969482421875e+00 6.873404979705810547e+00
6.261073589324951172e+00 -inf 6.261073589324951172e+00 6.895411491394042969e+00 5.545740604400634766e+00 6.875550746917724609e+00
6.245654106140136719e+00 -inf 6.245654106140136719e+00 6.899054527282714844e+00 5.578800678253173828e+00 6.877766609191894531e+00
6.231774806976318359e+00 -inf 6.231774806976318359e+00 6.901655197143554688e+00 5.594365596771240234e+00 6.879705905914306641e+00
6.217982769012451172e+00 -inf 6.217982769012451172e+00 6.903726100921630859e+00 5.576643943786621094e+00 6.882778644561767578e+00
6.202566146850585938e+00 -inf 6.202566146850585938e+00 6.906990051269531250e+00 5.571401596069335938e+00 6.886458873748779297e+00
6.187566757202148438e+00 -inf 6.187566757202148438e+00 6.910022735595703125e+00 5.559565544128417969e+00 6.890197753906250000e+00
6.173782825469970703e+00 -inf 6.173782825469970703e+00 6.912715435028076172e+00 5.557537555694580078e+00 6.893110275268554688e+00
6.160531044006347656e+00 -inf 6.160531044006347656e+00 6.914818763732910156e+00 5.533103466033935547e+00 6.896400451660156250e+00
6.149932384490966797e+00 -inf 6.149932384490966797e+00 6.916784763336181641e+00 5.522774219512939453e+00 6.898891448974609375e+00
6.140120506286621094e+00 -inf 6.140120506286621094e+00 6.918550968170166016e+00 5.511610031127929688e+00 6.901193141937255859e+00
6.129301548004150391e+00 -inf 6.129301548004150391e+00 6.920459747314453125e+00 5.512219905853271484e+00 6.903154373168945312e+00
6.119699478149414062e+00 -inf 6.119699478149414062e+00 6.922119140625000000e+00 5.496455192565917969e+00 6.905508041381835938e+00
6.110659599304199219e+00 -inf 6.110659599304199219e+00 6.923646450042724609e+00 5.469613552093505859e+00 6.908104896545410156e+00
6.101318836212158203e+00 -inf 6.101318836212158203e+00 6.925183773040771484e+00 5.439394950866699219e+00 6.910756111145019531e+00
6.092934608459472656e+00 -inf 6.092934608459472656e+00 6.926561832427978516e+00 5.449476718902587891e+00 6.911837100982666016e+00
6.085008621215820312e+00 -inf 6.085008621215820312e+00 6.927837371826171875e+00 5.454720973968505859e+00 6.912975311279296875e+00
6.076395034790039062e+00 -inf 6.076395034790039062e+00 6.929180145263671875e+00 5.468504428863525391e+00 6.913877964019775391e+00
6.067722320556640625e+00 -inf 6.067722320556640625e+00 6.929513454437255859e+00 5.469621181488037109e+00 6.914183139801025391e+00
6.059053421020507812e+00 -inf 6.059053421020507812e+00 6.930830001831054688e+00 5.523062229156494141e+00 6.913506031036376953e+00
6.049261569976806641e+00 -inf 6.049261569976806641e+00 6.932263374328613281e+00 5.539200305938720703e+00 6.914330005645751953e+00
6.039451122283935547e+00 -inf 6.039451122283935547e+00 6.933663368225097656e+00 5.554968357086181641e+00 6.915113925933837891e+00
6.030024051666259766e+00 -inf 6.030024051666259766e+00 6.934987068176269531e+00 5.592401027679443359e+00 6.914791107177734375e+00
6.019163131713867188e+00 -inf 6.019163131713867188e+00 6.936438083648681641e+00 5.602014541625976562e+00 6.915850162506103516e+00
6.007686614990234375e+00 -inf 6.007686614990234375e+00 6.937909603118896484e+00 5.640830516815185547e+00 6.915424346923828125e+00
5.995858192443847656e+00 -inf 5.995858192443847656e+00 6.939075469970703125e+00 5.642602443695068359e+00 6.916557788848876953e+00
5.984068393707275391e+00 -inf 5.984068393707275391e+00 6.940491676330566406e+00 5.665616035461425781e+00 6.916794776916503906e+00
5.972846031188964844e+00 -inf 5.972846031188964844e+00 6.941821575164794922e+00 5.714356899261474609e+00 6.915305614471435547e+00
5.961997509002685547e+00 -inf 5.961997509002685547e+00 6.943078041076660156e+00 5.744778633117675781e+00 6.914658069610595703e+00
5.951457977294921875e+00 -inf 5.951457977294921875e+00 6.943654537200927734e+00 5.759556293487548828e+00 6.914257526397705078e+00
5.942037582397460938e+00 -inf 5.942037582397460938e+00 6.944383621215820312e+00 5.769379138946533203e+00 6.914342403411865234e+00
5.932950496673583984e+00 -inf 5.932950496673583984e+00 6.944784164428710938e+00 5.765373229980468750e+00 6.915058135986328125e+00
5.924309730529785156e+00 -inf 5.924309730529785156e+00 6.945623397827148438e+00 5.749272823333740234e+00 6.917071342468261719e+00
5.914835929870605469e+00 -inf 5.914835929870605469e+00 6.946655273437500000e+00 5.722171306610107422e+00 6.919950485229492188e+00
5.904243469238281250e+00 -inf 5.904243469238281250e+00 6.947765350341796875e+00 5.703023910522460938e+00 6.922314167022705078e+00
5.893417835235595703e+00 -inf 5.893417835235595703e+00 6.948867321014404297e+00 5.685083866119384766e+00 6.924539089202880859e+00
5.881584644317626953e+00 -inf 5.881584644317626953e+00 6.949547767639160156e+00 5.677350044250488281e+00 6.925699710845947266e+00
5.868467330932617188e+00 -inf 5.868467330932617188e+00 6.950787544250488281e+00 5.672154426574707031e+00 6.927299976348876953e+00
5.855965614318847656e+00 -inf 5.855965614318847656e+00 6.951633930206298828e+00 5.686121940612792969e+00 6.927404880523681641e+00
5.844183444976806641e+00 -inf 5.844183444976806641e+00 6.952710151672363281e+00 5.705097198486328125e+00 6.927431583404541016e+00
5.831788063049316406e+00 -inf 5.831788063049316406e+00 6.953797817230224609e+00 5.717499732971191406e+00 6.927831649780273438e+00
5.821307182312011719e+00 -inf 5.821307182312011719e+00 6.954726696014404297e+00 5.696334362030029297e+00 6.930086135864257812e+00
5.811609268188476562e+00 -inf 5.811609268188476562e+00 6.955574512481689453e+00 5.682415962219238281e+00 6.931780338287353516e+00
5.802248954772949219e+00 -inf 5.802248954772949219e+00 6.956376552581787109e+00 5.681842803955078125e+00 6.932659626007080078e+00
5.794607162475585938e+00 -inf 5.794607162475585938e+00 6.956721782684326172e+00 5.687261581420898438e+00 6.932718276977539062e+00
5.786778926849365234e+00 -inf 5.786778926849365234e+00 6.957398891448974609e+00 5.713511466979980469e+00 6.931895732879638672e+00
5.779447078704833984e+00 -inf 5.779447078704833984e+00 6.957836627960205078e+00 5.735782146453857422e+00 6.930977344512939453e+00
5.772572040557861328e+00 -inf 5.772572040557861328e+00 6.958050251007080078e+00 5.754877090454101562e+00 6.929957866668701172e+00
5.768249034881591797e+00 -inf 5.768249034881591797e+00 6.958471775054931641e+00 5.792579650878906250e+00 6.927770614624023438e+00
5.765772342681884766e+00 -inf 5.765772342681884766e+00 6.958190917968750000e+00 5.795870304107666016e+00 6.927227020263671875e+00
5.762157917022705078e+00 -inf 5.762157917022705078e+00 6.958557605743408203e+00 5.813358783721923828e+00 6.926301002502441406e+00
5.756413459777832031e+00 -inf 5.756413459777832031e+00 6.959055900573730469e+00 5.820852756500244141e+00 6.926255226135253906e+00
5.750057220458984375e+00 -inf 5.750057220458984375e+00 6.959587097167968750e+00 5.836497783660888672e+00 6.925578594207763672e+00
5.743782997131347656e+00 -inf 5.743782997131347656e+00 6.960123062133789062e+00 5.844466209411621094e+00 6.925503730773925781e+00
5.738698959350585938e+00 -inf 5.738698959350585938e+00 6.960067749023437500e+00 5.843202590942382812e+00 6.925548076629638672e+00
5.737018108367919922e+00 -inf 5.737018108367919922e+00 6.959371089935302734e+00 5.855868339538574219e+00 6.923727035522460938e+00
5.734753131866455078e+00 -inf 5.734753131866455078e+00 6.959057331085205078e+00 5.850163936614990234e+00 6.923871517181396484e+00
5.730012416839599609e+00 -inf 5.730012416839599609e+00 6.958730697631835938e+00 5.832907676696777344e+00 6.924943923950195312e+00
5.725471496582031250e+00 -inf 5.725471496582031250e+00 6.958644390106201172e+00 5.814075469970703125e+00 6.926339626312255859e+00
5.721635341644287109e+00 -inf 5.721635341644287109e+00 6.959019660949707031e+00 5.786795139312744141e+00 6.928778648376464844e+00
5.718214988708496094e+00 -inf 5.718214988708496094e+00 6.959350585937500000e+00 5.775138854980468750e+00 6.929961204528808594e+00
5.713663578033447266e+00 -inf 5.713663578033447266e+00 6.958734035491943359e+00 5.759265422821044922e+00 6.930393218994140625e+00
5.711051940917968750e+00 -inf 5.711051940917968750e+00 6.957310676574707031e+00 5.717364788055419922e+00 6.931568622589111328e+00
5.710296630859375000e+00 -inf 5.710296630859375000e+00 6.957404136657714844e+00 5.693339347839355469e+00 6.933092594146728516e+00
5.709427356719970703e+00 -inf 5.709427356719970703e+00 6.956188201904296875e+00 5.623535633087158203e+00 6.935513973236083984e+00
5.709025382995605469e+00 -inf 5.709025382995605469e+00 6.956124305725097656e+00 5.536684513092041016e+00 6.939268112182617188e+00
5.710257530212402344e+00 -inf 5.710257530212402344e+00 6.956028938293457031e+00 5.452506542205810547e+00 6.942188262939453125e+00
5.711048126220703125e+00 -inf 5.711048126220703125e+00 6.955938339233398438e+00 5.383694171905517578e+00 6.944150924682617188e+00
5.712723255157470703e+00 -inf 5.712723255157470703e+00 6.955792903900146484e+00 5.299095153808593750e+00 6.946112155914306641e+00
5.714166164398193359e+00 -inf 5.714166164398193359e+00 6.955854415893554688e+00 5.211081981658935547e+00 6.947967052459716797e+00
5.714203834533691406e+00 -inf 5.714203834533691406e+00 6.954947948455810547e+00 5.143074989318847656e+00 6.948198318481445312e+00
5.714417934417724609e+00 -inf 5.714417934417724609e+00 6.955049514770507812e+00 5.161646842956542969e+00 6.948004245758056641e+00
5.714052677154541016e+00 -inf 5.714052677154541016e+00 6.955163955688476562e+00 5.166687965393066406e+00 6.948037624359130859e+00
5.713388442993164062e+00 -inf 5.713388442993164062e+00 6.955275535583496094e+00 5.158510684967041016e+00 6.948285102844238281e+00
5.713941574096679688e+00 -inf 5.713941574096679688e+00 6.955348491668701172e+00 5.184230804443359375e+00 6.947928428649902344e+00
5.716176033020019531e+00 -inf 5.716176033020019531e+00 6.954723834991455078e+00 5.216587543487548828e+00 6.946713447570800781e+00
5.720335006713867188e+00 -inf 5.720335006713867188e+00 6.954581737518310547e+00 5.252246856689453125e+00 6.945876121520996094e+00
5.724909782409667969e+00 -inf 5.724909782409667969e+00 6.954095840454101562e+00 5.294567108154296875e+00 6.944478511810302734e+00
5.728442668914794922e+00 -inf 5.728442668914794922e+00 6.954010486602783203e+00 5.379956245422363281e+00 6.942272186279296875e+00
5.732619762420654297e+00 -inf 5.732619762420654297e+00 6.953851222991943359e+00 5.444159030914306641e+00 6.940209388732910156e+00
5.735246181488037109e+00 -inf 5.735246181488037109e+00 6.953003406524658203e+00 5.468691349029541016e+00 6.938525676727294922e+00
5.733465194702148438e+00 -inf 5.733465194702148438e+00 6.953200340270996094e+00 5.479912281036376953e+00 6.938344001770019531e+00
5.727379322052001953e+00 -inf 5.727379322052001953e+00 6.953663825988769531e+00 5.465974807739257812e+00 6.939300537109375000e+00
5.720705509185791016e+00 -inf 5.720705509185791016e+00 6.954142093658447266e+00 5.457654476165771484e+00 6.940071582794189453e+00
5.715269088745117188e+00 -inf 5.715269088745117188e+00 6.954527854919433594e+00 5.439363479614257812e+00 6.941058635711669922e+00
5.713844776153564453e+00 -inf 5.713844776153564453e+00 6.954712390899658203e+00 5.424709796905517578e+00 6.941702842712402344e+00
5.713757514953613281e+00 -inf 5.713757514953613281e+00 6.954816341400146484e+00 5.408891201019287109e+00 6.942281723022460938e+00
5.713714122772216797e+00 -inf 5.713714122772216797e+00 6.954919338226318359e+00 5.454040050506591797e+00 6.940991878509521484e+00
5.712691307067871094e+00 -inf 5.712691307067871094e+00 6.955049991607666016e+00 5.534824371337890625e+00 6.938225269317626953e+00
5.712102890014648438e+00 -inf 5.712102890014648438e+00 6.955147266387939453e+00 5.604387760162353516e+00 6.935336589813232422e+00
5.712402820587158203e+00 -inf 5.712402820587158203e+00 6.955213546752929688e+00 5.660307407379150391e+00 6.932612419128417969e+00
5.711847782135009766e+00 -inf 5.711847782135009766e+00 6.954689502716064453e+00 5.677544593811035156e+00 6.931118965148925781e+00
5.712233543395996094e+00 -inf 5.712233543395996094e+00 6.954745292663574219e+00 5.683952331542968750e+00 6.930817127227783203e+00
5.713216304779052734e+00 -inf 5.713216304779052734e+00 6.954761981964111328e+00 5.717349529266357422e+00 6.928864479064941406e+00
5.715561389923095703e+00 -inf 5.715561389923095703e+00 6.954695224761962891e+00 5.775963783264160156e+00 6.924920082092285156e+00
5.719092369079589844e+00 -inf 5.719092369079589844e+00 6.953664779663085938e+00 5.825341701507568359e+00 6.920079708099365234e+00
5.723921298980712891e+00 -inf 5.723921298980712891e+00 6.953366756439208984e+00 5.862814903259277344e+00 6.916597843170166016e+00
5.724926471710205078e+00 -inf 5.724926471710205078e+00 6.953407287597656250e+00 5.897168159484863281e+00 6.913471698760986328e+00
5.724052429199218750e+00 -inf 5.724052429199218750e+00 6.953474044799804688e+00 5.928199768066406250e+00 6.910435676574707031e+00
5.721723079681396484e+00 -inf 5.721723079681396484e+00 6.952993392944335938e+00 5.953223228454589844e+00 6.907210350036621094e+00
5.721680641174316406e+00 -inf 5.721680641174316406e+00 6.953100204467773438e+00 5.990076065063476562e+00 6.903032779693603516e+00
5.723366737365722656e+00 -inf 5.723366737365722656e+00 6.952815532684326172e+00 6.023742675781250000e+00 6.898411750793457031e+00
5.728881359100341797e+00 -inf 5.728881359100341797e+00 6.951992988586425781e+00 6.044090747833251953e+00 6.894684314727783203e+00
5.738395214080810547e+00 -inf 5.738395214080810547e+00 6.949516773223876953e+00 6.044099807739257812e+00 6.891856193542480469e+00
5.749489307403564453e+00 -inf 5.749489307403564453e+00 6.948274612426757812e+00 6.023059844970703125e+00 6.893352985382080078e+00
5.767586231231689453e+00 -inf 5.767586231231689453e+00 6.944827556610107422e+00 5.968419075012207031e+00 6.896368026733398438e+00
5.788548469543457031e+00 -inf 5.788548469543457031e+00 6.943495273590087891e+00 5.915997028350830078e+00 6.900688171386718750e+00
5.811629295349121094e+00 -inf 5.811629295349121094e+00 6.941027641296386719e+00 5.856615543365478516e+00 6.903711795806884766e+00
5.835119247436523438e+00 -inf 5.835119247436523438e+00 6.937664031982421875e+00 5.792034626007080078e+00 6.905440807342529297e+00
5.854137420654296875e+00 -inf 5.854137420654296875e+00 6.936261653900146484e+00 5.708049774169921875e+00 6.909792423248291016e+00
5.869241237640380859e+00 -inf 5.869241237640380859e+00 6.935106277465820312e+00 5.620453357696533203e+00 6.913535118103027344e+00
5.881826877593994141e+00 -inf 5.881826877593994141e+00 6.934114933013916016e+00 5.536373615264892578e+00 6.916378021240234375e+00
5.890756607055664062e+00 -inf 5.890756607055664062e+00 6.933414459228515625e+00 5.471298694610595703e+00 6.918164730072021484e+00
5.898130416870117188e+00 -inf 5.898130416870117188e+00 6.932837009429931641e+00 5.390657901763916016e+00 6.920192241668701172e+00
5.904117584228515625e+00 -inf 5.904117584228515625e+00 6.931358814239501953e+00 5.284163475036621094e+00 6.921461582183837891e+00
5.906540870666503906e+00 -inf 5.906540870666503906e+00 6.931171417236328125e+00 5.228695392608642578e+00 6.922468662261962891e+00
5.907470703125000000e+00 -inf 5.907470703125000000e+00 6.931145191192626953e+00 5.221741676330566406e+00 6.922581195831298828e+00
5.908295154571533203e+00 -inf 5.908295154571533203e+00 6.930508613586425781e+00 5.185292243957519531e+00 6.922628879547119141e+00
5.910132884979248047e+00 -inf 5.910132884979248047e+00 6.929899215698242188e+00 5.110672473907470703e+00 6.923264026641845703e+00
5.910122871398925781e+00 -inf 5.910122871398925781e+00 6.928668498992919922e+00 4.943547725677490234e+00 6.924150466918945312e+00
5.908381938934326172e+00 -inf 5.908381938934326172e+00 6.928897857666015625e+00 4.918365001678466797e+00 6.924638271331787109e+00
5.905897617340087891e+00 -inf 5.905897617340087891e+00 6.929214000701904297e+00 4.899474620819091797e+00 6.925139904022216797e+00
5.902426719665527344e+00 -inf 5.902426719665527344e+00 6.929605484008789062e+00 4.893978118896484375e+00 6.925586223602294922e+00
5.896993637084960938e+00 -inf 5.896993637084960938e+00 6.930130481719970703e+00 4.870265007019042969e+00 6.926330089569091797e+00
5.889948844909667969e+00 -inf 5.889948844909667969e+00 6.930805206298828125e+00 4.757058143615722656e+00 6.927884101867675781e+00
5.889593601226806641e+00 -inf 5.889593601226806641e+00 6.930839538574218750e+00 4.750009536743164062e+00 6.927966594696044922e+00
