5.935238361358642578e+00 -inf 5.935238361358642578e+00 6.923308849334716797e+00 5.240874767303466797e+00 6.914190769195556641e+00
5.947912216186523438e+00 -inf 5.947912216186523438e+00 6.921081066131591797e+00 5.435667991638183594e+00 6.906640529632568359e+00
5.967450141906738281e+00 -inf 5.967450141906738281e+00 6.917810916900634766e+00 5.500920772552490234e+00 6.900854587554931641e+00
5.987642765045166016e+00 -inf 5.987642765045166016e+00 6.913605690002441406e+00 5.519531726837158203e+00 6.895714759826660156e+00
6.011423110961914062e+00 -inf 6.011423110961914062e+00 6.908888816833496094e+00 5.516440868377685547e+00 6.890929698944091797e+00
6.035676956176757812e+00 -inf 6.035676956176757812e+00 6.903061866760253906e+00 5.486904621124267578e+00 6.886076450347900391e+00
6.057591915130615234e+00 -inf 6.057591915130615234e+00 6.898836135864257812e+00 5.448790550231933594e+00 6.883148670196533203e+00
6.077520370483398438e+00 -inf 6.077520370483398438e+00 6.896516799926757812e+00 5.386626720428466797e+00 6.882880687713623047e+00
6.096058845520019531e+00 -inf 6.096058845520019531e+00 6.896544456481933594e+00 5.353108882904052734e+00 6.883936882019042969e+00
6.114300727844238281e+00 -inf 6.114300727844238281e+00 6.897528648376464844e+00 5.318662166595458984e+00 6.885921955108642578e+00
6.132791519165039062e+00 -inf 6.132791519165039062e+00 6.899517059326171875e+00 5.269959449768066406e+00 6.889204502105712891e+00
6.150771617889404297e+00 -inf 6.150771617889404297e+00 6.902523517608642578e+00 5.236144065856933594e+00 6.893058776855468750e+00
6.167897701263427734e+00 -inf 6.167897701263427734e+00 6.907849311828613281e+00 5.220230102539062500e+00 6.898841381072998047e+00
6.184033393859863281e+00 -inf 6.184033393859863281e+00 6.914023399353027344e+00 5.290094852447509766e+00 6.903573989868164062e+00
6.201103687286376953e+00 -inf 6.201103687286376953e+00 6.917050361633300781e+00 5.376492977142333984e+00 6.904357910156250000e+00
6.216405391693115234e+00 -inf 6.216405391693115234e+00 6.917382717132568359e+00 5.477314472198486328e+00 6.901324272155761719e+00
6.230567932128906250e+00 1.697866082191467285e+00 6.230555057525634766e+00 6.916113853454589844e+00 5.622893810272216797e+00 6.893422126770019531e+00
6.244717121124267578e+00 2.192437648773193359e+00 6.244678974151611328e+00 6.914016723632812500e+00 5.713018417358398438e+00 6.885778903961181641e+00
6.257710456848144531e+00 2.203324317932128906e+00 6.257671356201171875e+00 6.912130832672119141e+00 5.805492401123046875e+00 6.876754760742187500e+00
6.268748760223388672e+00 2.689363002777099609e+00 6.268633365631103516e+00 6.910572052001953125e+00 5.913204669952392578e+00 6.864521026611328125e+00
6.282307147979736328e+00 3.086462497711181641e+00 6.282031536102294922e+00 6.908063888549804688e+00 5.992651939392089844e+00 6.851804256439208984e+00
6.299088478088378906e+00 3.198156118392944336e+00 6.298743724822998047e+00 6.904065132141113281e+00 6.055032253265380859e+00 6.837769985198974609e+00
6.321306705474853516e+00 2.608137845993041992e+00 6.321222305297851562e+00 6.898838996887207031e+00 6.122301101684570312e+00 6.819334506988525391e+00
6.351037979125976562e+00 -inf 6.351037979125976562e+00 6.890333652496337891e+00 6.164087295532226562e+00 6.799983024597167969e+00
6.377530574798583984e+00 1.679101824760437012e+00 6.377521991729736328e+00 6.882212162017822266e+00 6.183898448944091797e+00 6.785137176513671875e+00
6.402260780334472656e+00 2.072680950164794922e+00 6.402240276336669922e+00 6.873917579650878906e+00 6.175130844116210938e+00 6.776962280273437500e+00
6.431754112243652344e+00 2.372485876083374023e+00 6.431717395782470703e+00 6.863276958465576172e+00 6.149202823638916016e+00 6.770063400268554688e+00
6.471430778503417969e+00 -inf 6.471430778503417969e+00 6.847508907318115234e+00 6.118077754974365234e+00 6.757891654968261719e+00
6.508024692535400391e+00 -inf 6.508024692535400391e+00 6.831244945526123047e+00 6.081765651702880859e+00 6.746094703674316406e+00
6.534255027770996094e+00 -inf 6.534255027770996094e+00 6.818741798400878906e+00 6.044459342956542969e+00 6.738781929016113281e+00
6.554006099700927734e+00 -inf 6.554006099700927734e+00 6.808172225952148438e+00 6.024914264678955078e+00 6.730005741119384766e+00
6.570239543914794922e+00 2.499120235443115234e+00 6.570203781127929688e+00 6.799151420593261719e+00 6.013124465942382812e+00 6.721528053283691406e+00
6.584905147552490234e+00 3.361161708831787109e+00 6.584645271301269531e+00 6.790554046630859375e+00 5.992502212524414062e+00 6.715245723724365234e+00
6.596658229827880859e+00 3.421461105346679688e+00 6.596369266510009766e+00 6.783523559570312500e+00 5.973350048065185547e+00 6.710473060607910156e+00
6.607613086700439453e+00 3.131805419921875000e+00 6.607467174530029297e+00 6.775997638702392578e+00 5.953953742980957031e+00 6.705086708068847656e+00
6.618174552917480469e+00 2.667241573333740234e+00 6.618125438690185547e+00 6.767462730407714844e+00 5.921624183654785156e+00 6.700638771057128906e+00
6.629169464111328125e+00 1.664430975914001465e+00 6.629164695739746094e+00 6.758082866668701172e+00 5.867176532745361328e+00 6.698322772979736328e+00
6.639829158782958984e+00 -inf 6.639829158782958984e+00 6.748517990112304688e+00 5.787595748901367188e+00 6.698194026947021484e+00
6.649743556976318359e+00 1.694296121597290039e+00 6.649738788604736328e+00 6.739385128021240234e+00 5.712146282196044922e+00 6.696551799774169922e+00
6.661058902740478516e+00 -inf 6.661058902740478516e+00 6.728838443756103516e+00 5.629245281219482422e+00 6.692858219146728516e+00
6.670438766479492188e+00 -inf 6.670438766479492188e+00 6.720453739166259766e+00 5.578841209411621094e+00 6.687919616699218750e+00
6.680854320526123047e+00 -inf 6.680854320526123047e+00 6.710976600646972656e+00 5.560764312744140625e+00 6.679104804992675781e+00
6.691090106964111328e+00 -inf 6.691090106964111328e+00 6.700859546661376953e+00 5.553700923919677734e+00 6.668754577636718750e+00
6.701082229614257812e+00 -inf 6.701082229614257812e+00 6.690179347991943359e+00 5.555028438568115234e+00 6.657138347625732422e+00
6.710217475891113281e+00 -inf 6.710217475891113281e+00 6.680009841918945312e+00 5.573153495788574219e+00 6.644651889801025391e+00
6.718311786651611328e+00 1.976721405982971191e+00 6.718303680419921875e+00 6.668965339660644531e+00 5.586029529571533203e+00 6.631516456604003906e+00
6.726865768432617188e+00 2.174541950225830078e+00 6.726854801177978516e+00 6.656457901000976562e+00 5.613139629364013672e+00 6.615257263183593750e+00
6.736403465270996094e+00 2.226657867431640625e+00 6.736391067504882812e+00 6.642368316650390625e+00 5.645995140075683594e+00 6.596205711364746094e+00
6.748847007751464844e+00 2.481677293777465820e+00 6.748824596405029297e+00 6.623853206634521484e+00 5.678180217742919922e+00 6.571618080139160156e+00
6.762103557586669922e+00 2.948727846145629883e+00 6.762034893035888672e+00 6.602345943450927734e+00 5.702032089233398438e+00 6.543956279754638672e+00
6.776590824127197266e+00 2.203496932983398438e+00 6.776579380035400391e+00 6.575020790100097656e+00 5.717506408691406250e+00 6.510108947753906250e+00
6.792217731475830078e+00 1.691713213920593262e+00 6.792214870452880859e+00 6.544209480285644531e+00 5.730260848999023438e+00 6.471847057342529297e+00
6.807826519012451172e+00 3.673891782760620117e+00 6.807505607604980469e+00 6.508966922760009766e+00 5.750804901123046875e+00 6.425674438476562500e+00
6.820329189300537109e+00 4.210903644561767578e+00 6.819259643554687500e+00 6.473558425903320312e+00 5.754796981811523438e+00 6.381458759307861328e+00
6.830648899078369141e+00 4.498776912689208984e+00 6.828622817993164062e+00 6.440958499908447266e+00 5.764295578002929688e+00 6.338287353515625000e+00
6.838469982147216797e+00 4.639950752258300781e+00 6.835711956024169922e+00 6.412353992462158203e+00 5.772410392761230469e+00 6.299342632293701172e+00
6.844089031219482422e+00 4.735120773315429688e+00 6.840696334838867188e+00 6.386111259460449219e+00 5.785655021667480469e+00 6.260636329650878906e+00
6.848892688751220703e+00 4.853379249572753906e+00 6.844482421875000000e+00 6.359918594360351562e+00 5.798293590545654297e+00 6.220619201660156250e+00
6.853378295898437500e+00 4.980351448059082031e+00 6.847522258758544922e+00 6.334434986114501953e+00 5.808346271514892578e+00 6.180901050567626953e+00
6.858375072479248047e+00 5.066590309143066406e+00 6.851303577423095703e+00 6.306841850280761719e+00 5.806034088134765625e+00 6.142126083374023438e+00
6.862296104431152344e+00 5.140959739685058594e+00 6.853966712951660156e+00 6.285168170928955078e+00 5.797270774841308594e+00 6.114367008209228516e+00
6.864893913269042969e+00 5.198806285858154297e+00 6.855421066284179688e+00 6.263893604278564453e+00 5.777038097381591797e+00 6.092588901519775391e+00
6.867415428161621094e+00 5.240491867065429688e+00 6.857038974761962891e+00 6.242842197418212891e+00 5.748085498809814453e+00 6.075307369232177734e+00
6.870006561279296875e+00 5.254835128784179688e+00 6.859342575073242188e+00 6.219017505645751953e+00 5.707685947418212891e+00 6.059071063995361328e+00
6.872552394866943359e+00 5.235834121704101562e+00 6.862409114837646484e+00 6.194921970367431641e+00 5.671235561370849609e+00 6.040365695953369141e+00
6.874468326568603516e+00 5.201344013214111328e+00 6.865149974822998047e+00 6.172402858734130859e+00 5.628821849822998047e+00 6.026079654693603516e+00
6.876286506652832031e+00 5.163074016571044922e+00 6.867798805236816406e+00 6.147435188293457031e+00 5.587259292602539062e+00 6.007586479187011719e+00
6.878221511840820312e+00 5.135946273803710938e+00 6.870287895202636719e+00 6.119263648986816406e+00 5.534541606903076172e+00 5.988388061523437500e+00
6.880239486694335938e+00 5.115267276763916016e+00 6.872713565826416016e+00 6.090505123138427734e+00 5.470702648162841797e+00 5.971323013305664062e+00
6.881705284118652344e+00 5.102162837982177734e+00 6.874430179595947266e+00 6.064135074615478516e+00 5.377340316772460938e+00 5.964127063751220703e+00
6.882413864135742188e+00 5.017866134643554688e+00 6.876439571380615234e+00 6.046476364135742188e+00 5.340829372406005859e+00 5.951219558715820312e+00
6.882380962371826172e+00 4.903563022613525391e+00 6.877796173095703125e+00 6.032907009124755859e+00 5.329854011535644531e+00 5.937011718750000000e+00
6.882846355438232422e+00 4.852177619934082031e+00 6.878779888153076172e+00 6.013267993927001953e+00 5.305146694183349609e+00 5.918616294860839844e+00
6.883235931396484375e+00 4.856194496154785156e+00 6.879136085510253906e+00 5.986566066741943359e+00 5.243421554565429688e+00 5.900032043457031250e+00
6.883646011352539062e+00 4.877757072448730469e+00 6.879340648651123047e+00 5.962511062622070312e+00 5.155512809753417969e+00 5.888876438140869141e+00
6.884066581726074219e+00 4.909257888793945312e+00 6.879440307617187500e+00 5.937704563140869141e+00 5.048833370208740234e+00 5.877642631530761719e+00
6.884665489196777344e+00 4.933306217193603516e+00 6.879779815673828125e+00 5.911344528198242188e+00 4.963226795196533203e+00 5.859420299530029297e+00
6.885375022888183594e+00 4.954236507415771484e+00 6.880255699157714844e+00 5.882419586181640625e+00 4.892850399017333984e+00 5.835487365722656250e+00
6.886689662933349609e+00 4.933916568756103516e+00 6.881821632385253906e+00 5.846836090087890625e+00 4.826880931854248047e+00 5.803240299224853516e+00
6.888100624084472656e+00 4.906966209411621094e+00 6.883542060852050781e+00 5.809393405914306641e+00 4.705904006958007812e+00 5.773748874664306641e+00
6.889065265655517578e+00 4.886184692382812500e+00 6.884728908538818359e+00 5.772843837738037109e+00 4.618824958801269531e+00 5.741260528564453125e+00
6.889249801635742188e+00 4.867777824401855469e+00 6.885096549987792969e+00 5.740825176239013672e+00 4.580882072448730469e+00 5.709684848785400391e+00
6.889050483703613281e+00 4.874177932739257812e+00 6.884834289550781250e+00 5.715480804443359375e+00 4.589143753051757812e+00 5.681735992431640625e+00
6.888041973114013672e+00 4.912711620330810547e+00 6.883419990539550781e+00 5.698749065399169922e+00 4.628891468048095703e+00 5.660102367401123047e+00
6.886370658874511719e+00 4.978207588195800781e+00 6.880971431732177734e+00 5.687930583953857422e+00 4.635592460632324219e+00 5.647617340087890625e+00
6.884257793426513672e+00 5.003929138183593750e+00 6.878499507904052734e+00 5.683763027191162109e+00 4.670978069305419922e+00 5.639402866363525391e+00
6.881859302520751953e+00 5.088168621063232422e+00 6.874818325042724609e+00 5.685956954956054688e+00 4.750720024108886719e+00 5.632369518280029297e+00
6.879072666168212891e+00 5.146732330322265625e+00 6.870954513549804688e+00 5.685229778289794922e+00 4.856106758117675781e+00 5.615562438964843750e+00
6.876480102539062500e+00 5.216419219970703125e+00 6.866873264312744141e+00 5.684059143066406250e+00 4.929704666137695312e+00 5.599958419799804688e+00
6.873365879058837891e+00 5.284917831420898438e+00 6.862016201019287109e+00 5.684355258941650391e+00 4.964827060699462891e+00 5.592435836791992188e+00
6.869405269622802734e+00 5.385870456695556641e+00 6.854901313781738281e+00 5.696494102478027344e+00 5.021268844604492188e+00 5.593439102172851562e+00
6.864166736602783203e+00 5.425857543945312500e+00 6.848040580749511719e+00 5.722906589508056641e+00 5.122072219848632812e+00 5.597558498382568359e+00
6.855873107910156250e+00 5.381880760192871094e+00 6.841041088104248047e+00 5.781015396118164062e+00 5.306126594543457031e+00 5.603803157806396484e+00
6.848151683807373047e+00 5.364005565643310547e+00 6.833667755126953125e+00 5.830582618713378906e+00 5.390610218048095703e+00 5.634653091430664062e+00
6.839442729949951172e+00 5.328359127044677734e+00 6.825844764709472656e+00 5.876469612121582031e+00 5.464057445526123047e+00 5.664008140563964844e+00
6.830684661865234375e+00 5.257175445556640625e+00 6.818932056427001953e+00 5.914524555206298828e+00 5.531215667724609375e+00 5.682640075683593750e+00
6.822966098785400391e+00 5.234069824218750000e+00 6.811628341674804688e+00 5.939821720123291016e+00 5.567136764526367188e+00 5.700281620025634766e+00
6.815809726715087891e+00 5.236665248870849609e+00 6.804209709167480469e+00 5.962990283966064453e+00 5.591240406036376953e+00 5.722760677337646484e+00
6.808819770812988281e+00 5.254271984100341797e+00 6.796535491943359375e+00 5.986205101013183594e+00 5.611703872680664062e+00 5.747996807098388672e+00
6.801681995391845703e+00 5.261038303375244141e+00 6.788990020751953125e+00 6.007973194122314453e+00 5.623866558074951172e+00 5.776650905609130859e+00
6.794646263122558594e+00 5.261892318725585938e+00 6.781719684600830078e+00 6.026678085327148438e+00 5.633707523345947266e+00 5.801484584808349609e+00
6.787479877471923828e+00 5.257223129272460938e+00 6.774477481842041016e+00 6.039327144622802734e+00 5.621643066406250000e+00 5.830159187316894531e+00
6.781596660614013672e+00 5.255414485931396484e+00 6.768469810485839844e+00 6.044559001922607422e+00 5.599329948425292969e+00 5.851597785949707031e+00
6.775983810424804688e+00 5.225605487823486328e+00 6.763578891754150391e+00 6.053290367126464844e+00 5.598468780517578125e+00 5.865604877471923828e+00
6.771716117858886719e+00 5.193878173828125000e+00 6.760081768035888672e+00 6.056325435638427734e+00 5.586277961730957031e+00 5.876653671264648438e+00
6.767662048339843750e+00 5.116871356964111328e+00 6.757849216461181641e+00 6.061081409454345703e+00 5.581919193267822266e+00 5.886007785797119141e+00
6.762657165527343750e+00 5.041324138641357422e+00 6.754328727722167969e+00 6.057387828826904297e+00 5.527332305908203125e+00 5.905525207519531250e+00
6.755753040313720703e+00 4.849708557128906250e+00 6.750327110290527344e+00 6.073894500732421875e+00 5.504647731781005859e+00 5.937442779541015625e+00
6.748223781585693359e+00 4.642353057861328125e+00 6.744806289672851562e+00 6.089883804321289062e+00 5.459423065185546875e+00 5.974014282226562500e+00
6.741309642791748047e+00 4.485893249511718750e+00 6.738891124725341797e+00 6.103079795837402344e+00 5.389577865600585938e+00 6.009727954864501953e+00
6.734523773193359375e+00 4.376843452453613281e+00 6.732613563537597656e+00 6.116610527038574219e+00 5.351041316986083984e+00 6.034868717193603516e+00
6.727989196777343750e+00 4.160495281219482422e+00 6.726810455322265625e+00 6.131851673126220703e+00 5.320815563201904297e+00 6.058959007263183594e+00
6.722677230834960938e+00 4.099391460418701172e+00 6.721641540527343750e+00 6.142354488372802734e+00 5.289130687713623047e+00 6.076747417449951172e+00
6.717744827270507812e+00 4.031942844390869141e+00 6.716848850250244141e+00 6.151818752288818359e+00 5.246825695037841797e+00 6.094097614288330078e+00
6.712914466857910156e+00 4.028210639953613281e+00 6.712016105651855469e+00 6.161375522613525391e+00 5.232378005981445312e+00 6.106961727142333984e+00
6.707838535308837891e+00 3.988724231719970703e+00 6.707008838653564453e+00 6.170546531677246094e+00 5.204103469848632812e+00 6.120894908905029297e+00
6.703575611114501953e+00 4.071637630462646484e+00 6.702561378479003906e+00 6.176804542541503906e+00 5.170464992523193359e+00 6.131745815277099609e+00
6.700217723846435547e+00 4.118113040924072266e+00 6.699079513549804688e+00 6.179170131683349609e+00 5.148331165313720703e+00 6.136707305908203125e+00
6.697658538818359375e+00 4.198208332061767578e+00 6.696280479431152344e+00 6.180477619171142578e+00 5.128715038299560547e+00 6.140108108520507812e+00
6.695161342620849609e+00 4.270122528076171875e+00 6.693526268005371094e+00 6.180370330810546875e+00 5.122589588165283203e+00 6.140583515167236328e+00
6.693019390106201172e+00 4.278807640075683594e+00 6.691342830657958984e+00 6.178228855133056641e+00 5.124862670898437500e+00 6.138015747070312500e+00
6.691436290740966797e+00 4.239751338958740234e+00 6.689898490905761719e+00 6.176712036132812500e+00 5.125706195831298828e+00 6.136269092559814453e+00
6.690256595611572266e+00 4.300476551055908203e+00 6.688482761383056641e+00 6.174190521240234375e+00 5.125360012054443359e+00 6.133534908294677734e+00
6.689219951629638672e+00 4.230117321014404297e+00 6.687708377838134766e+00 6.171270847320556641e+00 5.123664379119873047e+00 6.130495071411132812e+00
6.689533233642578125e+00 4.098873615264892578e+00 6.688416957855224609e+00 6.164060592651367188e+00 5.109543800354003906e+00 6.123959064483642578e+00
6.690403938293457031e+00 4.023841381072998047e+00 6.689466953277587891e+00 6.153888702392578125e+00 5.118061065673828125e+00 6.111935138702392578e+00
6.690584659576416016e+00 4.007085323333740234e+00 6.689682006835937500e+00 6.145310401916503906e+00 5.141740798950195312e+00 6.099947929382324219e+00
6.691118240356445312e+00 4.043782234191894531e+00 6.690139770507812500e+00 6.136380195617675781e+00 5.173858165740966797e+00 6.086250782012939453e+00
6.691946983337402344e+00 4.118231296539306641e+00 6.690786361694335938e+00 6.127535343170166016e+00 5.230813026428222656e+00 6.068626403808593750e+00
6.692366123199462891e+00 4.187588214874267578e+00 6.691006183624267578e+00 6.120829582214355469e+00 5.266652107238769531e+00 6.055377960205078125e+00
6.693490982055664062e+00 4.209285259246826172e+00 6.692066192626953125e+00 6.109923362731933594e+00 5.265569210052490234e+00 6.042851924896240234e+00
6.695490837097167969e+00 4.170733451843261719e+00 6.694192409515380859e+00 6.098699092864990234e+00 5.258626461029052734e+00 6.030908107757568359e+00
6.697131156921386719e+00 4.127602100372314453e+00 6.695959568023681641e+00 6.089804649353027344e+00 5.272841930389404297e+00 6.017986297607421875e+00
6.698817729949951172e+00 4.129888057708740234e+00 6.697643756866455078e+00 6.081237316131591797e+00 5.282223701477050781e+00 6.006111621856689453e+00
6.700304031372070312e+00 4.138707160949707031e+00 6.699110984802246094e+00 6.072379589080810547e+00 5.266840934753417969e+00 5.998475074768066406e+00
6.701379299163818359e+00 4.084194183349609375e+00 6.700329780578613281e+00 6.065835952758789062e+00 5.263117790222167969e+00 5.991405487060546875e+00
6.702268123626708984e+00 4.030337810516357422e+00 6.701341629028320312e+00 6.057825565338134766e+00 5.253742694854736328e+00 5.983650207519531250e+00
6.703427314758300781e+00 4.004773616790771484e+00 6.702558040618896484e+00 6.050044536590576172e+00 5.220740795135498047e+00 5.980408668518066406e+00
6.704897403717041016e+00 3.865176916122436523e+00 6.704269886016845703e+00 6.040996551513671875e+00 5.173583984375000000e+00 5.977660179138183594e+00
6.706137657165527344e+00 3.619458675384521484e+00 6.705781936645507812e+00 6.032310485839843750e+00 5.144285202026367188e+00 5.972123146057128906e+00
6.707281589508056641e+00 3.440253257751464844e+00 6.707047462463378906e+00 6.022402286529541016e+00 5.116982936859130859e+00 5.964741706848144531e+00
6.708217144012451172e+00 3.531536579132080078e+00 6.707926750183105469e+00 6.013409614562988281e+00 5.104598999023437500e+00 5.956228733062744141e+00
6.708343982696533203e+00 3.606478452682495117e+00 6.708001136779785156e+00 6.006651401519775391e+00 5.099675178527832031e+00 5.949211597442626953e+00
6.709011554718017578e+00 3.701628446578979492e+00 6.708585262298583984e+00 5.998534202575683594e+00 5.063568592071533203e+00 5.944910526275634766e+00
6.709390163421630859e+00 3.674923419952392578e+00 6.708988666534423828e+00 5.990629196166992188e+00 5.016485214233398438e+00 5.941900730133056641e+00
6.709784030914306641e+00 3.613568305969238281e+00 6.709434032440185547e+00 5.982960224151611328e+00 5.011256694793701172e+00 5.933942317962646484e+00
6.709662914276123047e+00 3.675419092178344727e+00 6.709261417388916016e+00 5.976913452148437500e+00 5.026481151580810547e+00 5.925282478332519531e+00
6.709312438964843750e+00 3.711874961853027344e+00 6.708875179290771484e+00 5.969349861145019531e+00 5.034622669219970703e+00 5.915695190429687500e+00
6.708413600921630859e+00 3.731866121292114258e+00 6.707955837249755859e+00 5.961719512939453125e+00 5.013862609863281250e+00 5.909761905670166016e+00
6.706899642944335938e+00 3.609119176864624023e+00 6.706553459167480469e+00 5.956154823303222656e+00 4.977922916412353516e+00 5.907910346984863281e+00
6.705023765563964844e+00 3.573218584060668945e+00 6.704701900482177734e+00 5.950719356536865234e+00 4.955891132354736328e+00 5.904383182525634766e+00
6.702919960021972656e+00 3.525863647460937500e+00 6.702630519866943359e+00 5.945551872253417969e+00 4.934797286987304688e+00 5.900973320007324219e+00
6.699649810791015625e+00 3.561396360397338867e+00 6.699333190917968750e+00 5.939700126647949219e+00 4.887622356414794922e+00 5.899361610412597656e+00
6.695325851440429688e+00 3.603971481323242188e+00 6.694973468780517578e+00 5.932254791259765625e+00 4.824903488159179688e+00 5.896938800811767578e+00
6.692086696624755859e+00 3.781870365142822266e+00 6.691551685333251953e+00 5.921136379241943359e+00 4.740162372589111328e+00 5.891519546508789062e+00
6.689096927642822266e+00 3.767177343368530273e+00 6.688577175140380859e+00 5.905975341796875000e+00 4.656927108764648438e+00 5.880783557891845703e+00
6.686633110046386719e+00 3.754420280456542969e+00 6.686125278472900391e+00 5.887757778167724609e+00 4.611024856567382812e+00 5.864163875579833984e+00
6.684372425079345703e+00 3.874172687530517578e+00 6.683699131011962891e+00 5.869473934173583984e+00 4.567698001861572266e+00 5.847236633300781250e+00
6.681955337524414062e+00 3.912476062774658203e+00 6.681216239929199219e+00 5.851675987243652344e+00 4.522294998168945312e+00 5.830842494964599609e+00
6.680022716522216797e+00 3.972002506256103516e+00 6.679171085357666016e+00 5.832949161529541016e+00 4.469340801239013672e+00 5.813729286193847656e+00
6.678234100341796875e+00 4.058412551879882812e+00 6.677189826965332031e+00 5.814152717590332031e+00 4.440480232238769531e+00 5.795383453369140625e+00
6.677164554595947266e+00 4.142150402069091797e+00 6.675896644592285156e+00 5.784287929534912109e+00 4.414242744445800781e+00 5.765357494354248047e+00
6.675018787384033203e+00 4.125331878662109375e+00 6.673790931701660156e+00 5.762481212615966797e+00 4.279033660888671875e+00 5.747974395751953125e+00
6.672680854797363281e+00 4.183959960937500000e+00 6.671268939971923828e+00 5.738366127014160156e+00 4.204467773437500000e+00 5.725474357604980469e+00
6.670519351959228516e+00 4.132021903991699219e+00 6.669260025024414062e+00 5.715401172637939453e+00 4.150952339172363281e+00 5.703397274017333984e+00
6.667523860931396484e+00 4.033079624176025391e+00 6.666514873504638672e+00 5.695631027221679688e+00 4.038784503936767578e+00 5.685953617095947266e+00
6.666592597961425781e+00 3.931129455566406250e+00 6.665792942047119141e+00 5.657614707946777344e+00 4.115379810333251953e+00 5.644971370697021484e+00
6.667436599731445312e+00 3.941098213195800781e+00 6.666620731353759766e+00 5.599660873413085938e+00 4.053683757781982422e+00 5.587127685546875000e+00
6.667737007141113281e+00 4.093131065368652344e+00 6.666579246520996094e+00 5.540842056274414062e+00 4.093049049377441406e+00 5.525071144104003906e+00
6.666415214538574219e+00 4.214841842651367188e+00 6.664876937866210938e+00 5.494225502014160156e+00 4.058998107910156250e+00 5.477982044219970703e+00
6.663362503051757812e+00 4.223533153533935547e+00 6.661782264709472656e+00 5.466428279876708984e+00 3.896441459655761719e+00 5.454578399658203125e+00
6.659821987152099609e+00 4.251144409179687500e+00 6.658123493194580078e+00 5.426250457763671875e+00 3.848106384277343750e+00 5.414624214172363281e+00
6.656695365905761719e+00 4.284643650054931641e+00 6.654848098754882812e+00 5.368708610534667969e+00 3.776169776916503906e+00 5.357466220855712891e+00
6.655450344085693359e+00 4.237846374511718750e+00 6.653786659240722656e+00 5.272619247436523438e+00 3.686975955963134766e+00 5.261194705963134766e+00
6.652563095092773438e+00 4.343119144439697266e+00 6.650427818298339844e+00 5.185779094696044922e+00 3.577608346939086914e+00 5.174938678741455078e+00
6.648599624633789062e+00 4.408977985382080078e+00 6.646091461181640625e+00 5.112644195556640625e+00 3.575205326080322266e+00 5.099858283996582031e+00
6.643174648284912109e+00 4.429272651672363281e+00 6.640514373779296875e+00 5.024134159088134766e+00 3.497423171997070312e+00 5.011023998260498047e+00
6.636628150939941406e+00 4.557379722595214844e+00 6.632995128631591797e+00 4.910026073455810547e+00 2.930850982666015625e+00 4.905446052551269531e+00
6.626848220825195312e+00 4.615902900695800781e+00 6.622593402862548828e+00 4.851711273193359375e+00 2.951510190963745117e+00 4.846211910247802734e+00
6.616469860076904297e+00 4.623620510101318359e+00 6.612031936645507812e+00 4.793830871582031250e+00 2.640033245086669922e+00 4.790771961212158203e+00
6.606024742126464844e+00 4.608100891113281250e+00 6.601638793945312500e+00 4.732346057891845703e+00 1.967329978942871094e+00 4.731599330902099609e+00
6.595683574676513672e+00 4.550966739654541016e+00 6.591747283935546875e+00 4.646797657012939453e+00 -inf 4.646797657012939453e+00
6.584127902984619141e+00 4.490712642669677734e+00 6.580611705780029297e+00 4.560942649841308594e+00 -inf 4.560942649841308594e+00
6.571786880493164062e+00 4.463109016418457031e+00 6.568392276763916016e+00 4.517466545104980469e+00 -inf 4.517466545104980469e+00
6.560226440429687500e+00 4.549798011779785156e+00 6.555965900421142578e+00 4.489599227905273438e+00 -inf 4.489599227905273438e+00
6.548788070678710938e+00 4.614899158477783203e+00 6.543701648712158203e+00 4.436548233032226562e+00 -inf 4.436548233032226562e+00
6.538135051727294922e+00 4.692578792572021484e+00 6.531893253326416016e+00 4.408080101013183594e+00 -inf 4.408080101013183594e+00
6.528407573699951172e+00 4.731160163879394531e+00 6.521423816680908203e+00 4.379508972167968750e+00 -inf 4.379508972167968750e+00
6.516048908233642578e+00 4.793693065643310547e+00 6.507740497589111328e+00 4.349569320678710938e+00 -inf 4.349569320678710938e+00
6.499817371368408203e+00 4.825657367706298828e+00 6.490521907806396484e+00 4.317036628723144531e+00 -inf 4.317036628723144531e+00
6.478386878967285156e+00 4.842111110687255859e+00 6.468234062194824219e+00 4.283343791961669922e+00 -inf 4.283343791961669922e+00
6.454226970672607422e+00 4.857561588287353516e+00 6.443091869354248047e+00 4.249696731567382812e+00 -inf 4.249696731567382812e+00
6.432435035705566406e+00 4.872200489044189453e+00 6.420312404632568359e+00 4.215932846069335938e+00 -inf 4.215932846069335938e+00
6.413681983947753906e+00 4.916195392608642578e+00 6.399643898010253906e+00 4.181522846221923828e+00 -inf 4.181522846221923828e+00
6.392427921295166016e+00 4.925107002258300781e+00 6.377363681793212891e+00 4.145621776580810547e+00 -inf 4.145621776580810547e+00
6.374612331390380859e+00 4.950307369232177734e+00 6.357948303222656250e+00 4.105394363403320312e+00 -inf 4.105394363403320312e+00
6.356977462768554688e+00 4.918684959411621094e+00 6.340850830078125000e+00 4.061978816986083984e+00 -inf 4.061978816986083984e+00
6.342614650726318359e+00 4.936501502990722656e+00 6.325222969055175781e+00 4.012639999389648438e+00 -inf 4.012639999389648438e+00
6.329729080200195312e+00 4.964088439941406250e+00 6.310600280761718750e+00 3.952832937240600586e+00 -inf 3.952832937240600586e+00
6.316439628601074219e+00 4.987193107604980469e+00 6.295598506927490234e+00 3.946766853332519531e+00 -inf 3.946766853332519531e+00
6.302342414855957031e+00 5.046507835388183594e+00 6.277552604675292969e+00 3.946768760681152344e+00 -inf 3.946768760681152344e+00
6.290779113769531250e+00 5.083049774169921875e+00 6.262989997863769531e+00 3.946770191192626953e+00 -inf 3.946770191192626953e+00
6.279310703277587891e+00 5.106432914733886719e+00 6.249116897583007812e+00 3.946771144866943359e+00 -inf 3.946771144866943359e+00
6.266131401062011719e+00 5.145894050598144531e+00 6.231889724731445312e+00 3.946773052215576172e+00 -inf 3.946773052215576172e+00
6.256102561950683594e+00 5.176664352416992188e+00 6.218337535858154297e+00 3.946774244308471680e+00 -inf 3.946774244308471680e+00
6.246974945068359375e+00 5.205664157867431641e+00 6.205573558807373047e+00 3.946775197982788086e+00 -inf 3.946775197982788086e+00
6.239246845245361328e+00 5.220120429992675781e+00 6.195562839508056641e+00 3.946776628494262695e+00 -inf 3.946776628494262695e+00
6.231911182403564453e+00 5.259527206420898438e+00 6.182973861694335938e+00 3.946777105331420898e+00 -inf 3.946777105331420898e+00
6.226147174835205078e+00 5.281036376953125000e+00 6.173839092254638672e+00 3.946777820587158203e+00 -inf 3.946777820587158203e+00
6.219697475433349609e+00 5.286728858947753906e+00 6.165811061859130859e+00 3.946778535842895508e+00 -inf 3.946778535842895508e+00
6.212765693664550781e+00 5.259214401245117188e+00 6.161527156829833984e+00 3.946779727935791016e+00 -inf 3.946779727935791016e+00
6.204839229583740234e+00 5.272494792938232422e+00 6.150870800018310547e+00 3.946781158447265625e+00 -inf 3.946781158447265625e+00
6.198441505432128906e+00 5.304109096527099609e+00 6.139183521270751953e+00 3.945769071578979492e+00 -inf 3.945769071578979492e+00
6.191657066345214844e+00 5.305605411529541016e+00 6.131175994873046875e+00 3.946782350540161133e+00 -inf 3.946782350540161133e+00
6.184861660003662109e+00 5.297573566436767578e+00 6.124565124511718750e+00 3.946782350540161133e+00 -inf 3.946782350540161133e+00
6.179081439971923828e+00 5.267414569854736328e+00 6.122300624847412109e+00 3.946783065795898438e+00 -inf 3.946783065795898438e+00
6.173385620117187500e+00 5.234152317047119141e+00 6.120320320129394531e+00 3.946783304214477539e+00 -inf 3.946783304214477539e+00
6.165451049804687500e+00 5.222188949584960938e+00 6.112905979156494141e+00 3.946783542633056641e+00 -inf 3.946783542633056641e+00
6.158585071563720703e+00 5.226850032806396484e+00 6.104535102844238281e+00 3.946783781051635742e+00 -inf 3.946783781051635742e+00
6.152725696563720703e+00 5.201328277587890625e+00 6.101215839385986328e+00 3.946784257888793945e+00 -inf 3.946784257888793945e+00
6.145947933197021484e+00 5.145150661468505859e+00 6.100279331207275391e+00 3.946784973144531250e+00 -inf 3.946784973144531250e+00
6.138622760772705078e+00 5.112530708312988281e+00 6.095671176910400391e+00 3.946786642074584961e+00 -inf 3.946786642074584961e+00
6.133939266204833984e+00 5.085057735443115234e+00 6.093288421630859375e+00 3.946787595748901367e+00 -inf 3.946787595748901367e+00
