5.585157871246337891e+00 -inf 5.585157871246337891e+00 6.974642276763916016e+00 5.240874767303466797e+00 6.966551303863525391e+00
5.579482078552246094e+00 -inf 5.579482078552246094e+00 6.974590301513671875e+00 5.265497684478759766e+00 6.966020107269287109e+00
5.574052333831787109e+00 -inf 5.574052333831787109e+00 6.974563121795654297e+00 5.276557445526123047e+00 6.965769767761230469e+00
5.567431926727294922e+00 -inf 5.567431926727294922e+00 6.974489688873291016e+00 5.227187633514404297e+00 6.966648101806640625e+00
5.559950828552246094e+00 -inf 5.559950828552246094e+00 6.976371288299560547e+00 5.240297317504882812e+00 6.968322277069091797e+00
5.550965785980224609e+00 -inf 5.550965785980224609e+00 6.978229999542236328e+00 5.252350330352783203e+00 6.969988346099853516e+00
5.542447090148925781e+00 -inf 5.542447090148925781e+00 6.978516578674316406e+00 5.188902854919433594e+00 6.971408843994140625e+00
5.536656379699707031e+00 -inf 5.536656379699707031e+00 6.978253841400146484e+00 5.037210464477539062e+00 6.973250389099121094e+00
5.534310817718505859e+00 -inf 5.534310817718505859e+00 6.979191303253173828e+00 5.035665988922119141e+00 6.974216461181640625e+00
5.532804965972900391e+00 -inf 5.532804965972900391e+00 6.980001926422119141e+00 4.979152202606201172e+00 6.975646018981933594e+00
5.529337882995605469e+00 -inf 5.529337882995605469e+00 6.980871200561523438e+00 4.902084827423095703e+00 6.977233409881591797e+00
5.529246330261230469e+00 -inf 5.529246330261230469e+00 6.981803417205810547e+00 4.804151058197021484e+00 6.978909015655517578e+00
5.533225536346435547e+00 -inf 5.533225536346435547e+00 6.982410430908203125e+00 4.883285045623779297e+00 6.978940010070800781e+00
5.542789459228515625e+00 -inf 5.542789459228515625e+00 6.982577323913574219e+00 5.077825069427490234e+00 6.977136135101318359e+00
5.555437564849853516e+00 -inf 5.555437564849853516e+00 6.982620239257812500e+00 5.188302993774414062e+00 6.975589752197265625e+00
5.567359447479248047e+00 -inf 5.567359447479248047e+00 6.982649803161621094e+00 5.234967231750488281e+00 6.974815368652343750e+00
5.580311298370361328e+00 -inf 5.580311298370361328e+00 6.982624053955078125e+00 5.317461013793945312e+00 6.973131656646728516e+00
5.592526912689208984e+00 -inf 5.592526912689208984e+00 6.982604980468750000e+00 5.467895984649658203e+00 6.969121932983398438e+00
5.604555130004882812e+00 -inf 5.604555130004882812e+00 6.982570648193359375e+00 5.615260124206542969e+00 6.963517665863037109e+00
5.624032020568847656e+00 -inf 5.624032020568847656e+00 6.981725215911865234e+00 5.779692649841308594e+00 6.953557491302490234e+00
5.647429943084716797e+00 -inf 5.647429943084716797e+00 6.981120109558105469e+00 5.869838237762451172e+00 6.946135044097900391e+00
5.674208164215087891e+00 -inf 5.674208164215087891e+00 6.979838848114013672e+00 5.942910194396972656e+00 6.937997341156005859e+00
5.701756477355957031e+00 -inf 5.701756477355957031e+00 6.978109836578369141e+00 5.988965988159179688e+00 6.931128978729248047e+00
5.738848209381103516e+00 -inf 5.738848209381103516e+00 6.976487159729003906e+00 6.028736114501953125e+00 6.924516201019287109e+00
5.779435634613037109e+00 -inf 5.779435634613037109e+00 6.973185062408447266e+00 6.036720275878906250e+00 6.919758319854736328e+00
5.830609798431396484e+00 -inf 5.830609798431396484e+00 6.969138622283935547e+00 6.027252197265625000e+00 6.916417121887207031e+00
5.902536392211914062e+00 -inf 5.902536392211914062e+00 6.962492465972900391e+00 6.007305622100830078e+00 6.911457538604736328e+00
5.971942424774169922e+00 -inf 5.971942424774169922e+00 6.956278800964355469e+00 5.990081787109375000e+00 6.906597614288330078e+00
6.030510902404785156e+00 -inf 6.030510902404785156e+00 6.950083255767822266e+00 5.979965686798095703e+00 6.900874614715576172e+00
6.083870887756347656e+00 -inf 6.083870887756347656e+00 6.942278861999511719e+00 5.952531814575195312e+00 6.895366668701171875e+00
6.124765872955322266e+00 -inf 6.124765872955322266e+00 6.935542106628417969e+00 5.913271903991699219e+00 6.892189979553222656e+00
6.163426399230957031e+00 -inf 6.163426399230957031e+00 6.929484844207763672e+00 5.899069786071777344e+00 6.886979103088378906e+00
6.212755203247070312e+00 -inf 6.212755203247070312e+00 6.920069694519042969e+00 5.874353408813476562e+00 6.879106998443603516e+00
6.254797458648681641e+00 -inf 6.254797458648681641e+00 6.909848690032958984e+00 5.838537693023681641e+00 6.871337413787841797e+00
6.290234088897705078e+00 -inf 6.290234088897705078e+00 6.901631832122802734e+00 5.818271160125732422e+00 6.864220619201660156e+00
6.319472312927246094e+00 -inf 6.319472312927246094e+00 6.894235610961914062e+00 5.774759769439697266e+00 6.859931468963623047e+00
6.344552516937255859e+00 -inf 6.344552516937255859e+00 6.885294437408447266e+00 5.714030265808105469e+00 6.854984283447265625e+00
6.371434688568115234e+00 -inf 6.371434688568115234e+00 6.877375602722167969e+00 5.689249038696289062e+00 6.848258972167968750e+00
6.397122383117675781e+00 -inf 6.397122383117675781e+00 6.867273807525634766e+00 5.632859230041503906e+00 6.841191291809082031e+00
6.419094085693359375e+00 -inf 6.419094085693359375e+00 6.858747959136962891e+00 5.612949371337890625e+00 6.833360671997070312e+00
6.437529087066650391e+00 -inf 6.437529087066650391e+00 6.851522922515869141e+00 5.593248844146728516e+00 6.826875209808349609e+00
6.453668594360351562e+00 -inf 6.453668594360351562e+00 6.843890666961669922e+00 5.545010089874267578e+00 6.821500778198242188e+00
6.467139720916748047e+00 -inf 6.467139720916748047e+00 6.837767601013183594e+00 5.498742580413818359e+00 6.817401885986328125e+00
6.479182243347167969e+00 -inf 6.479182243347167969e+00 6.832126140594482422e+00 5.424319744110107422e+00 6.814803600311279297e+00
6.491038322448730469e+00 -inf 6.491038322448730469e+00 6.826216220855712891e+00 5.372253417968750000e+00 6.810672283172607422e+00
6.504415988922119141e+00 -inf 6.504415988922119141e+00 6.819400787353515625e+00 5.415772914886474609e+00 6.801907539367675781e+00
6.516441345214843750e+00 -inf 6.516441345214843750e+00 6.810123920440673828e+00 5.359237670898437500e+00 6.794466972351074219e+00
6.526978015899658203e+00 -inf 6.526978015899658203e+00 6.803184032440185547e+00 5.399880409240722656e+00 6.785677433013916016e+00
6.537890434265136719e+00 -inf 6.537890434265136719e+00 6.795736312866210938e+00 5.409258842468261719e+00 6.777523040771484375e+00
6.547690391540527344e+00 -inf 6.547690391540527344e+00 6.788526058197021484e+00 5.427320957183837891e+00 6.769196987152099609e+00
6.560184955596923828e+00 -inf 6.560184955596923828e+00 6.780035018920898438e+00 5.430034637451171875e+00 6.760189056396484375e+00
6.572274208068847656e+00 -inf 6.572274208068847656e+00 6.769479274749755859e+00 5.386348724365234375e+00 6.751121997833251953e+00
6.585220813751220703e+00 -inf 6.585220813751220703e+00 6.758433818817138672e+00 5.401168823242187500e+00 6.738924980163574219e+00
6.598214626312255859e+00 -inf 6.598214626312255859e+00 6.746814250946044922e+00 5.408944129943847656e+00 6.726392745971679688e+00
6.612327098846435547e+00 -inf 6.612327098846435547e+00 6.734368801116943359e+00 5.401370525360107422e+00 6.713711261749267578e+00
6.624477863311767578e+00 -inf 6.624477863311767578e+00 6.721369743347167969e+00 5.385295867919921875e+00 6.700861930847167969e+00
6.635554790496826172e+00 -inf 6.635554790496826172e+00 6.705794334411621094e+00 5.305775642395019531e+00 6.688152313232421875e+00
6.646785736083984375e+00 -inf 6.646785736083984375e+00 6.690997600555419922e+00 5.280493736267089844e+00 6.673784255981445312e+00
6.656150341033935547e+00 -inf 6.656150341033935547e+00 6.677995204925537109e+00 5.292432308197021484e+00 6.659742832183837891e+00
6.663243770599365234e+00 -inf 6.663243770599365234e+00 6.667097091674804688e+00 5.310678482055664062e+00 6.647549152374267578e+00
6.670776367187500000e+00 -inf 6.670776367187500000e+00 6.655566692352294922e+00 5.305148601531982422e+00 6.635740280151367188e+00
6.680592060089111328e+00 -inf 6.680592060089111328e+00 6.641384601593017578e+00 5.302109718322753906e+00 6.621030807495117188e+00
6.690062046051025391e+00 -inf 6.690062046051025391e+00 6.626831531524658203e+00 5.321001529693603516e+00 6.604805946350097656e+00
6.696780681610107422e+00 -inf 6.696780681610107422e+00 6.613524436950683594e+00 5.348943710327148438e+00 6.589242458343505859e+00
6.701939105987548828e+00 -inf 6.701939105987548828e+00 6.602595329284667969e+00 5.355508327484130859e+00 6.577284812927246094e+00
6.706775188446044922e+00 -inf 6.706775188446044922e+00 6.592950820922851562e+00 5.338296413421630859e+00 6.568090915679931641e+00
6.710827350616455078e+00 -inf 6.710827350616455078e+00 6.584760189056396484e+00 5.348888397216796875e+00 6.558768272399902344e+00
6.714824676513671875e+00 -inf 6.714824676513671875e+00 6.576988697052001953e+00 5.340874671936035156e+00 6.551011085510253906e+00
6.718266010284423828e+00 -inf 6.718266010284423828e+00 6.569416522979736328e+00 5.368489265441894531e+00 6.541173934936523438e+00
6.722145080566406250e+00 -inf 6.722145080566406250e+00 6.559867382049560547e+00 5.383638858795166016e+00 6.529914379119873047e+00
6.725052356719970703e+00 -inf 6.725052356719970703e+00 6.552505493164062500e+00 5.410662651062011719e+00 6.519989013671875000e+00
6.728657722473144531e+00 -inf 6.728657722473144531e+00 6.544038772583007812e+00 5.434443473815917969e+00 6.508912563323974609e+00
6.732451438903808594e+00 -inf 6.732451438903808594e+00 6.533224105834960938e+00 5.391703605651855469e+00 6.500683307647705078e+00
6.736210823059082031e+00 -inf 6.736210823059082031e+00 6.521839618682861328e+00 5.358202457427978516e+00 6.490972995758056641e+00
6.738545894622802734e+00 -inf 6.738545894622802734e+00 6.511701583862304688e+00 5.311256885528564453e+00 6.483427047729492188e+00
6.741870403289794922e+00 -inf 6.741870403289794922e+00 6.499988079071044922e+00 5.259909152984619141e+00 6.474253654479980469e+00
6.744170188903808594e+00 -inf 6.744170188903808594e+00 6.488282203674316406e+00 5.175515651702880859e+00 6.466615200042724609e+00
6.746653556823730469e+00 -inf 6.746653556823730469e+00 6.475550174713134766e+00 5.110625267028808594e+00 6.456389904022216797e+00
6.748929500579833984e+00 -inf 6.748929500579833984e+00 6.462820529937744141e+00 5.043650627136230469e+00 6.445953845977783203e+00
6.749582290649414062e+00 -inf 6.749582290649414062e+00 6.453172206878662109e+00 5.038278579711914062e+00 6.436135292053222656e+00
6.750390529632568359e+00 2.888590097427368164e+00 6.750330448150634766e+00 6.443739414215087891e+00 5.050370693206787109e+00 6.425819396972656250e+00
6.752038955688476562e+00 2.558137893676757812e+00 6.752011775970458984e+00 6.433223247528076172e+00 5.071047306060791016e+00 6.413938522338867188e+00
6.755567073822021484e+00 2.980286121368408203e+00 6.755494594573974609e+00 6.418548583984375000e+00 5.019369125366210938e+00 6.400871753692626953e+00
6.760830402374267578e+00 3.415830612182617188e+00 6.760633945465087891e+00 6.398918628692626953e+00 5.006344318389892578e+00 6.380964756011962891e+00
6.765655040740966797e+00 2.765146493911743164e+00 6.765611648559570312e+00 6.380153179168701172e+00 5.039362430572509766e+00 6.359872341156005859e+00
6.767594814300537109e+00 3.351175546646118164e+00 6.767428874969482422e+00 6.367513179779052734e+00 5.027285575866699219e+00 6.347205162048339844e+00
6.769087314605712891e+00 3.507375478744506836e+00 6.768849849700927734e+00 6.354767322540283203e+00 4.993847370147705078e+00 6.335425376892089844e+00
6.770040988922119141e+00 3.623722076416015625e+00 6.769731044769287109e+00 6.342045307159423828e+00 4.981333255767822266e+00 6.322694301605224609e+00
6.770304679870605469e+00 3.642057418823242188e+00 6.769981384277343750e+00 6.331272125244140625e+00 4.977340698242187500e+00 6.311609268188476562e+00
6.770278930664062500e+00 3.677859544754028320e+00 6.769927501678466797e+00 6.321989059448242188e+00 4.997776985168457031e+00 6.300899028778076172e+00
6.769791126251220703e+00 3.681537389755249023e+00 6.769436359405517578e+00 6.313578605651855469e+00 5.008114337921142578e+00 6.291534423828125000e+00
6.769061088562011719e+00 3.700040817260742188e+00 6.768690586090087891e+00 6.304895877838134766e+00 5.029908657073974609e+00 6.281204700469970703e+00
6.767702579498291016e+00 3.683347702026367188e+00 6.767344474792480469e+00 6.297335147857666016e+00 5.061623573303222656e+00 6.271333217620849609e+00
6.766892433166503906e+00 3.761656045913696289e+00 6.766463279724121094e+00 6.287904262542724609e+00 5.047266006469726562e+00 6.262204647064208984e+00
6.766971588134765625e+00 3.628676652908325195e+00 6.766655921936035156e+00 6.274183273315429688e+00 5.037322998046875000e+00 6.248251914978027344e+00
6.765325546264648438e+00 3.536873817443847656e+00 6.765069007873535156e+00 6.260396957397460938e+00 5.011939525604248047e+00 6.235169410705566406e+00
6.761874198913574219e+00 3.684159994125366211e+00 6.761511325836181641e+00 6.249764442443847656e+00 4.960299491882324219e+00 6.226870536804199219e+00
6.758980274200439453e+00 3.584747076034545898e+00 6.758689403533935547e+00 6.242123126983642578e+00 4.962131500244140625e+00 6.218710899353027344e+00
6.757272243499755859e+00 3.629181861877441406e+00 6.756947994232177734e+00 6.231897830963134766e+00 4.941615104675292969e+00 6.209047794342041016e+00
6.755704402923583984e+00 3.529824256896972656e+00 6.755446434020996094e+00 6.222435474395751953e+00 4.967265605926513672e+00 6.197605609893798828e+00
6.752828121185302734e+00 3.663488864898681641e+00 6.752473831176757812e+00 6.215050220489501953e+00 4.947817325592041016e+00 6.190920352935791016e+00
6.750371932983398438e+00 3.889101743698120117e+00 6.749773502349853516e+00 6.208537101745605469e+00 4.929382324218750000e+00 6.185078620910644531e+00
6.748785495758056641e+00 4.000800609588623047e+00 6.748008728027343750e+00 6.201313972473144531e+00 4.882716178894042969e+00 6.179943084716796875e+00
6.746722698211669922e+00 3.641511440277099609e+00 6.746381759643554688e+00 6.197382450103759766e+00 4.806114196777343750e+00 6.179373264312744141e+00
6.744580268859863281e+00 3.774421453475952148e+00 6.744114875793457031e+00 6.192925453186035156e+00 4.799823760986328125e+00 6.174993991851806641e+00
6.742479324340820312e+00 4.083792209625244141e+00 6.741525173187255859e+00 6.187804222106933594e+00 4.753104209899902344e+00 6.171541690826416016e+00
6.740523338317871094e+00 4.025790691375732422e+00 6.739685058593750000e+00 6.181081771850585938e+00 4.577609062194824219e+00 6.170122623443603516e+00
6.737721443176269531e+00 3.988132238388061523e+00 6.736948013305664062e+00 6.178084850311279297e+00 4.542520046234130859e+00 6.167915821075439453e+00
6.733973979949951172e+00 4.222218513488769531e+00 6.732635021209716797e+00 6.175692081451416016e+00 4.558351516723632812e+00 6.165081501007080078e+00
6.730490684509277344e+00 4.371531486511230469e+00 6.728586196899414062e+00 6.173781394958496094e+00 4.472901821136474609e+00 6.165046215057373047e+00
6.727810859680175781e+00 4.447204113006591797e+00 6.725529193878173828e+00 6.171031475067138672e+00 4.461261272430419922e+00 6.162475109100341797e+00
6.725240230560302734e+00 4.479703903198242188e+00 6.722765445709228516e+00 6.168219566345214844e+00 4.292268753051757812e+00 6.162402153015136719e+00
6.722159385681152344e+00 4.451866626739501953e+00 6.719821929931640625e+00 6.165819168090820312e+00 4.110071182250976562e+00 6.161982059478759766e+00
6.719331741333007812e+00 4.498116016387939453e+00 6.716714382171630859e+00 6.162863254547119141e+00 3.937146663665771484e+00 6.160273075103759766e+00
6.716095447540283203e+00 4.533993244171142578e+00 6.713230133056640625e+00 6.160301685333251953e+00 3.956454277038574219e+00 6.157577037811279297e+00
6.713412761688232422e+00 4.587617874145507812e+00 6.710149765014648438e+00 6.156817436218261719e+00 4.041903495788574219e+00 6.153471469879150391e+00
6.709444046020507812e+00 4.596601486206054688e+00 6.706081867218017578e+00 6.153124332427978516e+00 4.107791423797607422e+00 6.149193763732910156e+00
6.703989505767822266e+00 4.667119979858398438e+00 6.699982166290283203e+00 6.147626876831054688e+00 4.240563392639160156e+00 6.142214298248291016e+00
6.699967384338378906e+00 4.738529682159423828e+00 6.695194721221923828e+00 6.139466285705566406e+00 4.330799102783203125e+00 6.132666110992431641e+00
6.696412086486816406e+00 4.815041542053222656e+00 6.690666675567626953e+00 6.131881237030029297e+00 4.337215423583984375e+00 6.124856472015380859e+00
6.690453529357910156e+00 4.726925849914550781e+00 6.685704231262207031e+00 6.125068187713623047e+00 4.408133506774902344e+00 6.116653442382812500e+00
6.683929920196533203e+00 4.730327129364013672e+00 6.679070472717285156e+00 6.118698120117187500e+00 4.514864921569824219e+00 6.107748031616210938e+00
6.678023338317871094e+00 4.721054077148437500e+00 6.673201560974121094e+00 6.112265110015869141e+00 4.604709148406982422e+00 6.098554134368896484e+00
6.667482852935791016e+00 4.583498477935791016e+00 6.663887977600097656e+00 6.116241931915283203e+00 4.762734889984130859e+00 6.096559047698974609e+00
6.656447410583496094e+00 4.468901157379150391e+00 6.653617858886718750e+00 6.122457981109619141e+00 4.848591327667236328e+00 6.098703861236572266e+00
6.648165225982666016e+00 4.305792331695556641e+00 6.646186351776123047e+00 6.124464988708496094e+00 4.898632526397705078e+00 6.097845554351806641e+00
6.642340183258056641e+00 4.147978782653808594e+00 6.640946388244628906e+00 6.121405601501464844e+00 4.928871631622314453e+00 6.092593669891357422e+00
6.638299942016601562e+00 4.172079086303710938e+00 6.636813640594482422e+00 6.118244171142578125e+00 4.934900283813476562e+00 6.088793754577636719e+00
6.635278701782226562e+00 4.330770015716552734e+00 6.633118629455566406e+00 6.113805770874023438e+00 4.955265998840332031e+00 6.082561492919921875e+00
6.632623195648193359e+00 4.310763835906982422e+00 6.630548477172851562e+00 6.104507446289062500e+00 4.923459529876708984e+00 6.074895381927490234e+00
6.629655361175537109e+00 4.130441665649414062e+00 6.628277301788330078e+00 6.099213123321533203e+00 4.945103168487548828e+00 6.067636489868164062e+00
6.627342224121093750e+00 4.025285720825195312e+00 6.626254558563232422e+00 6.092910766601562500e+00 4.946626186370849609e+00 6.060738086700439453e+00
6.625541687011718750e+00 3.619544982910156250e+00 6.625113010406494141e+00 6.084365844726562500e+00 4.857070446014404297e+00 6.057838916778564453e+00
6.624641418457031250e+00 2.886281251907348633e+00 6.624562263488769531e+00 6.076891422271728516e+00 4.697331428527832031e+00 6.058379650115966797e+00
6.623869419097900391e+00 3.468310117721557617e+00 6.623565673828125000e+00 6.071491241455078125e+00 4.510742664337158203e+00 6.059383392333984375e+00
6.623462677001953125e+00 3.352974891662597656e+00 6.623229503631591797e+00 6.064488410949707031e+00 4.354178905487060547e+00 6.055943012237548828e+00
6.623304843902587891e+00 2.931518554687500000e+00 6.623216152191162109e+00 6.057122707366943359e+00 4.224304676055908203e+00 6.050693511962890625e+00
6.623915195465087891e+00 -inf 6.623915195465087891e+00 6.047364711761474609e+00 4.229326725006103516e+00 6.040711402893066406e+00
6.623939990997314453e+00 2.864050865173339844e+00 6.623864173889160156e+00 6.038632392883300781e+00 4.348897457122802734e+00 6.029667854309082031e+00
6.623512744903564453e+00 2.674916505813598633e+00 6.623463630676269531e+00 6.029329299926757812e+00 4.355469226837158203e+00 6.020027160644531250e+00
6.623815059661865234e+00 3.403260469436645508e+00 6.623553276062011719e+00 6.014353275299072266e+00 4.353488922119140625e+00 6.004765987396240234e+00
6.623792171478271484e+00 3.572433471679687500e+00 6.623406410217285156e+00 5.996978759765625000e+00 4.202797889709472656e+00 5.989946365356445312e+00
6.622080326080322266e+00 3.778969049453735352e+00 6.621456623077392578e+00 5.982716560363769531e+00 4.242735862731933594e+00 5.974740982055664062e+00
6.619421482086181641e+00 4.009057521820068359e+00 6.618355274200439453e+00 5.969464302062988281e+00 4.374014377593994141e+00 5.958298206329345703e+00
6.615439414978027344e+00 4.014285564422607422e+00 6.614349842071533203e+00 5.958359241485595703e+00 4.458183765411376953e+00 5.944409370422363281e+00
6.610768795013427734e+00 3.906958103179931641e+00 6.609909057617187500e+00 5.947072505950927734e+00 4.443529129028320312e+00 5.933232307434082031e+00
6.606565475463867188e+00 3.788018941879272461e+00 6.605905532836914062e+00 5.938488483428955078e+00 4.406688213348388672e+00 5.925533294677734375e+00
6.604896545410156250e+00 3.768801927566528320e+00 6.604261875152587891e+00 5.927785873413085938e+00 4.434210777282714844e+00 5.913619041442871094e+00
6.603511333465576172e+00 3.572206258773803711e+00 6.603106975555419922e+00 5.920591354370117188e+00 4.431575775146484375e+00 5.906272411346435547e+00
6.602180957794189453e+00 3.557770252227783203e+00 6.601788520812988281e+00 5.912764549255371094e+00 4.390402793884277344e+00 5.899519920349121094e+00
6.601523876190185547e+00 3.749579906463623047e+00 6.600912570953369141e+00 5.899714469909667969e+00 4.377296447753906250e+00 5.886472225189208984e+00
6.599924564361572266e+00 3.895774364471435547e+00 6.599065303802490234e+00 5.887164592742919922e+00 4.288272857666015625e+00 5.876087188720703125e+00
6.596824169158935547e+00 3.877923250198364258e+00 6.595993041992187500e+00 5.880626678466796875e+00 4.075196743011474609e+00 5.873775482177734375e+00
6.594041347503662109e+00 3.983400583267211914e+00 6.592975616455078125e+00 5.880754470825195312e+00 4.159873962402343750e+00 5.872416019439697266e+00
6.591600418090820312e+00 3.898005247116088867e+00 6.590719699859619141e+00 5.876773834228515625e+00 4.203077793121337891e+00 5.867468833923339844e+00
6.589772224426269531e+00 3.744549989700317383e+00 6.589151859283447266e+00 5.867955684661865234e+00 4.203941345214843750e+00 5.858438014984130859e+00
6.588182926177978516e+00 3.678546428680419922e+00 6.587647914886474609e+00 5.858263015747070312e+00 4.382000446319580078e+00 5.843510150909423828e+00
6.585403919219970703e+00 3.604788303375244141e+00 6.584949493408203125e+00 5.849881172180175781e+00 4.248952388763427734e+00 5.838856697082519531e+00
6.581136703491210938e+00 3.657674074172973633e+00 6.580618858337402344e+00 5.842386245727539062e+00 4.131529808044433594e+00 5.833851814270019531e+00
6.576657772064208984e+00 3.682094335556030273e+00 6.576103687286376953e+00 5.829287528991699219e+00 4.167719841003417969e+00 5.819715499877929688e+00
6.572380065917968750e+00 3.758780956268310547e+00 6.571712017059326172e+00 5.817228794097900391e+00 4.196305751800537109e+00 5.806706905364990234e+00
6.567127227783203125e+00 3.614248275756835938e+00 6.566642761230468750e+00 5.805787086486816406e+00 4.185777664184570312e+00 5.795242309570312500e+00
6.562667846679687500e+00 3.385849237442016602e+00 6.562378406524658203e+00 5.791275501251220703e+00 4.013138771057128906e+00 5.783975601196289062e+00
6.560934066772460938e+00 3.589715957641601562e+00 6.560469627380371094e+00 5.773145675659179688e+00 3.962991237640380859e+00 5.766368865966796875e+00
6.560533046722412109e+00 3.518083333969116211e+00 6.560138702392578125e+00 5.750148773193359375e+00 3.822544097900390625e+00 5.744987487792968750e+00
6.560407638549804688e+00 3.196906805038452148e+00 6.560219764709472656e+00 5.724442481994628906e+00 3.811684370040893555e+00 5.719100475311279297e+00
6.557640075683593750e+00 3.669222593307495117e+00 6.557078361511230469e+00 5.704960346221923828e+00 3.606479167938232422e+00 5.701484203338623047e+00
6.552794456481933594e+00 3.909783840179443359e+00 6.551805496215820312e+00 5.680078029632568359e+00 3.781283617019653320e+00 5.674560546875000000e+00
6.548701286315917969e+00 4.070537090301513672e+00 6.547254562377929688e+00 5.653419494628906250e+00 3.836681365966796875e+00 5.646745681762695312e+00
6.543862819671630859e+00 4.184076786041259766e+00 6.541962146759033203e+00 5.637763023376464844e+00 3.739779233932495117e+00 5.632235050201416016e+00
6.538823604583740234e+00 4.185081481933593750e+00 6.536895751953125000e+00 5.623243808746337891e+00 3.435064554214477539e+00 5.620419025421142578e+00
6.532558917999267578e+00 4.087731838226318359e+00 6.530996322631835938e+00 5.610118389129638672e+00 3.288493156433105469e+00 5.608042240142822266e+00
6.525153160095214844e+00 4.110151290893554688e+00 6.523479461669921875e+00 5.598850250244140625e+00 -inf 5.598850250244140625e+00
6.518862724304199219e+00 3.799182653427124023e+00 6.518033981323242188e+00 5.581578731536865234e+00 2.585016012191772461e+00 5.581140995025634766e+00
6.513351917266845703e+00 3.599266767501831055e+00 6.512822151184082031e+00 5.560410022735595703e+00 -inf 5.560410022735595703e+00
6.508127689361572266e+00 3.442518234252929688e+00 6.507754325866699219e+00 5.542605400085449219e+00 -inf 5.542605400085449219e+00
6.504190921783447266e+00 3.498862028121948242e+00 6.503762245178222656e+00 5.519311904907226562e+00 -inf 5.519311904907226562e+00
6.502030849456787109e+00 3.629387855529785156e+00 6.501448154449462891e+00 5.489623546600341797e+00 -inf 5.489623546600341797e+00
6.500481605529785156e+00 3.466879367828369141e+00 6.500079631805419922e+00 5.453867435455322266e+00 -inf 5.453867435455322266e+00
6.498664379119873047e+00 3.446735143661499023e+00 6.498279094696044922e+00 5.419717311859130859e+00 -inf 5.419717311859130859e+00
6.497478008270263672e+00 3.236088991165161133e+00 6.497240066528320312e+00 5.358684539794921875e+00 -inf 5.358684539794921875e+00
6.494377613067626953e+00 3.225997447967529297e+00 6.494143009185791016e+00 5.303040981292724609e+00 -inf 5.303040981292724609e+00
6.489394664764404297e+00 3.374841213226318359e+00 6.489060878753662109e+00 5.243131160736083984e+00 -inf 5.243131160736083984e+00
6.483329296112060547e+00 3.577365636825561523e+00 6.482789516448974609e+00 5.194297790527343750e+00 -inf 5.194297790527343750e+00
6.476207733154296875e+00 2.919562101364135742e+00 6.476087093353271484e+00 5.095071792602539062e+00 -inf 5.095071792602539062e+00
6.464317798614501953e+00 -inf 6.464317798614501953e+00 5.036273479461669922e+00 -inf 5.036273479461669922e+00
6.445837020874023438e+00 2.568721771240234375e+00 6.445779323577880859e+00 4.998260498046875000e+00 -inf 4.998260498046875000e+00
6.423670768737792969e+00 -inf 6.423670768737792969e+00 4.962698936462402344e+00 -inf 4.962698936462402344e+00
6.399904251098632812e+00 2.757665872573852539e+00 6.399805068969726562e+00 4.929617881774902344e+00 -inf 4.929617881774902344e+00
6.375831127166748047e+00 -inf 6.375831127166748047e+00 4.895857810974121094e+00 -inf 4.895857810974121094e+00
6.353219032287597656e+00 -inf 6.353219032287597656e+00 4.821009635925292969e+00 -inf 4.821009635925292969e+00
6.330972671508789062e+00 2.569316387176513672e+00 6.330897331237792969e+00 4.735642910003662109e+00 -inf 4.735642910003662109e+00
6.307433605194091797e+00 2.898275375366210938e+00 6.307264804840087891e+00 4.650371551513671875e+00 -inf 4.650371551513671875e+00
6.280090332031250000e+00 2.560005426406860352e+00 6.280007839202880859e+00 4.571788311004638672e+00 -inf 4.571788311004638672e+00
6.247144699096679688e+00 2.565649986267089844e+00 6.247054100036621094e+00 4.544927120208740234e+00 -inf 4.544927120208740234e+00
6.214263439178466797e+00 2.572250366210937500e+00 6.214164733886718750e+00 4.539501667022705078e+00 -inf 4.539501667022705078e+00
6.185006618499755859e+00 -inf 6.185006618499755859e+00 4.532300472259521484e+00 -inf 4.532300472259521484e+00
6.156228542327880859e+00 -inf 6.156228542327880859e+00 4.525737285614013672e+00 -inf 4.525737285614013672e+00
6.125786781311035156e+00 -inf 6.125786781311035156e+00 4.517076969146728516e+00 -inf 4.517076969146728516e+00
6.089840412139892578e+00 2.580600738525390625e+00 6.089705944061279297e+00 4.510947227478027344e+00 -inf 4.510947227478027344e+00
6.055322170257568359e+00 3.180583000183105469e+00 6.054742336273193359e+00 4.500052928924560547e+00 -inf 4.500052928924560547e+00
6.020802974700927734e+00 3.240219831466674805e+00 6.020082473754882812e+00 4.488428592681884766e+00 -inf 4.488428592681884766e+00
5.984594821929931641e+00 2.883659124374389648e+00 5.984250068664550781e+00 4.473296165466308594e+00 -inf 4.473296165466308594e+00
5.937351226806640625e+00 3.277189493179321289e+00 5.936400413513183594e+00 4.459704875946044922e+00 -inf 4.459704875946044922e+00
5.879825592041015625e+00 -inf 5.879825592041015625e+00 4.441943645477294922e+00 -inf 4.441943645477294922e+00
5.840690612792968750e+00 2.625068426132202148e+00 5.840426445007324219e+00 4.428717136383056641e+00 -inf 4.428717136383056641e+00
5.804718017578125000e+00 2.888195037841796875e+00 5.804191589355468750e+00 4.420917510986328125e+00 -inf 4.420917510986328125e+00
5.774238109588623047e+00 2.880076885223388672e+00 5.773683547973632812e+00 4.399049282073974609e+00 -inf 4.399049282073974609e+00
5.736768245697021484e+00 2.893458843231201172e+00 5.736145019531250000e+00 4.375313282012939453e+00 -inf 4.375313282012939453e+00
5.704878330230712891e+00 2.565691709518432617e+00 5.704563140869140625e+00 4.348915100097656250e+00 -inf 4.348915100097656250e+00
5.675550937652587891e+00 -inf 5.675550937652587891e+00 4.325267791748046875e+00 -inf 4.325267791748046875e+00
5.655247211456298828e+00 -inf 5.655247211456298828e+00 4.310132503509521484e+00 -inf 4.310132503509521484e+00
5.635449886322021484e+00 -inf 5.635449886322021484e+00 4.291523456573486328e+00 -inf 4.291523456573486328e+00
5.601064205169677734e+00 -inf 5.601064205169677734e+00 4.269579410552978516e+00 -inf 4.269579410552978516e+00
5.569962024688720703e+00 -inf 5.569962024688720703e+00 4.263923168182373047e+00 -inf 4.263923168182373047e+00
5.522153854370117188e+00 -inf 5.522153854370117188e+00 4.265636920928955078e+00 -inf 4.265636920928955078e+00
5.470989227294921875e+00 -inf 5.470989227294921875e+00 4.265201091766357422e+00 -inf 4.265201091766357422e+00
5.428956985473632812e+00 2.559998989105224609e+00 5.428369522094726562e+00 4.264977931976318359e+00 -inf 4.264977931976318359e+00
5.398279666900634766e+00 -inf 5.398279666900634766e+00 4.264978885650634766e+00 -inf 4.264978885650634766e+00
5.352481842041015625e+00 -inf 5.352481842041015625e+00 4.264979362487792969e+00 -inf 4.264979362487792969e+00
5.313172817230224609e+00 -inf 5.313172817230224609e+00 4.264979839324951172e+00 -inf 4.264979839324951172e+00
5.273497581481933594e+00 -inf 5.273497581481933594e+00 4.264980316162109375e+00 -inf 4.264980316162109375e+00
5.228693485260009766e+00 -inf 5.228693485260009766e+00 4.264980792999267578e+00 -inf 4.264980792999267578e+00
5.184346199035644531e+00 -inf 5.184346199035644531e+00 4.264981269836425781e+00 -inf 4.264981269836425781e+00
5.139431953430175781e+00 -inf 5.139431953430175781e+00 4.264981269836425781e+00 -inf 4.264981269836425781e+00
5.090805530548095703e+00 -inf 5.090805530548095703e+00 4.264981746673583984e+00 -inf 4.264981746673583984e+00
5.022840023040771484e+00 -inf 5.022840023040771484e+00 4.264982223510742188e+00 -inf 4.264982223510742188e+00
4.974536895751953125e+00 -inf 4.974536895751953125e+00 4.264982223510742188e+00 -inf 4.264982223510742188e+00
4.930160999298095703e+00 -inf 4.930160999298095703e+00 4.264982700347900391e+00 -inf 4.264982700347900391e+00
4.895442008972167969e+00 -inf 4.895442008972167969e+00 4.264983177185058594e+00 -inf 4.264983177185058594e+00
4.856847286224365234e+00 -inf 4.856847286224365234e+00 4.264983177185058594e+00 -inf 4.264983177185058594e+00
4.791111469268798828e+00 -inf 4.791111469268798828e+00 4.264983177185058594e+00 -inf 4.264983177185058594e+00
4.723927021026611328e+00 -inf 4.723927021026611328e+00 4.264983654022216797e+00 -inf 4.264983654022216797e+00
4.647438049316406250e+00 -inf 4.647438049316406250e+00 4.264983654022216797e+00 -inf 4.264983654022216797e+00
4.580018997192382812e+00 -inf 4.580018997192382812e+00 4.264983654022216797e+00 -inf 4.264983654022216797e+00
4.541127204895019531e+00 -inf 4.541127204895019531e+00 4.264984130859375000e+00 -inf 4.264984130859375000e+00
4.386816501617431641e+00 -inf 4.386816501617431641e+00 4.264984130859375000e+00 -inf 4.264984130859375000e+00
4.332046031951904297e+00 -inf 4.332046031951904297e+00 4.264984607696533203e+00 -inf 4.264984607696533203e+00
4.286838054656982422e+00 -inf 4.286838054656982422e+00 4.264984607696533203e+00 -inf 4.264984607696533203e+00
4.267043113708496094e+00 -inf 4.267043113708496094e+00 4.264984607696533203e+00 -inf 4.264984607696533203e+00
4.267043590545654297e+00 -inf 4.267043590545654297e+00 4.264984607696533203e+00 -inf 4.264984607696533203e+00
4.267043113708496094e+00 -inf 4.267043113708496094e+00 4.264984607696533203e+00 -inf 4.264984607696533203e+00
4.267043113708496094e+00 -inf 4.267043113708496094e+00 4.264984607696533203e+00 -inf 4.264984607696533203e+00
4.267043113708496094e+00 -inf 4.267043113708496094e+00 4.264984130859375000e+00 -inf 4.264984130859375000e+00
4.267043113708496094e+00 -inf 4.267043113708496094e+00 4.264984130859375000e+00 -inf 4.264984130859375000e+00
4.267043113708496094e+00 -inf 4.267043113708496094e+00 4.264984130859375000e+00 -inf 4.264984130859375000e+00
4.267043113708496094e+00 -inf 4.267043113708496094e+00 4.264984130859375000e+00 -inf 4.264984130859375000e+00
4.267042636871337891e+00 -inf 4.267042636871337891e+00 4.264984130859375000e+00 -inf 4.264984130859375000e+00
4.267042636871337891e+00 -inf 4.267042636871337891e+00 4.264984130859375000e+00 -inf 4.264984130859375000e+00
