5.928077697753906250e+00 -inf 5.928077697753906250e+00 6.923308849334716797e+00 5.624945163726806641e+00 6.900891304016113281e+00
5.940585136413574219e+00 -inf 5.940585136413574219e+00 6.921143054962158203e+00 5.623570919036865234e+00 6.898683547973632812e+00
5.959920883178710938e+00 -inf 5.959920883178710938e+00 6.917981147766113281e+00 5.618185043334960938e+00 6.895639896392822266e+00
5.980127811431884766e+00 -inf 5.980127811431884766e+00 6.913152217864990234e+00 5.589364051818847656e+00 6.892041206359863281e+00
6.003739356994628906e+00 -inf 6.003739356994628906e+00 6.908468246459960938e+00 5.571830749511718750e+00 6.887987136840820312e+00
6.029857635498046875e+00 -inf 6.029857635498046875e+00 6.903348922729492188e+00 5.539896965026855469e+00 6.884121894836425781e+00
6.051784038543701172e+00 -inf 6.051784038543701172e+00 6.898733615875244141e+00 5.506273746490478516e+00 6.880775451660156250e+00
6.071458816528320312e+00 -inf 6.071458816528320312e+00 6.895386219024658203e+00 5.444569110870361328e+00 6.879726886749267578e+00
6.091156482696533203e+00 -inf 6.091156482696533203e+00 6.895628929138183594e+00 5.408102512359619141e+00 6.881259918212890625e+00
6.109749317169189453e+00 -inf 6.109749317169189453e+00 6.896909713745117188e+00 5.389220237731933594e+00 6.883203506469726562e+00
6.129594326019287109e+00 -inf 6.129594326019287109e+00 6.898330688476562500e+00 5.378380775451660156e+00 6.885011672973632812e+00
6.148728847503662109e+00 -inf 6.148728847503662109e+00 6.902256011962890625e+00 5.386008739471435547e+00 6.888821125030517578e+00
6.166147708892822266e+00 -inf 6.166147708892822266e+00 6.909101486206054688e+00 5.485986232757568359e+00 6.892390727996826172e+00
6.184026241302490234e+00 -inf 6.184026241302490234e+00 6.914927005767822266e+00 5.601019859313964844e+00 6.893318176269531250e+00
6.201384067535400391e+00 -inf 6.201384067535400391e+00 6.918227672576904297e+00 5.687721729278564453e+00 6.891901969909667969e+00
6.218660354614257812e+00 -inf 6.218660354614257812e+00 6.916615486145019531e+00 5.771975994110107422e+00 6.884316444396972656e+00
6.234986305236816406e+00 -inf 6.234986305236816406e+00 6.914577484130859375e+00 5.859874248504638672e+00 6.874493598937988281e+00
6.251604080200195312e+00 2.653663873672485352e+00 6.251494407653808594e+00 6.912450313568115234e+00 5.955637931823730469e+00 6.861617565155029297e+00
6.267575263977050781e+00 2.939977645874023438e+00 6.267370700836181641e+00 6.909600734710693359e+00 6.066257476806640625e+00 6.842360496520996094e+00
6.283609867095947266e+00 3.240997314453125000e+00 6.283215999603271484e+00 6.906089305877685547e+00 6.156976222991943359e+00 6.820859909057617188e+00
6.302898406982421875e+00 3.409645080566406250e+00 6.302342891693115234e+00 6.902323246002197266e+00 6.191923141479492188e+00 6.808224201202392578e+00
6.320156574249267578e+00 3.417596578598022461e+00 6.319612979888916016e+00 6.897915363311767578e+00 6.227561950683593750e+00 6.793546676635742188e+00
6.333603382110595703e+00 3.661283969879150391e+00 6.332678794860839844e+00 6.893879413604736328e+00 6.252449512481689453e+00 6.781308650970458984e+00
6.360701084136962891e+00 3.551966190338134766e+00 6.360025882720947266e+00 6.886621475219726562e+00 6.273408889770507812e+00 6.765337467193603516e+00
6.385635375976562500e+00 3.528661251068115234e+00 6.385031700134277344e+00 6.877868652343750000e+00 6.268002510070800781e+00 6.755501270294189453e+00
6.406579494476318359e+00 3.313588380813598633e+00 6.406229019165039062e+00 6.870217800140380859e+00 6.257802486419677734e+00 6.748676300048828125e+00
6.435507297515869141e+00 3.097850561141967773e+00 6.435307502746582031e+00 6.858619689941406250e+00 6.233633041381835938e+00 6.741061687469482422e+00
6.468835353851318359e+00 -inf 6.468835353851318359e+00 6.845806598663330078e+00 6.202011108398437500e+00 6.733933925628662109e+00
6.499925613403320312e+00 3.195039272308349609e+00 6.499710083007812500e+00 6.832506656646728516e+00 6.170744419097900391e+00 6.725774288177490234e+00
6.525712013244628906e+00 3.427042245864868164e+00 6.525365352630615234e+00 6.818714618682861328e+00 6.149369239807128906e+00 6.714071750640869141e+00
6.547423362731933594e+00 2.766760587692260742e+00 6.547351360321044922e+00 6.806153774261474609e+00 6.115856170654296875e+00 6.707048416137695312e+00
6.567111015319824219e+00 2.272472858428955078e+00 6.567089080810546875e+00 6.795076370239257812e+00 6.094077110290527344e+00 6.698672294616699219e+00
6.580071926116943359e+00 -inf 6.580071926116943359e+00 6.786493301391601562e+00 6.064859867095947266e+00 6.695068836212158203e+00
6.591414451599121094e+00 -inf 6.591414451599121094e+00 6.777115345001220703e+00 6.016856193542480469e+00 6.694265365600585938e+00
6.605507373809814453e+00 -inf 6.605507373809814453e+00 6.767697811126708984e+00 5.983075141906738281e+00 6.689799308776855469e+00
6.617774009704589844e+00 -inf 6.617774009704589844e+00 6.759013175964355469e+00 5.936444759368896484e+00 6.688195228576660156e+00
6.628128528594970703e+00 -inf 6.628128528594970703e+00 6.748340606689453125e+00 5.874718189239501953e+00 6.685970783233642578e+00
6.637098312377929688e+00 -inf 6.637098312377929688e+00 6.741024971008300781e+00 5.846702575683593750e+00 6.681765556335449219e+00
6.645434379577636719e+00 -inf 6.645434379577636719e+00 6.730973243713378906e+00 5.806994915008544922e+00 6.675885200500488281e+00
6.653488636016845703e+00 -inf 6.653488636016845703e+00 6.722222328186035156e+00 5.780854225158691406e+00 6.669433593750000000e+00
6.661547183990478516e+00 -inf 6.661547183990478516e+00 6.713917255401611328e+00 5.763377666473388672e+00 6.662300109863281250e+00
6.669446945190429688e+00 -inf 6.669446945190429688e+00 6.703847408294677734e+00 5.723531723022460938e+00 6.655846595764160156e+00
6.677337646484375000e+00 2.271131038665771484e+00 6.677320480346679688e+00 6.693523406982421875e+00 5.683930397033691406e+00 6.648818969726562500e+00
6.686787605285644531e+00 2.602852106094360352e+00 6.686751842498779297e+00 6.681932449340820312e+00 5.657706260681152344e+00 6.638785362243652344e+00
6.695953845977783203e+00 -inf 6.695953845977783203e+00 6.669900894165039062e+00 5.646651744842529297e+00 6.626651287078857422e+00
6.706075191497802734e+00 2.571306705474853516e+00 6.706042766571044922e+00 6.656732559204101562e+00 5.637502670288085938e+00 6.613059997558593750e+00
6.716502666473388672e+00 2.300042629241943359e+00 6.716485977172851562e+00 6.637703895568847656e+00 5.629831314086914062e+00 6.592812061309814453e+00
6.727535724639892578e+00 -inf 6.727535724639892578e+00 6.620021343231201172e+00 5.651146888732910156e+00 6.570663452148437500e+00
6.738971710205078125e+00 2.899551153182983398e+00 6.738909244537353516e+00 6.599463939666748047e+00 5.657505989074707031e+00 6.546751022338867188e+00
6.748786449432373047e+00 2.260192632675170898e+00 6.748772144317626953e+00 6.578932762145996094e+00 5.654183387756347656e+00 6.523948669433593750e+00
6.755108833312988281e+00 -inf 6.755108833312988281e+00 6.561168193817138672e+00 5.662534713745117188e+00 6.502535820007324219e+00
6.763948440551757812e+00 3.116575479507446289e+00 6.763850688934326172e+00 6.536305427551269531e+00 5.670270442962646484e+00 6.472752094268798828e+00
6.773197174072265625e+00 3.479913473129272461e+00 6.772976398468017578e+00 6.512105941772460938e+00 5.668475151062011719e+00 6.444914340972900391e+00
6.782939910888671875e+00 3.422358036041259766e+00 6.782750129699707031e+00 6.484028816223144531e+00 5.669186592102050781e+00 6.411827564239501953e+00
6.792944908142089844e+00 3.144134998321533203e+00 6.792847156524658203e+00 6.452213764190673828e+00 5.679964542388916016e+00 6.371841907501220703e+00
6.801683902740478516e+00 3.342566490173339844e+00 6.801532745361328125e+00 6.422725677490234375e+00 5.659390926361083984e+00 6.340519428253173828e+00
6.809927463531494141e+00 3.416714668273925781e+00 6.809751510620117188e+00 6.387800693511962891e+00 5.633487701416015625e+00 6.303690433502197266e+00
6.817923069000244141e+00 3.983156681060791016e+00 6.817288398742675781e+00 6.355339527130126953e+00 5.607709407806396484e+00 6.269788265228271484e+00
6.824467658996582031e+00 4.475993633270263672e+00 6.822515964508056641e+00 6.327747344970703125e+00 5.612082481384277344e+00 6.234912872314453125e+00
6.829878807067871094e+00 4.763064861297607422e+00 6.826139450073242188e+00 6.303188800811767578e+00 5.584106922149658203e+00 6.211164474487304688e+00
6.833883762359619141e+00 4.854445934295654297e+00 6.829306125640869141e+00 6.283001422882080078e+00 5.569067955017089844e+00 6.189753532409667969e+00
6.836725234985351562e+00 4.964270114898681641e+00 6.830860614776611328e+00 6.266111373901367188e+00 5.560914516448974609e+00 6.170744419097900391e+00
6.839509963989257812e+00 5.029105663299560547e+00 6.832736492156982422e+00 6.246250629425048828e+00 5.550586223602294922e+00 6.148509979248046875e+00
6.842821598052978516e+00 5.097006797790527344e+00 6.834953308105468750e+00 6.217256546020507812e+00 5.552708625793457031e+00 6.111297130584716797e+00
6.845243453979492188e+00 5.156672000885009766e+00 6.836255550384521484e+00 6.188797473907470703e+00 5.547909736633300781e+00 6.076066017150878906e+00
6.848438262939453125e+00 5.184207439422607422e+00 6.838926315307617188e+00 6.155145168304443359e+00 5.533574104309082031e+00 6.036520004272460938e+00
6.852070331573486328e+00 5.188022613525390625e+00 6.842553138732910156e+00 6.117100715637207031e+00 5.511377811431884766e+00 5.993376255035400391e+00
6.854772567749023438e+00 5.227056980133056641e+00 6.844415187835693359e+00 6.079616546630859375e+00 5.480015754699707031e+00 5.953855037689208984e+00
6.857177734375000000e+00 5.309019565582275391e+00 6.844708442687988281e+00 6.044859886169433594e+00 5.456016063690185547e+00 5.915424823760986328e+00
6.858644008636474609e+00 5.359076023101806641e+00 6.844674110412597656e+00 6.008649349212646484e+00 5.447056770324707031e+00 5.869338035583496094e+00
6.859344482421875000e+00 5.408976078033447266e+00 6.843668460845947266e+00 5.975813865661621094e+00 5.421508312225341797e+00 5.833714008331298828e+00
6.859163284301757812e+00 5.425409317016601562e+00 6.842864513397216797e+00 5.950805187225341797e+00 5.416502475738525391e+00 5.800708770751953125e+00
6.858694553375244141e+00 5.414718627929687500e+00 6.842781543731689453e+00 5.924177169799804688e+00 5.390253067016601562e+00 5.773924350738525391e+00
6.857795238494873047e+00 5.386148452758789062e+00 6.842882156372070312e+00 5.905735015869140625e+00 5.360455989837646484e+00 5.760090351104736328e+00
6.856708526611328125e+00 5.344911575317382812e+00 6.843132972717285156e+00 5.889948844909667969e+00 5.341667175292968750e+00 5.745495319366455078e+00
6.855791568756103516e+00 5.282884120941162109e+00 6.844022274017333984e+00 5.873110771179199219e+00 5.292883872985839844e+00 5.740643978118896484e+00
6.854677200317382812e+00 5.247593402862548828e+00 6.843809604644775391e+00 5.852339267730712891e+00 5.238951683044433594e+00 5.731112003326416016e+00
6.853603839874267578e+00 5.220703601837158203e+00 6.843371391296386719e+00 5.828541278839111328e+00 5.203073978424072266e+00 5.711132526397705078e+00
6.851343631744384766e+00 5.212115764617919922e+00 6.841260910034179688e+00 5.805288314819335938e+00 5.190770149230957031e+00 5.684424400329589844e+00
6.847995758056640625e+00 5.180356502532958984e+00 6.838558673858642578e+00 5.785939216613769531e+00 5.211870670318603516e+00 5.651254653930664062e+00
6.843793392181396484e+00 5.173444271087646484e+00 6.834414958953857422e+00 5.779354095458984375e+00 5.257695198059082031e+00 5.623928070068359375e+00
6.839583396911621094e+00 5.200357913970947266e+00 6.829501152038574219e+00 5.777616500854492188e+00 5.263770103454589844e+00 5.618784904479980469e+00
6.835187911987304688e+00 5.223107814788818359e+00 6.824446678161621094e+00 5.775875568389892578e+00 5.251966476440429688e+00 5.621414661407470703e+00
6.830411911010742188e+00 5.223565578460693359e+00 6.819538593292236328e+00 5.777166366577148438e+00 5.232846260070800781e+00 5.631138801574707031e+00
6.825308799743652344e+00 5.222223281860351562e+00 6.814339637756347656e+00 5.783441543579101562e+00 5.211700439453125000e+00 5.647907257080078125e+00
6.818151473999023438e+00 5.178544044494628906e+00 6.808077335357666016e+00 5.794732570648193359e+00 5.231626987457275391e+00 5.655992031097412109e+00
6.811642646789550781e+00 5.139130115509033203e+00 6.802311420440673828e+00 5.801478862762451172e+00 5.236484527587890625e+00 5.663446903228759766e+00
6.805561065673828125e+00 5.079304218292236328e+00 6.797326564788818359e+00 5.806879997253417969e+00 5.251197338104248047e+00 5.665312290191650391e+00
6.798309803009033203e+00 5.054751396179199219e+00 6.790399551391601562e+00 5.817970752716064453e+00 5.270522117614746094e+00 5.673187732696533203e+00
6.789878368377685547e+00 5.028995990753173828e+00 6.782279491424560547e+00 5.829721450805664062e+00 5.276314735412597656e+00 5.687273025512695312e+00
6.782655715942382812e+00 5.005990982055664062e+00 6.775331974029541016e+00 5.839353561401367188e+00 5.293528079986572266e+00 5.693926811218261719e+00
6.777816772460937500e+00 4.939375400543212891e+00 6.771470546722412109e+00 5.847342967987060547e+00 5.308512210845947266e+00 5.699101924896240234e+00
6.772121906280517578e+00 4.891918659210205078e+00 6.766361713409423828e+00 5.856124877929687500e+00 5.315354824066162109e+00 5.708670139312744141e+00
6.765738487243652344e+00 4.813632488250732422e+00 6.760861873626708984e+00 5.869476795196533203e+00 5.319507122039794922e+00 5.725687026977539062e+00
6.759983539581298828e+00 4.741446971893310547e+00 6.755802154541015625e+00 5.880728721618652344e+00 5.340222835540771484e+00 5.733167648315429688e+00
6.752767562866210938e+00 4.782055854797363281e+00 6.748096942901611328e+00 5.885620117187500000e+00 5.349278450012207031e+00 5.736362457275390625e+00
6.745867252349853516e+00 4.796448707580566406e+00 6.740960597991943359e+00 5.887168407440185547e+00 5.337235927581787109e+00 5.743363857269287109e+00
6.742073059082031250e+00 4.853771209716796875e+00 6.736420154571533203e+00 5.885177135467529297e+00 5.332356929779052734e+00 5.742501258850097656e+00
6.739079952239990234e+00 4.918482303619384766e+00 6.732465267181396484e+00 5.878299713134765625e+00 5.324265003204345703e+00 5.736094951629638672e+00
6.735971927642822266e+00 4.915004253387451172e+00 6.729363441467285156e+00 5.871913909912109375e+00 5.311142444610595703e+00 5.732291221618652344e+00
6.732353210449218750e+00 4.900748252868652344e+00 6.725905418395996094e+00 5.870267868041992188e+00 5.289113998413085938e+00 5.738130569458007812e+00
6.728376865386962891e+00 4.917347908020019531e+00 6.721613883972167969e+00 5.871592998504638672e+00 5.278490066528320312e+00 5.743627071380615234e+00
6.724733352661132812e+00 4.888273239135742188e+00 6.718358039855957031e+00 5.872008800506591797e+00 5.232408046722412109e+00 5.758895397186279297e+00
6.721412658691406250e+00 4.894745826721191406e+00 6.714890956878662109e+00 5.874427318572998047e+00 5.197823047637939453e+00 5.771740913391113281e+00
6.717863559722900391e+00 4.906116008758544922e+00 6.711112022399902344e+00 5.876634597778320312e+00 5.165593624114990234e+00 5.782690525054931641e+00
6.714173793792724609e+00 4.991270542144775391e+00 6.705874443054199219e+00 5.878195285797119141e+00 5.140149593353271484e+00 5.790528774261474609e+00
6.710811138153076172e+00 5.048524856567382812e+00 6.701255321502685547e+00 5.872088909149169922e+00 5.103859901428222656e+00 5.790895462036132812e+00
6.707762718200683594e+00 5.067787170410156250e+00 6.697697162628173828e+00 5.866900920867919922e+00 5.058617115020751953e+00 5.793503284454345703e+00
6.704750537872314453e+00 5.087285995483398438e+00 6.694142818450927734e+00 5.858668327331542969e+00 5.020384311676025391e+00 5.790575504302978516e+00
6.701641559600830078e+00 5.084196567535400391e+00 6.691033840179443359e+00 5.850240707397460938e+00 4.971668720245361328e+00 5.788630485534667969e+00
6.696905612945556641e+00 5.094904422760009766e+00 6.685908794403076172e+00 5.848406791687011719e+00 4.903145790100097656e+00 5.796118259429931641e+00
6.690530300140380859e+00 5.126999855041503906e+00 6.678501129150390625e+00 5.851015567779541016e+00 4.861646652221679688e+00 5.804060459136962891e+00
6.682547092437744141e+00 5.150831222534179688e+00 6.669589042663574219e+00 5.854220867156982422e+00 4.803734779357910156e+00 5.813727378845214844e+00
6.675565242767333984e+00 5.184146881103515625e+00 6.661326885223388672e+00 5.855320453643798828e+00 4.714528560638427734e+00 5.822722434997558594e+00
6.669426918029785156e+00 5.202981472015380859e+00 6.654331207275390625e+00 5.852312088012695312e+00 4.648016452789306641e+00 5.824295520782470703e+00
6.664616107940673828e+00 5.226963043212890625e+00 6.648465633392333984e+00 5.845695495605468750e+00 4.598940849304199219e+00 5.820365905761718750e+00
6.658544540405273438e+00 5.238052368164062500e+00 6.641730785369873047e+00 5.843032836914062500e+00 4.598689556121826172e+00 5.817558288574218750e+00
6.652012348175048828e+00 5.246755123138427734e+00 6.634585857391357422e+00 5.842748641967773438e+00 4.692870616912841797e+00 5.810851097106933594e+00
6.645551204681396484e+00 5.283532619476318359e+00 6.626258850097656250e+00 5.844227790832519531e+00 4.788942337036132812e+00 5.804200172424316406e+00
6.638712406158447266e+00 5.333768844604492188e+00 6.616641044616699219e+00 5.844640731811523438e+00 4.830981731414794922e+00 5.800374984741210938e+00
6.632377624511718750e+00 5.339241027832031250e+00 6.609681606292724609e+00 5.845076084136962891e+00 4.920051097869873047e+00 5.790129184722900391e+00
6.628032684326171875e+00 5.352385997772216797e+00 6.604378223419189453e+00 5.844000816345214844e+00 4.962235927581787109e+00 5.782875061035156250e+00
6.625149250030517578e+00 5.331495285034179688e+00 6.602481365203857422e+00 5.838594436645507812e+00 4.994073867797851562e+00 5.771551132202148438e+00
6.621735572814941406e+00 5.286496162414550781e+00 6.601187229156494141e+00 5.832213878631591797e+00 5.022018432617187500e+00 5.759167194366455078e+00
6.617747306823730469e+00 5.257495880126953125e+00 6.598375320434570312e+00 5.824576854705810547e+00 5.027458190917968750e+00 5.749092102050781250e+00
6.613962650299072266e+00 5.241456508636474609e+00 6.595141410827636719e+00 5.814708232879638672e+00 5.050696372985839844e+00 5.732643127441406250e+00
6.610364437103271484e+00 5.221087932586669922e+00 6.592270851135253906e+00 5.806857585906982422e+00 5.068995952606201172e+00 5.719149589538574219e+00
6.608733654022216797e+00 5.232090950012207031e+00 6.590094566345214844e+00 5.797898292541503906e+00 5.077288150787353516e+00 5.706233978271484375e+00
6.607134342193603516e+00 5.239286422729492188e+00 6.588105201721191406e+00 5.790812015533447266e+00 5.105940818786621094e+00 5.690305233001708984e+00
6.605776786804199219e+00 5.244638442993164062e+00 6.586444854736328125e+00 5.773926734924316406e+00 5.088707447052001953e+00 5.673510074615478516e+00
6.604231834411621094e+00 5.238713264465332031e+00 6.585097789764404297e+00 5.761981487274169922e+00 5.070601940155029297e+00 5.663152694702148438e+00
6.603186607360839844e+00 5.176025390625000000e+00 6.586633682250976562e+00 5.752070903778076172e+00 5.034227371215820312e+00 5.659753799438476562e+00
6.601681232452392578e+00 5.073073863983154297e+00 6.588628768920898438e+00 5.743556022644042969e+00 4.982697486877441406e+00 5.660831451416015625e+00
6.598192691802978516e+00 4.920367240905761719e+00 6.588976383209228516e+00 5.745232582092285156e+00 4.940423965454101562e+00 5.671192169189453125e+00
6.594525814056396484e+00 4.777608394622802734e+00 6.587855339050292969e+00 5.751704692840576172e+00 4.849709033966064453e+00 5.693556308746337891e+00
6.590616226196289062e+00 4.667983055114746094e+00 6.585395336151123047e+00 5.751218795776367188e+00 4.786607742309570312e+00 5.701344966888427734e+00
6.584877490997314453e+00 4.617960929870605469e+00 6.580165386199951172e+00 5.743927001953125000e+00 4.754354476928710938e+00 5.696995258331298828e+00
6.579098224639892578e+00 4.614588260650634766e+00 6.574359416961669922e+00 5.733426094055175781e+00 4.728381633758544922e+00 5.688225746154785156e+00
6.575039863586425781e+00 4.644902229309082031e+00 6.569909095764160156e+00 5.721565246582031250e+00 4.764396667480468750e+00 5.670777320861816406e+00
6.569440841674804688e+00 4.671350002288818359e+00 6.563913822174072266e+00 5.710672855377197266e+00 4.835482597351074219e+00 5.648544788360595703e+00
6.563054084777832031e+00 4.739394664764404297e+00 6.556486129760742188e+00 5.707253456115722656e+00 4.857112407684326172e+00 5.641141414642333984e+00
6.558111190795898438e+00 4.792642116546630859e+00 6.550593852996826172e+00 5.702686786651611328e+00 4.816504955291748047e+00 5.642225265502929688e+00
6.553614139556884766e+00 4.844105720520019531e+00 6.545052528381347656e+00 5.697749137878417969e+00 4.814435482025146484e+00 5.636857509613037109e+00
6.550438880920410156e+00 4.881233692169189453e+00 6.541035652160644531e+00 5.692399978637695312e+00 4.844909191131591797e+00 5.625850677490234375e+00
6.548846721649169922e+00 4.851497173309326172e+00 6.540039539337158203e+00 5.682748794555664062e+00 4.861300468444824219e+00 5.611732482910156250e+00
6.548069000244140625e+00 4.860443115234375000e+00 6.539061069488525391e+00 5.671254634857177734e+00 4.841401100158691406e+00 5.601714611053466797e+00
6.548739433288574219e+00 4.815797328948974609e+00 6.540632247924804688e+00 5.649724483489990234e+00 4.814409255981445312e+00 5.581125736236572266e+00
6.548453807830810547e+00 4.799228191375732422e+00 6.540647029876708984e+00 5.629902362823486328e+00 4.798459053039550781e+00 5.560636997222900391e+00
6.546687602996826172e+00 4.815213680267333984e+00 6.538552284240722656e+00 5.614408969879150391e+00 4.790279865264892578e+00 5.543866634368896484e+00
6.543838500976562500e+00 4.772918701171875000e+00 6.536415576934814453e+00 5.602183341979980469e+00 4.763757228851318359e+00 5.534114360809326172e+00
6.539049148559570312e+00 4.775448322296142578e+00 6.531498908996582031e+00 5.594268798828125000e+00 4.783876895904541016e+00 5.521257877349853516e+00
6.534461498260498047e+00 4.793914318084716797e+00 6.526496410369873047e+00 5.584465026855468750e+00 4.764509201049804688e+00 5.513182640075683594e+00
6.530889034271240234e+00 4.848365306854248047e+00 6.521772861480712891e+00 5.571333885192871094e+00 4.563267707824707031e+00 5.526463031768798828e+00
6.526146411895751953e+00 4.878394126892089844e+00 6.516262054443359375e+00 5.563117980957031250e+00 4.478544235229492188e+00 5.525816440582275391e+00
6.521235942840576172e+00 4.889343261718750000e+00 6.510979175567626953e+00 5.553220748901367188e+00 4.426682472229003906e+00 5.519491672515869141e+00
6.516601562500000000e+00 4.894043922424316406e+00 6.506118774414062500e+00 5.540397167205810547e+00 4.483444690704345703e+00 5.500530242919921875e+00
6.512267112731933594e+00 4.854648113250732422e+00 6.502607345581054688e+00 5.520884513854980469e+00 4.512738704681396484e+00 5.476022720336914062e+00
6.503117084503173828e+00 4.870523929595947266e+00 6.492877006530761719e+00 5.507071971893310547e+00 4.537149906158447266e+00 5.457840442657470703e+00
6.495154380798339844e+00 4.876886844635009766e+00 6.484567165374755859e+00 5.496621608734130859e+00 4.456908226013183594e+00 5.455060482025146484e+00
6.487376213073730469e+00 4.891264438629150391e+00 6.476226806640625000e+00 5.483170986175537109e+00 4.394324302673339844e+00 5.446250438690185547e+00
6.479627132415771484e+00 4.873826980590820312e+00 6.468727111816406250e+00 5.466726779937744141e+00 4.318239688873291016e+00 5.434723377227783203e+00
6.471297740936279297e+00 4.880403041839599609e+00 6.460011959075927734e+00 5.451187610626220703e+00 4.198239803314208984e+00 5.426226615905761719e+00
6.463649749755859375e+00 4.861953735351562500e+00 6.452644824981689453e+00 5.441244125366210938e+00 4.182867050170898438e+00 5.416602611541748047e+00
6.457890987396240234e+00 4.800711631774902344e+00 6.448220729827880859e+00 5.424857139587402344e+00 4.149933338165283203e+00 5.401162147521972656e+00
6.451617717742919922e+00 4.725958824157714844e+00 6.443371772766113281e+00 5.402499198913574219e+00 4.079225540161132812e+00 5.381362438201904297e+00
6.445536136627197266e+00 4.739571571350097656e+00 6.436903953552246094e+00 5.375920772552490234e+00 4.028473854064941406e+00 5.355955123901367188e+00
6.441162586212158203e+00 4.727334499359130859e+00 6.432686328887939453e+00 5.331256866455078125e+00 3.947667360305786133e+00 5.312920093536376953e+00
6.434544086456298828e+00 4.731706142425537109e+00 6.425848484039306641e+00 5.294881343841552734e+00 3.589689731597900391e+00 5.286233425140380859e+00
6.428765296936035156e+00 4.774093627929687500e+00 6.419038772583007812e+00 5.255918502807617188e+00 3.223195075988769531e+00 5.251872062683105469e+00
6.425761699676513672e+00 4.787632465362548828e+00 6.415653228759765625e+00 5.201899528503417969e+00 3.100028276443481445e+00 5.198451042175292969e+00
6.423980712890625000e+00 4.759184837341308594e+00 6.414480209350585938e+00 5.122335910797119141e+00 2.264541864395141602e+00 5.121732711791992188e+00
6.422353744506835938e+00 4.707477092742919922e+00 6.413898468017578125e+00 5.044941902160644531e+00 3.365434169769287109e+00 5.035761356353759766e+00
6.420274257659912109e+00 4.665322780609130859e+00 6.412570953369140625e+00 4.988488197326660156e+00 3.370580434799194336e+00 4.977891445159912109e+00
6.415657520294189453e+00 4.603891849517822266e+00 6.408905506134033203e+00 4.941999435424804688e+00 2.704140186309814453e+00 4.939480781555175781e+00
6.410077571868896484e+00 4.522685050964355469e+00 6.404412746429443359e+00 4.897964000701904297e+00 -inf 4.897964000701904297e+00
6.403308868408203125e+00 4.486908435821533203e+00 6.398011684417724609e+00 4.842227458953857422e+00 2.262300729751586914e+00 4.841083526611328125e+00
6.395381450653076172e+00 4.435739994049072266e+00 6.390589237213134766e+00 4.795967102050781250e+00 -inf 4.795967102050781250e+00
6.386019706726074219e+00 4.352361202239990234e+00 6.381981849670410156e+00 4.680720329284667969e+00 2.576108932495117188e+00 4.677293777465820312e+00
6.372082233428955078e+00 4.269626617431640625e+00 6.368638515472412109e+00 4.604080200195312500e+00 -inf 4.604080200195312500e+00
6.353725433349609375e+00 4.230018138885498047e+00 6.350446701049804688e+00 4.564974784851074219e+00 -inf 4.564974784851074219e+00
6.329938888549804688e+00 4.099452495574951172e+00 6.327376842498779297e+00 4.471282958984375000e+00 -inf 4.471282958984375000e+00
6.296662807464599609e+00 4.100733280181884766e+00 6.293888092041015625e+00 4.418827056884765625e+00 -inf 4.418827056884765625e+00
6.260266780853271484e+00 4.194315910339355469e+00 6.256519317626953125e+00 4.396937370300292969e+00 -inf 4.396937370300292969e+00
6.232069015502929688e+00 4.257462978363037109e+00 6.227439880371093750e+00 4.369325637817382812e+00 -inf 4.369325637817382812e+00
6.204182624816894531e+00 4.177906990051269531e+00 6.200075626373291016e+00 4.356968402862548828e+00 -inf 4.356968402862548828e+00
6.179683685302734375e+00 4.041010856628417969e+00 6.176516056060791016e+00 4.339605808258056641e+00 -inf 4.339605808258056641e+00
6.153447628021240234e+00 3.815584421157836914e+00 6.151448249816894531e+00 4.327937602996826172e+00 -inf 4.327937602996826172e+00
6.132975101470947266e+00 3.840242147445678711e+00 6.130756378173828125e+00 4.312410831451416016e+00 -inf 4.312410831451416016e+00
6.114999294281005859e+00 3.826638221740722656e+00 6.112757682800292969e+00 4.284104347229003906e+00 -inf 4.284104347229003906e+00
6.090476512908935547e+00 3.844406604766845703e+00 6.088005065917968750e+00 4.265097618103027344e+00 -inf 4.265097618103027344e+00
6.067478656768798828e+00 3.796448945999145508e+00 6.065145492553710938e+00 4.261601448059082031e+00 -inf 4.261601448059082031e+00
6.048032760620117188e+00 3.830788612365722656e+00 6.045391082763671875e+00 4.255273818969726562e+00 -inf 4.255273818969726562e+00
6.031054496765136719e+00 3.893370866775512695e+00 6.027879714965820312e+00 4.254353523254394531e+00 -inf 4.254353523254394531e+00
6.013146400451660156e+00 3.882824182510375977e+00 6.009917736053466797e+00 4.250840187072753906e+00 -inf 4.250840187072753906e+00
5.987768173217773438e+00 3.926367282867431641e+00 5.983981132507324219e+00 4.245957851409912109e+00 -inf 4.245957851409912109e+00
5.956961631774902344e+00 3.769974708557128906e+00 5.954128742218017578e+00 4.236320495605468750e+00 -inf 4.236320495605468750e+00
5.916974544525146484e+00 3.347226619720458984e+00 5.915803432464599609e+00 4.231033802032470703e+00 -inf 4.231033802032470703e+00
5.879926204681396484e+00 3.596039533615112305e+00 5.877661228179931641e+00 4.216524600982666016e+00 -inf 4.216524600982666016e+00
5.852655887603759766e+00 3.537589788436889648e+00 5.850548744201660156e+00 4.204893112182617188e+00 -inf 4.204893112182617188e+00
5.827178478240966797e+00 3.492329597473144531e+00 5.825165271759033203e+00 4.181910514831542969e+00 -inf 4.181910514831542969e+00
5.801398754119873047e+00 3.598276376724243164e+00 5.798669338226318359e+00 4.158826828002929688e+00 -inf 4.158826828002929688e+00
5.775792598724365234e+00 3.775934934616088867e+00 5.771426677703857422e+00 4.132896423339843750e+00 -inf 4.132896423339843750e+00
5.745689392089843750e+00 3.581821680068969727e+00 5.742701053619384766e+00 4.106046676635742188e+00 -inf 4.106046676635742188e+00
5.710634231567382812e+00 3.552572011947631836e+00 5.707605838775634766e+00 4.075679302215576172e+00 -inf 4.075679302215576172e+00
5.683491230010986328e+00 3.597549438476562500e+00 5.679913043975830078e+00 4.054487228393554688e+00 -inf 4.054487228393554688e+00
5.648001194000244141e+00 3.748194456100463867e+00 5.642497062683105469e+00 4.022851467132568359e+00 -inf 4.022851467132568359e+00
5.629920959472656250e+00 3.640491962432861328e+00 5.625448226928710938e+00 3.966873645782470703e+00 -inf 3.966873645782470703e+00
5.617263793945312500e+00 3.495790004730224609e+00 5.613967895507812500e+00 3.949483633041381836e+00 -inf 3.949483633041381836e+00
5.594273567199707031e+00 3.448832035064697266e+00 5.591155529022216797e+00 3.945182323455810547e+00 -inf 3.945182323455810547e+00
5.558899402618408203e+00 3.254590988159179688e+00 5.556739330291748047e+00 3.947344779968261719e+00 -inf 3.947344779968261719e+00
5.513016700744628906e+00 2.836479663848876953e+00 5.512101173400878906e+00 3.947787761688232422e+00 -inf 3.947787761688232422e+00
5.470594406127929688e+00 -inf 5.470594406127929688e+00 3.944287538528442383e+00 -inf 3.944287538528442383e+00
5.410575866699218750e+00 -inf 5.410575866699218750e+00 3.945403099060058594e+00 -inf 3.945403099060058594e+00
5.358810901641845703e+00 -inf 5.358810901641845703e+00 3.946809768676757812e+00 -inf 3.946809768676757812e+00
5.294308185577392578e+00 -inf 5.294308185577392578e+00 3.947269678115844727e+00 -inf 3.947269678115844727e+00
5.239340782165527344e+00 2.572813272476196289e+00 5.238403797149658203e+00 3.948519468307495117e+00 -inf 3.948519468307495117e+00
5.188477993011474609e+00 -inf 5.188477993011474609e+00 3.946811199188232422e+00 -inf 3.946811199188232422e+00
5.137967586517333984e+00 -inf 5.137967586517333984e+00 3.946812629699707031e+00 -inf 3.946812629699707031e+00
5.098655700683593750e+00 -inf 5.098655700683593750e+00 3.946813344955444336e+00 -inf 3.946813344955444336e+00
5.081645965576171875e+00 -inf 5.081645965576171875e+00 3.946814060211181641e+00 -inf 3.946814060211181641e+00
5.047898769378662109e+00 -inf 5.047898769378662109e+00 3.946814298629760742e+00 -inf 3.946814298629760742e+00
5.016223907470703125e+00 -inf 5.016223907470703125e+00 3.946815013885498047e+00 -inf 3.946815013885498047e+00
4.986687183380126953e+00 -inf 4.986687183380126953e+00 3.946815490722656250e+00 -inf 3.946815490722656250e+00
4.918209552764892578e+00 -inf 4.918209552764892578e+00 3.946816205978393555e+00 -inf 3.946816205978393555e+00
4.831030368804931641e+00 -inf 4.831030368804931641e+00 3.946816444396972656e+00 -inf 3.946816444396972656e+00
4.805415630340576172e+00 -inf 4.805415630340576172e+00 3.946816682815551758e+00 -inf 3.946816682815551758e+00
4.731137752532958984e+00 -inf 4.731137752532958984e+00 3.946817159652709961e+00 -inf 3.946817159652709961e+00
4.687260627746582031e+00 -inf 4.687260627746582031e+00 3.946817398071289062e+00 -inf 3.946817398071289062e+00
4.632820606231689453e+00 -inf 4.632820606231689453e+00 3.946817636489868164e+00 -inf 3.946817636489868164e+00
4.528999328613281250e+00 -inf 4.528999328613281250e+00 3.946818113327026367e+00 -inf 3.946818113327026367e+00
4.439344406127929688e+00 -inf 4.439344406127929688e+00 3.946818113327026367e+00 -inf 3.946818113327026367e+00
4.393229007720947266e+00 -inf 4.393229007720947266e+00 3.946818351745605469e+00 -inf 3.946818351745605469e+00
4.351174831390380859e+00 -inf 4.351174831390380859e+00 3.946818351745605469e+00 -inf 3.946818351745605469e+00
4.310211658477783203e+00 -inf 4.310211658477783203e+00 3.946818590164184570e+00 -inf 3.946818590164184570e+00
4.261569499969482422e+00 -inf 4.261569499969482422e+00 3.946818590164184570e+00 -inf 3.946818590164184570e+00
4.248387813568115234e+00 -inf 4.248387813568115234e+00 3.946818828582763672e+00 -inf 3.946818828582763672e+00
4.248388290405273438e+00 -inf 4.248388290405273438e+00 3.946818828582763672e+00 -inf 3.946818828582763672e+00
4.248388290405273438e+00 -inf 4.248388290405273438e+00 3.946818828582763672e+00 -inf 3.946818828582763672e+00
4.248388290405273438e+00 -inf 4.248388290405273438e+00 3.946819067001342773e+00 -inf 3.946819067001342773e+00
4.248388767242431641e+00 -inf 4.248388767242431641e+00 3.946819067001342773e+00 -inf 3.946819067001342773e+00
4.248388767242431641e+00 -inf 4.248388767242431641e+00 3.946819067001342773e+00 -inf 3.946819067001342773e+00
4.248388767242431641e+00 -inf 4.248388767242431641e+00 3.946819067001342773e+00 -inf 3.946819067001342773e+00
4.248388290405273438e+00 -inf 4.248388290405273438e+00 3.946819067001342773e+00 -inf 3.946819067001342773e+00
4.248388290405273438e+00 -inf 4.248388290405273438e+00 3.946819067001342773e+00 -inf 3.946819067001342773e+00
4.248388290405273438e+00 -inf 4.248388290405273438e+00 3.946818828582763672e+00 -inf 3.946818828582763672e+00
4.248388290405273438e+00 -inf 4.248388290405273438e+00 3.946818828582763672e+00 -inf 3.946818828582763672e+00
4.248388290405273438e+00 -inf 4.248388290405273438e+00 3.946818828582763672e+00 -inf 3.946818828582763672e+00
4.248387813568115234e+00 -inf 4.248387813568115234e+00 3.946818828582763672e+00 -inf 3.946818828582763672e+00
4.248387813568115234e+00 -inf 4.248387813568115234e+00 3.946818828582763672e+00 -inf 3.946818828582763672e+00
