5.572837352752685547e+00 -3.296502865850925446e-03 5.572836399078369141e+00 6.968104839324951172e+00 5.944289684295654297e+00 6.924914360046386719e+00
5.569153785705566406e+00 2.449445486068725586e+00 5.568824291229248047e+00 6.967713356018066406e+00 5.997601032257080078e+00 6.918504714965820312e+00
5.561592102050781250e+00 2.231741666793823242e+00 5.561388969421386719e+00 6.967145919799804688e+00 6.044517517089843750e+00 6.911874771118164062e+00
5.557990074157714844e+00 2.148389816284179688e+00 5.557820796966552734e+00 6.966978073120117188e+00 5.948239803314208984e+00 6.923253536224365234e+00
5.549620628356933594e+00 1.342582345008850098e+00 5.549593448638916016e+00 6.966938018798828125e+00 5.945889472961425781e+00 6.923457622528076172e+00
5.541564941406250000e+00 6.423122882843017578e-01 5.541558742523193359e+00 6.967137336730957031e+00 5.913532733917236328e+00 6.926946640014648438e+00
5.529236316680908203e+00 1.102111935615539551e-01 5.529234886169433594e+00 6.965689182281494141e+00 5.730751037597656250e+00 6.939639091491699219e+00
5.518286228179931641e+00 -1.644352823495864868e-02 5.518285274505615234e+00 6.965421199798583984e+00 5.666447162628173828e+00 6.943036556243896484e+00
5.509101867675781250e+00 7.111504077911376953e-01 5.509095191955566406e+00 6.964593410491943359e+00 5.503558158874511719e+00 6.949305057525634766e+00
5.503270149230957031e+00 7.421435117721557617e-01 5.503262519836425781e+00 6.962540149688720703e+00 5.400629997253417969e+00 6.950464725494384766e+00
5.506633281707763672e+00 6.031413078308105469e-01 5.506628036499023438e+00 6.961938858032226562e+00 5.501317024230957031e+00 6.946635246276855469e+00
5.505943775177001953e+00 1.125116825103759766e+00 5.505925655364990234e+00 6.961482048034667969e+00 5.586072444915771484e+00 6.942789077758789062e+00
5.496464729309082031e+00 1.390541195869445801e+00 5.496430873870849609e+00 6.960824012756347656e+00 5.778181076049804688e+00 6.931325435638427734e+00
5.502526283264160156e+00 1.899953365325927734e+00 5.502417564392089844e+00 6.960080623626708984e+00 5.981386184692382812e+00 6.911890506744384766e+00
5.518109321594238281e+00 2.149978160858154297e+00 5.517923831939697266e+00 6.959010124206542969e+00 6.122946262359619141e+00 6.890539169311523438e+00
5.528175354003906250e+00 2.134626150131225586e+00 5.527999401092529297e+00 6.957951545715332031e+00 6.220809936523437500e+00 6.870082378387451172e+00
5.529037475585937500e+00 2.141056299209594727e+00 5.528859615325927734e+00 6.957066535949707031e+00 6.288525581359863281e+00 6.852204322814941406e+00
5.533001422882080078e+00 2.445666074752807617e+00 5.532646179199218750e+00 6.956223011016845703e+00 6.342729568481445312e+00 6.835029602050781250e+00
5.535429954528808594e+00 2.542093753814697266e+00 5.534987926483154297e+00 6.955435276031494141e+00 6.385966300964355469e+00 6.819066524505615234e+00
5.543644428253173828e+00 2.613141775131225586e+00 5.543134689331054688e+00 6.953949928283691406e+00 6.420454025268554688e+00 6.803519725799560547e+00
5.551449298858642578e+00 2.585595130920410156e+00 5.550979137420654297e+00 6.952430248260498047e+00 6.447829246520996094e+00 6.789453506469726562e+00
5.556685924530029297e+00 2.192404508590698242e+00 5.556498527526855469e+00 6.950944900512695312e+00 6.375041961669921875e+00 6.816925048828125000e+00
5.569782733917236328e+00 2.375411510467529297e+00 5.569505691528320312e+00 6.950454711914062500e+00 6.346743106842041016e+00 6.826065063476562500e+00
5.581774234771728516e+00 2.234894037246704102e+00 5.581578254699707031e+00 6.949453353881835938e+00 6.310762405395507812e+00 6.836069583892822266e+00
5.591583728790283203e+00 2.269153118133544922e+00 5.591376781463623047e+00 6.947712898254394531e+00 6.257098674774169922e+00 6.848688125610351562e+00
5.601294994354248047e+00 1.867856144905090332e+00 5.601214885711669922e+00 6.946692466735839844e+00 6.252116680145263672e+00 6.848676681518554688e+00
5.610390186309814453e+00 1.620627522468566895e+00 5.610345363616943359e+00 6.946248054504394531e+00 6.197726726531982422e+00 6.860889911651611328e+00
5.624192714691162109e+00 1.434518933296203613e+00 5.624164581298828125e+00 6.944758892059326172e+00 6.131450653076171875e+00 6.872279644012451172e+00
5.633945465087890625e+00 1.167770147323608398e+00 5.633930683135986328e+00 6.944168567657470703e+00 6.074009418487548828e+00 6.881261825561523438e+00
5.638214111328125000e+00 1.301937699317932129e+00 5.638194561004638672e+00 6.943493843078613281e+00 6.058304309844970703e+00 6.882883548736572266e+00
5.642470359802246094e+00 1.768401980400085449e+00 5.642413139343261719e+00 6.943238735198974609e+00 6.090617656707763672e+00 6.877532958984375000e+00
5.647087097167968750e+00 1.929638981819152832e+00 5.647004127502441406e+00 6.942256927490234375e+00 6.091361999511718750e+00 6.876268863677978516e+00
5.650333881378173828e+00 1.839826107025146484e+00 5.650266647338867188e+00 6.942645072937011719e+00 6.095000267028808594e+00 6.876121044158935547e+00
5.649455547332763672e+00 1.583290100097656250e+00 5.649418354034423828e+00 6.941322803497314453e+00 6.094797611236572266e+00 6.874613285064697266e+00
5.651156902313232422e+00 1.572589993476867676e+00 5.651120662689208984e+00 6.941608905792236328e+00 6.037384033203125000e+00 6.883779048919677734e+00
5.647629737854003906e+00 1.532026410102844238e+00 5.647596836090087891e+00 6.942203521728515625e+00 6.041648387908935547e+00 6.883848190307617188e+00
5.647250175476074219e+00 1.273789405822753906e+00 5.647232055664062500e+00 6.942339420318603516e+00 6.031031608581542969e+00 6.885509014129638672e+00
5.642881870269775391e+00 1.816780924797058105e+00 5.642817020416259766e+00 6.942862033843994141e+00 6.072743892669677734e+00 6.879949092864990234e+00
5.637699127197265625e+00 2.125826597213745117e+00 5.637565135955810547e+00 6.943575382232666016e+00 6.130089759826660156e+00 6.871129035949707031e+00
5.629652500152587891e+00 1.930125117301940918e+00 5.629566192626953125e+00 6.942506313323974609e+00 6.116621017456054688e+00 6.872272968292236328e+00
5.617655754089355469e+00 9.098197817802429199e-01 5.617647171020507812e+00 6.943224430084228516e+00 5.960955142974853516e+00 6.895451068878173828e+00
5.605311393737792969e+00 8.944433927536010742e-01 5.605302810668945312e+00 6.944325447082519531e+00 5.914012432098388672e+00 6.901809215545654297e+00
5.587924957275390625e+00 6.792061924934387207e-01 5.587919712066650391e+00 6.945741653442382812e+00 5.847100257873535156e+00 6.909679889678955078e+00
5.571927547454833984e+00 1.310725450515747070e+00 5.571904182434082031e+00 6.946725368499755859e+00 5.910167217254638672e+00 6.904846191406250000e+00
5.554316997528076172e+00 1.628458261489868164e+00 5.554265022277832031e+00 6.947384834289550781e+00 5.919524669647216797e+00 6.904615879058837891e+00
5.531896114349365234e+00 1.815569877624511719e+00 5.531813621520996094e+00 6.948897361755371094e+00 5.929046630859375000e+00 6.905291080474853516e+00
5.501063346862792969e+00 2.020287275314331055e+00 5.500919818878173828e+00 6.950812339782714844e+00 5.940520286560058594e+00 6.906183719635009766e+00
5.470532894134521484e+00 2.118620872497558594e+00 5.470339775085449219e+00 6.952344894409179688e+00 5.954501628875732422e+00 6.906347274780273438e+00
5.437579631805419922e+00 1.730082273483276367e+00 5.437494277954101562e+00 6.953965187072753906e+00 5.971329212188720703e+00 6.906234741210937500e+00
5.400423526763916016e+00 1.577032327651977539e+00 5.400358200073242188e+00 6.955741405487060547e+00 5.959562301635742188e+00 6.909557342529296875e+00
5.355742931365966797e+00 2.088186025619506836e+00 5.355507373809814453e+00 6.957742214202880859e+00 5.975651741027832031e+00 6.909948348999023438e+00
5.319904327392578125e+00 2.131470918655395508e+00 5.319622516632080078e+00 6.958790779113769531e+00 5.882639408111572266e+00 6.920725822448730469e+00
5.282299041748046875e+00 1.750901103019714355e+00 5.282171249389648438e+00 6.960037708282470703e+00 5.900022506713867188e+00 6.920464038848876953e+00
5.243550777435302734e+00 9.339770078659057617e-01 5.243529319763183594e+00 6.962003707885742188e+00 5.887203693389892578e+00 6.923814773559570312e+00
5.203117370605468750e+00 1.174909830093383789e+00 5.203076362609863281e+00 6.963521957397460938e+00 5.918445587158203125e+00 6.922495841979980469e+00
5.157442569732666016e+00 1.453879833221435547e+00 5.157356262207031250e+00 6.964880466461181641e+00 6.032663345336914062e+00 6.910893917083740234e+00
5.106997966766357422e+00 1.597023606300354004e+00 5.106863975524902344e+00 6.966590404510498047e+00 6.150640487670898438e+00 6.894589424133300781e+00
5.057939529418945312e+00 1.736732363700866699e+00 5.057732582092285156e+00 6.967854499816894531e+00 6.250538349151611328e+00 6.875411987304687500e+00
5.017036437988281250e+00 1.630073428153991699e+00 5.016858577728271484e+00 6.967889785766601562e+00 6.113897323608398438e+00 6.902407646179199219e+00
4.982534885406494141e+00 1.501619338989257812e+00 4.982391357421875000e+00 6.969095706939697266e+00 6.002142906188964844e+00 6.919506072998046875e+00
4.921749114990234375e+00 1.356336593627929688e+00 4.921631336212158203e+00 6.969859600067138672e+00 5.919834136962890625e+00 6.929321289062500000e+00
4.893294334411621094e+00 1.042977929115295410e+00 4.893232822418212891e+00 6.970363140106201172e+00 5.855854511260986328e+00 6.935647964477539062e+00
4.857327461242675781e+00 -5.649471282958984375e-02 4.857322216033935547e+00 6.969864845275878906e+00 5.871862411499023438e+00 6.933747768402099609e+00
4.846706390380859375e+00 -4.416654706001281738e-01 4.846703529357910156e+00 6.971131324768066406e+00 5.802419185638427734e+00 6.940635681152343750e+00
4.841073036193847656e+00 -3.783722221851348877e-01 4.841070175170898438e+00 6.971899032592773438e+00 5.834994316101074219e+00 6.938996315002441406e+00
4.835012435913085938e+00 -1.533937752246856689e-01 4.835008144378662109e+00 6.972829341888427734e+00 5.831910133361816406e+00 6.940241813659667969e+00
4.806134700775146484e+00 -3.330223560333251953e-01 4.806131362915039062e+00 6.973455905914306641e+00 6.009815692901611328e+00 6.923463821411132812e+00
4.750803947448730469e+00 4.049051105976104736e-01 4.750784397125244141e+00 6.974002361297607422e+00 6.186833381652832031e+00 6.896602153778076172e+00
4.746321201324462891e+00 2.438712567090988159e-01 4.746307849884033203e+00 6.974279880523681641e+00 6.340805053710937500e+00 6.859327793121337891e+00
4.743807315826416016e+00 1.353301167488098145e+00 4.743630409240722656e+00 6.974737644195556641e+00 6.449585914611816406e+00 6.820806503295898438e+00
4.725360393524169922e+00 1.552633643150329590e+00 4.725068569183349609e+00 6.975491046905517578e+00 6.518098831176757812e+00 6.789188385009765625e+00
4.676626682281494141e+00 1.736072063446044922e+00 4.676127910614013672e+00 6.975493907928466797e+00 6.579493522644042969e+00 6.752346992492675781e+00
4.650349140167236328e+00 8.455067276954650879e-01 4.650281429290771484e+00 6.975737094879150391e+00 6.547070980072021484e+00 6.773227214813232422e+00
4.611157894134521484e+00 7.299727201461791992e-01 4.611101150512695312e+00 6.976275920867919922e+00 6.539653301239013672e+00 6.778424739837646484e+00
4.517236709594726562e+00 -5.947565436363220215e-01 4.517232894897460938e+00 6.976627826690673828e+00 6.533560276031494141e+00 6.782449722290039062e+00
4.446333408355712891e+00 3.428624868392944336e-01 4.446299076080322266e+00 6.977050781250000000e+00 6.555391788482666016e+00 6.770324230194091797e+00
4.422987937927246094e+00 1.592769861221313477e+00 4.422346115112304688e+00 6.977944374084472656e+00 6.610625267028808594e+00 6.734413146972656250e+00
4.360479354858398438e+00 1.049577236175537109e+00 4.360267162322998047e+00 6.977829933166503906e+00 6.596616744995117188e+00 6.744460582733154297e+00
4.318106174468994141e+00 9.897536039352416992e-01 4.317902088165283203e+00 6.977804183959960938e+00 6.513578414916992188e+00 6.795119285583496094e+00
4.303945541381835938e+00 2.153114378452301025e-01 4.303910255432128906e+00 6.978391170501708984e+00 6.448945522308349609e+00 6.826273918151855469e+00
4.284430027008056641e+00 -1.900632530450820923e-01 4.284415245056152344e+00 6.978633403778076172e+00 6.371711730957031250e+00 6.855303287506103516e+00
4.262466430664062500e+00 -5.070411562919616699e-01 4.262458801269531250e+00 6.979053974151611328e+00 6.425368785858154297e+00 6.836714267730712891e+00
4.259747982025146484e+00 2.080753892660140991e-01 4.259709358215332031e+00 6.979210853576660156e+00 6.508140563964843750e+00 6.800061702728271484e+00
4.240582942962646484e+00 -9.041697382926940918e-01 4.240579605102539062e+00 6.979440212249755859e+00 6.585555076599121094e+00 6.754867553710937500e+00
4.216495037078857422e+00 4.006541073322296143e-01 4.216428756713867188e+00 6.979058265686035156e+00 6.652796268463134766e+00 6.701872825622558594e+00
4.231872558593750000e+00 1.194578051567077637e+00 4.231473445892333984e+00 6.979502677917480469e+00 6.711045742034912109e+00 6.643257617950439453e+00
4.229237079620361328e+00 1.392978549003601074e+00 4.228603363037109375e+00 6.979146003723144531e+00 6.754041194915771484e+00 6.586045742034912109e+00
4.229313850402832031e+00 1.792717814445495605e+00 4.227721691131591797e+00 6.979314804077148438e+00 6.779359817504882812e+00 6.546314716339111328e+00
4.228297710418701172e+00 1.787060379981994629e+00 4.226722240447998047e+00 6.979230880737304688e+00 6.799518108367919922e+00 6.509263992309570312e+00
4.220053672790527344e+00 6.059391498565673828e-01 4.219947814941406250e+00 6.979169845581054688e+00 6.763966083526611328e+00 6.571067810058593750e+00
4.181219100952148438e+00 5.518648028373718262e-01 4.181117057800292969e+00 6.979324817657470703e+00 6.735291957855224609e+00 6.612670421600341797e+00
4.166578292846679688e+00 1.206690907478332520e+00 4.166101932525634766e+00 6.979503154754638672e+00 6.703757762908935547e+00 6.651624202728271484e+00
4.176940917968750000e+00 1.650307536125183105e+00 4.175646781921386719e+00 6.979658126831054688e+00 6.711073875427246094e+00 6.643561840057373047e+00
4.218564510345458984e+00 1.666406154632568359e+00 4.217345237731933594e+00 6.979922294616699219e+00 6.747571468353271484e+00 6.597275257110595703e+00
4.260328292846679688e+00 1.914227724075317383e+00 4.258366584777832031e+00 6.979834079742431641e+00 6.781909465789794922e+00 6.543339729309082031e+00
4.301017284393310547e+00 2.469718933105468750e+00 4.294564723968505859e+00 6.979616641998291016e+00 6.807818412780761719e+00 6.493777275085449219e+00
4.331873893737792969e+00 2.715620517730712891e+00 4.321236610412597656e+00 6.979764938354492188e+00 6.829269886016845703e+00 6.446425914764404297e+00
4.349130630493164062e+00 2.754519462585449219e+00 4.337942600250244141e+00 6.979423522949218750e+00 6.845111846923828125e+00 6.404327869415283203e+00
4.362968921661376953e+00 2.710418701171875000e+00 4.353193759918212891e+00 6.979540824890136719e+00 6.858887195587158203e+00 6.364366531372070312e+00
4.379048824310302734e+00 2.425149917602539062e+00 4.374192714691162109e+00 6.979298114776611328e+00 6.844360351562500000e+00 6.405922889709472656e+00
4.429567813873291016e+00 2.243619918823242188e+00 4.426727771759033203e+00 6.979207992553710938e+00 6.819037914276123047e+00 6.468379020690917969e+00
4.470830440521240234e+00 2.273999929428100586e+00 4.468061923980712891e+00 6.979379177093505859e+00 6.787046909332275391e+00 6.533024787902832031e+00
4.489968299865722656e+00 2.272580146789550781e+00 4.487327575683593750e+00 6.979360580444335938e+00 6.766750812530517578e+00 6.567182540893554688e+00
4.519732475280761719e+00 2.277827024459838867e+00 4.517237663269042969e+00 6.979447841644287109e+00 6.788240909576416016e+00 6.531066894531250000e+00
4.558150291442871094e+00 2.571533679962158203e+00 4.553647518157958984e+00 6.979201316833496094e+00 6.816958904266357422e+00 6.472981929779052734e+00
4.586503982543945312e+00 1.755351066589355469e+00 4.585862636566162109e+00 6.978665828704833984e+00 6.764091014862060547e+00 6.569578647613525391e+00
4.611344814300537109e+00 2.803864702582359314e-02 4.611333847045898438e+00 6.978564262390136719e+00 6.704414367675781250e+00 6.648880481719970703e+00
4.635559082031250000e+00 -1.659102797508239746e+00 4.635558605194091797e+00 6.978524208068847656e+00 6.653515338897705078e+00 6.700218677520751953e+00
4.657908916473388672e+00 2.299270331859588623e-01 4.657892704010009766e+00 6.978405475616455078e+00 6.638729095458984375e+00 6.712861537933349609e+00
4.668248653411865234e+00 6.290239691734313965e-01 4.668209552764892578e+00 6.978230476379394531e+00 6.670004367828369141e+00 6.684279918670654297e+00
4.677209377288818359e+00 7.507911324501037598e-01 4.677157402038574219e+00 6.977814197540283203e+00 6.709191322326660156e+00 6.641762733459472656e+00
4.689179420471191406e+00 7.312188148498535156e-01 4.689131259918212891e+00 6.977314949035644531e+00 6.710730552673339844e+00 6.638869762420654297e+00
4.696941375732421875e+00 -4.373565316200256348e-01 4.696938037872314453e+00 6.976916790008544922e+00 6.633855819702148438e+00 6.714206218719482422e+00
4.704821586608886719e+00 -5.959109868854284286e-03 4.704813480377197266e+00 6.976625919342041016e+00 6.561473846435546875e+00 6.765883922576904297e+00
4.707857131958007812e+00 6.657778620719909668e-01 4.707818031311035156e+00 6.976758480072021484e+00 6.489330768585205078e+00 6.805730342864990234e+00
4.708944320678710938e+00 -1.150755509734153748e-01 4.708937644958496094e+00 6.976848602294921875e+00 6.496465206146240234e+00 6.802379608154296875e+00
4.711049079895019531e+00 -5.466625094413757324e-01 4.711046218872070312e+00 6.976672172546386719e+00 6.533438682556152344e+00 6.782590866088867188e+00
4.710839748382568359e+00 -inf 4.710839748382568359e+00 6.975644588470458984e+00 6.488027095794677734e+00 6.804707050323486328e+00
4.710034847259521484e+00 -inf 4.710034847259521484e+00 6.975665569305419922e+00 6.447900295257568359e+00 6.822841167449951172e+00
4.707077980041503906e+00 -inf 4.707077980041503906e+00 6.975614547729492188e+00 6.413034915924072266e+00 6.836675643920898438e+00
4.690322875976562500e+00 -inf 4.690322875976562500e+00 6.974514007568359375e+00 6.344658851623535156e+00 6.858458995819091797e+00
4.665382385253906250e+00 -inf 4.665382385253906250e+00 6.974171161651611328e+00 6.285427093505859375e+00 6.874666690826416016e+00
4.657797336578369141e+00 -inf 4.657797336578369141e+00 6.973895072937011719e+00 6.227337360382080078e+00 6.888110160827636719e+00
4.647916793823242188e+00 -1.327936053276062012e+00 4.647916316986083984e+00 6.973496437072753906e+00 6.146061420440673828e+00 6.903534889221191406e+00
4.634193897247314453e+00 -inf 4.634193897247314453e+00 6.972538948059082031e+00 6.080120086669921875e+00 6.913000583648681641e+00
4.617397308349609375e+00 -6.228627562522888184e-01 4.617394447326660156e+00 6.972230911254882812e+00 6.039664745330810547e+00 6.918291568756103516e+00
4.596385002136230469e+00 -2.616934180259704590e-01 4.596378326416015625e+00 6.972451686859130859e+00 6.025145530700683594e+00 6.920423984527587891e+00
4.581105709075927734e+00 -inf 4.581105709075927734e+00 6.972149848937988281e+00 6.008056163787841797e+00 6.922213077545166016e+00
4.537075042724609375e+00 -inf 4.537075042724609375e+00 6.971850395202636719e+00 6.000793457031250000e+00 6.922754764556884766e+00
4.525448799133300781e+00 -inf 4.525448799133300781e+00 6.970999717712402344e+00 5.980322837829589844e+00 6.924193382263183594e+00
4.497464656829833984e+00 -inf 4.497464656829833984e+00 6.970772266387939453e+00 5.948060989379882812e+00 6.927466869354248047e+00
4.476165294647216797e+00 -inf 4.476165294647216797e+00 6.970901489257812500e+00 5.936916351318359375e+00 6.928761005401611328e+00
4.457509994506835938e+00 -inf 4.457509994506835938e+00 6.971091270446777344e+00 5.961175441741943359e+00 6.926421642303466797e+00
4.384920597076416016e+00 -3.639430105686187744e-01 4.384912967681884766e+00 6.970803260803222656e+00 6.027390956878662109e+00 6.918277740478515625e+00
4.338887691497802734e+00 8.216531872749328613e-01 4.338755607604980469e+00 6.970099925994873047e+00 5.984813690185546875e+00 6.922676086425781250e+00
4.320741653442382812e+00 -inf 4.320741653442382812e+00 6.968191623687744141e+00 5.939241886138916016e+00 6.925534725189208984e+00
4.298489093780517578e+00 -6.464902758598327637e-01 4.298483848571777344e+00 6.967370510101318359e+00 5.794506072998046875e+00 6.937175750732421875e+00
4.186320781707763672e+00 -1.918608784675598145e+00 4.186320304870605469e+00 6.967032432556152344e+00 5.678958415985107422e+00 6.944064140319824219e+00
4.126597881317138672e+00 -1.334471106529235840e+00 4.126596450805664062e+00 6.965879917144775391e+00 5.526761531829833984e+00 6.949784755706787109e+00
4.070127010345458984e+00 -inf 4.070127010345458984e+00 6.966283321380615234e+00 5.491061210632324219e+00 6.951494216918945312e+00
4.023515224456787109e+00 -inf 4.023515224456787109e+00 6.966246604919433594e+00 5.460083007812500000e+00 6.952490806579589844e+00
3.984711408615112305e+00 -inf 3.984711408615112305e+00 6.965731143951416016e+00 5.513216018676757812e+00 6.950134277343750000e+00
3.962027788162231445e+00 -inf 3.962027788162231445e+00 6.965583801269531250e+00 5.680778026580810547e+00 6.942436695098876953e+00
3.923438549041748047e+00 -inf 3.923438549041748047e+00 6.963263511657714844e+00 5.457195758819580078e+00 6.949503898620605469e+00
3.884502649307250977e+00 -inf 3.884502649307250977e+00 6.962651729583740234e+00 5.374433994293212891e+00 6.951295375823974609e+00
3.793481349945068359e+00 -inf 3.793481349945068359e+00 6.962583541870117188e+00 5.241272926330566406e+00 6.954253673553466797e+00
3.737399101257324219e+00 -1.542479634284973145e+00 3.737396717071533203e+00 6.963052749633789062e+00 5.190265655517578125e+00 6.955662250518798828e+00
3.721649169921875000e+00 -inf 3.721649169921875000e+00 6.962391853332519531e+00 5.232388019561767578e+00 6.954228878021240234e+00
3.737676858901977539e+00 -inf 3.737676858901977539e+00 6.962022304534912109e+00 5.305500507354736328e+00 6.952337265014648438e+00
3.735058546066284180e+00 -inf 3.735058546066284180e+00 6.961884975433349609e+00 5.450022220611572266e+00 6.948311328887939453e+00
3.641622304916381836e+00 -inf 3.641622304916381836e+00 6.961606025695800781e+00 5.684883594512939453e+00 6.938011646270751953e+00
3.673622608184814453e+00 -9.166561961174011230e-01 3.673611402511596680e+00 6.961016178131103516e+00 5.901819705963134766e+00 6.921364307403564453e+00
3.672600984573364258e+00 1.647774726152420044e-01 3.672466278076171875e+00 6.960700511932373047e+00 6.103701114654541016e+00 6.895705699920654297e+00
3.612507104873657227e+00 -inf 3.612507104873657227e+00 6.960733413696289062e+00 6.250035762786865234e+00 6.866706848144531250e+00
3.647019386291503906e+00 -1.862632855772972107e-02 3.646925687789916992e+00 6.960056304931640625e+00 6.334213733673095703e+00 6.842764377593994141e+00
3.703227043151855469e+00 8.491866588592529297e-01 3.702618837356567383e+00 6.959899425506591797e+00 6.393212318420410156e+00 6.822498798370361328e+00
3.728148460388183594e+00 1.026251837611198425e-01 3.728045701980590820e+00 6.959667682647705078e+00 6.443977355957031250e+00 6.801648139953613281e+00
3.786326408386230469e+00 4.071126878261566162e-01 3.786145210266113281e+00 6.959257125854492188e+00 6.484512329101562500e+00 6.781969547271728516e+00
3.886046886444091797e+00 1.119109869003295898e+00 3.885303497314453125e+00 6.958933830261230469e+00 6.521636962890625000e+00 6.761471271514892578e+00
3.975206851959228516e+00 1.229327082633972168e+00 3.974426507949829102e+00 6.958407402038574219e+00 6.557089328765869141e+00 6.738796234130859375e+00
4.054450035095214844e+00 8.562196493148803711e-01 4.054174900054931641e+00 6.957778930664062500e+00 6.584233760833740234e+00 6.718870639801025391e+00
4.149244308471679688e+00 3.835821151733398438e-01 4.149169921875000000e+00 6.957579135894775391e+00 6.612641334533691406e+00 6.696423053741455078e+00
4.235932350158691406e+00 1.143115162849426270e+00 4.235581398010253906e+00 6.955957412719726562e+00 6.592627525329589844e+00 6.709401130676269531e+00
4.250814437866210938e+00 1.733385682106018066e+00 4.249493598937988281e+00 6.955872058868408203e+00 6.537354946136474609e+00 6.747218608856201172e+00
4.240107059478759766e+00 1.227945566177368164e+00 4.239684581756591797e+00 6.954789638519287109e+00 6.495698451995849609e+00 6.769394397735595703e+00
4.284859657287597656e+00 7.763372659683227539e-01 4.284724712371826172e+00 6.954388141632080078e+00 6.465859889984130859e+00 6.783890247344970703e+00
4.314835548400878906e+00 -1.112400293350219727e+00 4.314833641052246094e+00 6.954336643218994141e+00 6.428310871124267578e+00 6.800776004791259766e+00
4.365947246551513672e+00 -1.063232898712158203e+00 4.365945339202880859e+00 6.953705310821533203e+00 6.471185684204101562e+00 6.780288219451904297e+00
4.415604591369628906e+00 5.645947456359863281e-01 4.415543556213378906e+00 6.953032970428466797e+00 6.525413513183593750e+00 6.749900817871093750e+00
4.426899433135986328e+00 3.051959574222564697e-01 4.426866531372070312e+00 6.952342033386230469e+00 6.469060420989990234e+00 6.779298782348632812e+00
4.454397201538085938e+00 9.731335639953613281e-01 4.454253673553466797e+00 6.951645851135253906e+00 6.447014808654785156e+00 6.788682460784912109e+00
4.492225646972656250e+00 1.184372544288635254e+00 4.492012023925781250e+00 6.950857639312744141e+00 6.408163547515869141e+00 6.804178237915039062e+00
4.514414787292480469e+00 -inf 4.514414787292480469e+00 6.950165748596191406e+00 6.365846157073974609e+00 6.819148540496826172e+00
4.530927658081054688e+00 2.205108106136322021e-01 4.530906677246093750e+00 6.949780464172363281e+00 6.365916728973388672e+00 6.818603515625000000e+00
4.537607669830322266e+00 -2.139825522899627686e-01 4.537600040435791016e+00 6.948840141296386719e+00 6.356272220611572266e+00 6.820690631866455078e+00
4.566371917724609375e+00 2.769353985786437988e-01 4.566349983215332031e+00 6.948618412017822266e+00 6.401576995849609375e+00 6.803674221038818359e+00
4.547799110412597656e+00 -6.202986836433410645e-01 4.547796249389648438e+00 6.947349548339843750e+00 6.313406944274902344e+00 6.832539081573486328e+00
4.566391468048095703e+00 -4.716445803642272949e-01 4.566387653350830078e+00 6.947545051574707031e+00 6.287889957427978516e+00 6.840223312377929688e+00
4.577336788177490234e+00 -inf 4.577336788177490234e+00 6.947454452514648438e+00 6.252432823181152344e+00 6.849551677703857422e+00
4.589210987091064453e+00 -inf 4.589210987091064453e+00 6.947263717651367188e+00 6.266742229461669922e+00 6.845615863800048828e+00
4.599893569946289062e+00 -6.297095417976379395e-01 4.599891185760498047e+00 6.946722030639648438e+00 6.234727382659912109e+00 6.853008270263671875e+00
4.609567165374755859e+00 3.555365279316902161e-02 4.609555244445800781e+00 6.946502208709716797e+00 6.215497493743896484e+00 6.857244968414306641e+00
4.600902557373046875e+00 -1.754777580499649048e-01 4.600895404815673828e+00 6.946735858917236328e+00 6.201519966125488281e+00 6.860656261444091797e+00
4.601134300231933594e+00 -inf 4.601134300231933594e+00 6.946524620056152344e+00 6.230499267578125000e+00 6.853775978088378906e+00
4.596807003021240234e+00 -1.805450081825256348e+00 4.596806526184082031e+00 6.946054458618164062e+00 6.233378887176513672e+00 6.852503776550292969e+00
4.598075389862060547e+00 -inf 4.598075389862060547e+00 6.944102287292480469e+00 6.032253742218017578e+00 6.887346744537353516e+00
4.600909233093261719e+00 -inf 4.600909233093261719e+00 6.944029331207275391e+00 5.953377723693847656e+00 6.897221565246582031e+00
4.598085880279541016e+00 -inf 4.598085880279541016e+00 6.944098949432373047e+00 5.861925125122070312e+00 6.906581878662109375e+00
4.595574855804443359e+00 -inf 4.595574855804443359e+00 6.944289684295654297e+00 5.884618759155273438e+00 6.904683113098144531e+00
4.578441143035888672e+00 -inf 4.578441143035888672e+00 6.944338798522949219e+00 5.900831222534179688e+00 6.903156757354736328e+00
4.572197437286376953e+00 -inf 4.572197437286376953e+00 6.944666385650634766e+00 5.969244480133056641e+00 6.896087169647216797e+00
4.569148540496826172e+00 -1.287503242492675781e+00 4.569147586822509766e+00 6.944258213043212891e+00 6.108599185943603516e+00 6.875718116760253906e+00
4.564764976501464844e+00 -inf 4.564764976501464844e+00 6.944516658782958984e+00 6.244322776794433594e+00 6.847911834716796875e+00
4.560612678527832031e+00 7.629389762878417969e-01 4.560543537139892578e+00 6.944427967071533203e+00 6.338931560516357422e+00 6.820628643035888672e+00
4.533469676971435547e+00 1.167528629302978516e+00 4.533283233642578125e+00 6.944405078887939453e+00 6.402648925781250000e+00 6.797348499298095703e+00
4.523842334747314453e+00 1.422529220581054688e+00 4.523497581481933594e+00 6.944537162780761719e+00 6.457067966461181641e+00 6.773528099060058594e+00
4.500681400299072266e+00 1.561518430709838867e+00 4.500181674957275391e+00 6.944637775421142578e+00 6.502362728118896484e+00 6.750015258789062500e+00
4.489979743957519531e+00 1.809203982353210449e+00 4.489073276519775391e+00 6.944173812866210938e+00 6.527640342712402344e+00 6.734292984008789062e+00
4.477104663848876953e+00 -1.734073162078857422e-01 4.477094650268554688e+00 6.944111347198486328e+00 6.425850868225097656e+00 6.787214756011962891e+00
4.460250854492187500e+00 -6.990447640419006348e-01 4.460247516632080078e+00 6.944569110870361328e+00 6.379470825195312500e+00 6.806576251983642578e+00
4.441476345062255859e+00 -inf 4.441476345062255859e+00 6.944359302520751953e+00 6.287442207336425781e+00 6.836267471313476562e+00
4.435914993286132812e+00 4.951538145542144775e-02 4.435897350311279297e+00 6.944531917572021484e+00 6.166283130645751953e+00 6.865370273590087891e+00
4.458931446075439453e+00 5.470619797706604004e-01 4.458878993988037109e+00 6.944193840026855469e+00 6.206644535064697266e+00 6.856415748596191406e+00
4.493295192718505859e+00 1.512436628341674805e+00 4.492841720581054688e+00 6.943534851074218750e+00 6.290612697601318359e+00 6.834307193756103516e+00
4.544562339782714844e+00 1.804228782653808594e+00 4.543771743774414062e+00 6.943754673004150391e+00 6.379877567291259766e+00 6.805303096771240234e+00
4.574522972106933594e+00 1.879791140556335449e+00 4.573644638061523438e+00 6.943434238433837891e+00 6.477117061614990234e+00 6.761838436126708984e+00
4.627082347869873047e+00 1.981548905372619629e+00 4.626099109649658203e+00 6.943158626556396484e+00 6.550439834594726562e+00 6.717793941497802734e+00
4.677896499633789062e+00 2.206181049346923828e+00 4.676427841186523438e+00 6.942846298217773438e+00 6.602688312530517578e+00 6.677707672119140625e+00
4.718476295471191406e+00 2.634562253952026367e+00 4.714881420135498047e+00 6.942719936370849609e+00 6.637581825256347656e+00 6.645759105682373047e+00
4.770409584045410156e+00 2.642850637435913086e+00 4.767159938812255859e+00 6.942234039306640625e+00 6.666315078735351562e+00 6.614550590515136719e+00
4.835207462310791016e+00 2.653914213180541992e+00 4.832336902618408203e+00 6.941448688507080078e+00 6.689746379852294922e+00 6.584761619567871094e+00
4.894546508789062500e+00 3.074973344802856445e+00 4.887916088104248047e+00 6.941299438476562500e+00 6.705281734466552734e+00 6.563781738281250000e+00
4.926878452301025391e+00 3.386459350585937500e+00 4.914181709289550781e+00 6.940944671630859375e+00 6.728641033172607422e+00 6.528282165527343750e+00
4.965448856353759766e+00 3.324002504348754883e+00 4.955417633056640625e+00 6.940707206726074219e+00 6.752133369445800781e+00 6.487524509429931641e+00
5.004848957061767578e+00 3.049662113189697266e+00 5.000007152557373047e+00 6.940460681915283203e+00 6.767473697662353516e+00 6.457062244415283203e+00
5.035961627960205078e+00 3.485550880432128906e+00 5.023558139801025391e+00 6.940029621124267578e+00 6.776679992675781250e+00 6.436244010925292969e+00
5.054911613464355469e+00 3.548051357269287109e+00 5.041178703308105469e+00 6.940204143524169922e+00 6.787525653839111328e+00 6.412091255187988281e+00
5.072894573211669922e+00 3.541837692260742188e+00 5.059916496276855469e+00 6.940351009368896484e+00 6.800077438354492188e+00 6.381289958953857422e+00
5.092595577239990234e+00 3.528487443923950195e+00 5.080582141876220703e+00 6.940194606781005859e+00 6.808020114898681641e+00 6.359145641326904297e+00
5.110988140106201172e+00 3.087058544158935547e+00 5.106858730316162109e+00 6.939718246459960938e+00 6.756810188293457031e+00 6.475918292999267578e+00
5.124872684478759766e+00 2.312129497528076172e+00 5.124203681945800781e+00 6.940048217773437500e+00 6.676846504211425781e+00 6.597578525543212891e+00
5.137109279632568359e+00 7.542203068733215332e-01 5.137091159820556641e+00 6.939925670623779297e+00 6.557533740997314453e+00 6.707393169403076172e+00
5.159230709075927734e+00 3.764109611511230469e-01 5.159223556518554688e+00 6.939971446990966797e+00 6.409572124481201172e+00 6.788253307342529297e+00
5.169859886169433594e+00 -inf 5.169859886169433594e+00 6.939435005187988281e+00 6.240699768066406250e+00 6.842466354370117188e+00
5.182843208312988281e+00 6.203135848045349121e-01 5.182831287384033203e+00 6.939064502716064453e+00 6.124450206756591797e+00 6.866822719573974609e+00
5.196213722229003906e+00 -6.790050119161605835e-02 5.196211338043212891e+00 6.938579082489013672e+00 6.076494693756103516e+00 6.874400138854980469e+00
5.207292556762695312e+00 1.731156259775161743e-01 5.207288742065429688e+00 6.939024925231933594e+00 6.027757167816162109e+00 6.882188796997070312e+00
5.218620300292968750e+00 -2.395579367876052856e-01 5.218618869781494141e+00 6.939420700073242188e+00 6.042420864105224609e+00 6.880551815032958984e+00
5.228661060333251953e+00 -3.746507689356803894e-02 5.228658676147460938e+00 6.939641475677490234e+00 6.131093502044677734e+00 6.866292953491210938e+00
5.238167285919189453e+00 9.278014898300170898e-01 5.238145828247070312e+00 6.939653396606445312e+00 6.219608306884765625e+00 6.847856044769287109e+00
5.245107650756835938e+00 -1.106627434492111206e-01 5.245105743408203125e+00 6.939649105072021484e+00 6.230640888214111328e+00 6.845212936401367188e+00
5.252238750457763672e+00 3.845770955085754395e-01 5.252232551574707031e+00 6.939767360687255859e+00 6.279564857482910156e+00 6.832599163055419922e+00
5.259272098541259766e+00 -5.731122195720672607e-02 5.259269714355468750e+00 6.940071582794189453e+00 6.289399147033691406e+00 6.830198764801025391e+00
5.262133121490478516e+00 -2.121857181191444397e-02 5.262130737304687500e+00 6.939929008483886719e+00 6.270744800567626953e+00 6.835241794586181641e+00
5.260773658752441406e+00 -6.731279492378234863e-01 5.260773181915283203e+00 6.940205097198486328e+00 6.249601364135742188e+00 6.841177940368652344e+00
5.263997077941894531e+00 -2.450119853019714355e-01 5.263996124267578125e+00 6.940670967102050781e+00 6.231977462768554688e+00 6.846158027648925781e+00
5.265664100646972656e+00 -1.504708766937255859e+00 5.265664100646972656e+00 6.941026210784912109e+00 6.213347911834716797e+00 6.851006984710693359e+00
5.265343666076660156e+00 -1.168255329132080078e+00 5.265343189239501953e+00 6.941393852233886719e+00 6.255678176879882812e+00 6.841105937957763672e+00
5.263912200927734375e+00 2.150635235011577606e-02 5.263909816741943359e+00 6.941617965698242188e+00 6.311267375946044922e+00 6.825714111328125000e+00
5.260823726654052734e+00 8.769642561674118042e-02 5.260820865631103516e+00 6.942145824432373047e+00 6.255429744720458984e+00 6.842117309570312500e+00
5.257119655609130859e+00 1.318982243537902832e-01 5.257115840911865234e+00 6.943008422851562500e+00 6.235795021057128906e+00 6.848134994506835938e+00
5.241580486297607422e+00 -8.693107217550277710e-02 5.241578102111816406e+00 6.943181991577148438e+00 6.207490921020507812e+00 6.854987144470214844e+00
5.237078189849853516e+00 2.701889351010322571e-02 5.237075805664062500e+00 6.943366527557373047e+00 6.235508441925048828e+00 6.848650455474853516e+00
5.233081817626953125e+00 7.070152759552001953e-01 5.233067989349365234e+00 6.943344116210937500e+00 6.268349170684814453e+00 6.840227603912353516e+00
5.228374958038330078e+00 1.204838991165161133e+00 5.228333473205566406e+00 6.943393230438232422e+00 6.298275470733642578e+00 6.831907749176025391e+00
5.221685409545898438e+00 1.469355225563049316e+00 5.221608161926269531e+00 6.943632602691650391e+00 6.330609321594238281e+00 6.822287559509277344e+00
5.212550640106201172e+00 1.300964117050170898e+00 5.212497711181640625e+00 6.944139957427978516e+00 6.368562221527099609e+00 6.810002803802490234e+00
5.187927246093750000e+00 1.426358819007873535e+00 5.187852382659912109e+00 6.944202899932861328e+00 6.441073417663574219e+00 6.780554771423339844e+00
5.175392627716064453e+00 2.180048704147338867e+00 5.174953460693359375e+00 6.943889617919921875e+00 6.498114109039306641e+00 6.751234054565429688e+00
