5.585157394409179688e+00 -inf 5.585157394409179688e+00 6.974761962890625000e+00 5.624945163726806641e+00 6.954909801483154297e+00
5.579491615295410156e+00 -inf 5.579491615295410156e+00 6.974698543548583984e+00 5.732543468475341797e+00 6.949091434478759766e+00
5.574080944061279297e+00 -inf 5.574080944061279297e+00 6.974662780761718750e+00 5.764117717742919922e+00 6.947058677673339844e+00
5.567507266998291016e+00 -inf 5.567507266998291016e+00 6.975190639495849609e+00 5.763431072235107422e+00 6.947666168212890625e+00
5.560247898101806641e+00 -inf 5.560247898101806641e+00 6.977009773254394531e+00 5.761999130249023438e+00 6.949697971343994141e+00
5.550979137420654297e+00 -inf 5.550979137420654297e+00 6.978069305419921875e+00 5.752649307250976562e+00 6.951423645019531250e+00
5.543087005615234375e+00 -inf 5.543087005615234375e+00 6.978662967681884766e+00 5.718760490417480469e+00 6.954110622406005859e+00
5.537868499755859375e+00 -inf 5.537868499755859375e+00 6.978966712951660156e+00 5.656804084777832031e+00 6.957775115966796875e+00
5.536804676055908203e+00 -inf 5.536804676055908203e+00 6.979755878448486328e+00 5.596737384796142578e+00 6.961394786834716797e+00
5.535168647766113281e+00 -inf 5.535168647766113281e+00 6.980334281921386719e+00 5.548980712890625000e+00 6.963943481445312500e+00
5.531435966491699219e+00 -inf 5.531435966491699219e+00 6.980962276458740234e+00 5.508985519409179688e+00 6.966061115264892578e+00
5.530791282653808594e+00 -inf 5.530791282653808594e+00 6.981680870056152344e+00 5.519512176513671875e+00 6.966432571411132812e+00
5.534582138061523438e+00 -inf 5.534582138061523438e+00 6.982214450836181641e+00 5.565239429473876953e+00 6.965261459350585938e+00
5.540445804595947266e+00 -inf 5.540445804595947266e+00 6.982719421386718750e+00 5.645998477935791016e+00 6.962242603302001953e+00
5.550826549530029297e+00 -inf 5.550826549530029297e+00 6.982881546020507812e+00 5.749165534973144531e+00 6.956757545471191406e+00
5.563162326812744141e+00 -inf 5.563162326812744141e+00 6.982928276062011719e+00 5.865712165832519531e+00 6.948437690734863281e+00
5.575603485107421875e+00 -inf 5.575603485107421875e+00 6.982961177825927734e+00 5.978287220001220703e+00 6.937720298767089844e+00
5.586283683776855469e+00 -inf 5.586283683776855469e+00 6.983045101165771484e+00 6.059376716613769531e+00 6.927916049957275391e+00
5.598390102386474609e+00 -inf 5.598390102386474609e+00 6.983054161071777344e+00 6.136017322540283203e+00 6.916429996490478516e+00
5.616692543029785156e+00 -inf 5.616692543029785156e+00 6.982770919799804688e+00 6.218455791473388672e+00 6.900767803192138672e+00
5.637643337249755859e+00 -inf 5.637643337249755859e+00 6.982321739196777344e+00 6.269299507141113281e+00 6.888855934143066406e+00
5.664792060852050781e+00 -inf 5.664792060852050781e+00 6.981122493743896484e+00 6.308113098144531250e+00 6.877471923828125000e+00
5.693858623504638672e+00 -inf 5.693858623504638672e+00 6.979881286621093750e+00 6.342882633209228516e+00 6.865991592407226562e+00
5.728969573974609375e+00 -inf 5.728969573974609375e+00 6.977736473083496094e+00 6.364531993865966797e+00 6.856449127197265625e+00
5.768197059631347656e+00 -inf 5.768197059631347656e+00 6.975301265716552734e+00 6.372458457946777344e+00 6.850622653961181641e+00
5.811532497406005859e+00 -inf 5.811532497406005859e+00 6.972265720367431641e+00 6.365650653839111328e+00 6.848835468292236328e+00
5.875147342681884766e+00 1.685895681381225586e+00 5.875117301940917969e+00 6.967301368713378906e+00 6.340724945068359375e+00 6.850236892700195312e+00
5.935081481933593750e+00 -inf 5.935081481933593750e+00 6.961971759796142578e+00 6.306805610656738281e+00 6.853384017944335938e+00
6.015236377716064453e+00 -inf 6.015236377716064453e+00 6.953661441802978516e+00 6.266490936279296875e+00 6.853750705718994141e+00
6.070573329925537109e+00 -inf 6.070573329925537109e+00 6.947174549102783203e+00 6.223005294799804688e+00 6.856341838836669922e+00
6.117787361145019531e+00 -inf 6.117787361145019531e+00 6.940526962280273438e+00 6.203938961029052734e+00 6.852533340454101562e+00
6.173970699310302734e+00 -inf 6.173970699310302734e+00 6.931586742401123047e+00 6.190634727478027344e+00 6.844567775726318359e+00
6.236008644104003906e+00 -inf 6.236008644104003906e+00 6.920021057128906250e+00 6.170579910278320312e+00 6.834863185882568359e+00
6.279598236083984375e+00 -inf 6.279598236083984375e+00 6.910776615142822266e+00 6.149702072143554688e+00 6.828097343444824219e+00
6.311141014099121094e+00 2.593219041824340820e+00 6.311057567596435547e+00 6.902841091156005859e+00 6.123766422271728516e+00 6.823843479156494141e+00
6.338232994079589844e+00 1.683481335639953613e+00 6.338223934173583984e+00 6.894644737243652344e+00 6.074993610382080078e+00 6.823307991027832031e+00
6.362377166748046875e+00 2.161530494689941406e+00 6.362349987030029297e+00 6.886577606201171875e+00 6.000738620758056641e+00 6.826064586639404297e+00
6.381449222564697266e+00 2.231055259704589844e+00 6.381418704986572266e+00 6.879557609558105469e+00 5.908864498138427734e+00 6.830418586730957031e+00
6.395064830780029297e+00 2.795966386795043945e+00 6.394955158233642578e+00 6.874199390411376953e+00 5.831560134887695312e+00 6.832931041717529297e+00
6.407577514648437500e+00 2.394898653030395508e+00 6.407535076141357422e+00 6.869176387786865234e+00 5.780159950256347656e+00 6.832270145416259766e+00
6.420083999633789062e+00 -inf 6.420083999633789062e+00 6.864668369293212891e+00 5.724009037017822266e+00 6.832060813903808594e+00
6.433613777160644531e+00 -inf 6.433613777160644531e+00 6.859783172607421875e+00 5.700642108917236328e+00 6.828583717346191406e+00
6.447790145874023438e+00 -inf 6.447790145874023438e+00 6.854181289672851562e+00 5.690372467041015625e+00 6.823328018188476562e+00
6.460623741149902344e+00 -inf 6.460623741149902344e+00 6.848607540130615234e+00 5.713780403137207031e+00 6.815540790557861328e+00
6.472433090209960938e+00 -inf 6.472433090209960938e+00 6.843318462371826172e+00 5.758601665496826172e+00 6.806028366088867188e+00
6.482630252838134766e+00 -inf 6.482630252838134766e+00 6.837396621704101562e+00 5.810547828674316406e+00 6.794522285461425781e+00
6.491687774658203125e+00 -inf 6.491687774658203125e+00 6.831467151641845703e+00 5.853855609893798828e+00 6.783149719238281250e+00
6.500044345855712891e+00 -inf 6.500044345855712891e+00 6.825827121734619141e+00 5.893839836120605469e+00 6.771811485290527344e+00
6.509330272674560547e+00 -inf 6.509330272674560547e+00 6.819705963134765625e+00 5.920108318328857422e+00 6.761212825775146484e+00
6.519095420837402344e+00 -inf 6.519095420837402344e+00 6.812867641448974609e+00 5.931154727935791016e+00 6.751734256744384766e+00
6.528276920318603516e+00 -inf 6.528276920318603516e+00 6.804853439331054688e+00 5.944822311401367188e+00 6.740346908569335938e+00
6.537761688232421875e+00 -inf 6.537761688232421875e+00 6.797096252441406250e+00 5.961052894592285156e+00 6.728620529174804688e+00
6.544480800628662109e+00 1.677538871765136719e+00 6.544473648071289062e+00 6.790127277374267578e+00 5.983292579650878906e+00 6.716461181640625000e+00
6.550551414489746094e+00 2.003961324691772461e+00 6.550539493560791016e+00 6.781996250152587891e+00 6.003908157348632812e+00 6.702803134918212891e+00
6.558134555816650391e+00 1.415827274322509766e+00 6.558131217956542969e+00 6.773401737213134766e+00 6.021669864654541016e+00 6.688738346099853516e+00
6.565711021423339844e+00 2.452591419219970703e+00 6.565677642822265625e+00 6.764721870422363281e+00 6.031383991241455078e+00 6.675994873046875000e+00
6.573200225830078125e+00 2.530147075653076172e+00 6.573161125183105469e+00 6.755118370056152344e+00 6.041104793548583984e+00 6.661889553070068359e+00
6.578740119934082031e+00 2.944272994995117188e+00 6.578640460968017578e+00 6.746293067932128906e+00 6.057704925537109375e+00 6.646748542785644531e+00
6.586122035980224609e+00 2.936846256256103516e+00 6.586023807525634766e+00 6.736680984497070312e+00 6.069653034210205078e+00 6.631403923034667969e+00
6.597331523895263672e+00 3.019723653793334961e+00 6.597217082977294922e+00 6.724474906921386719e+00 6.066365718841552734e+00 6.616719245910644531e+00
6.607998371124267578e+00 3.234755039215087891e+00 6.607814788818359375e+00 6.713577747344970703e+00 6.064795494079589844e+00 6.603158950805664062e+00
6.615821361541748047e+00 3.249007463455200195e+00 6.615635395050048828e+00 6.703231811523437500e+00 6.057483673095703125e+00 6.591930389404296875e+00
6.623435974121093750e+00 3.567394733428955078e+00 6.623054027557373047e+00 6.693098545074462891e+00 6.039373397827148438e+00 6.584099769592285156e+00
6.631236553192138672e+00 3.791215419769287109e+00 6.630608558654785156e+00 6.681977748870849609e+00 6.006476879119873047e+00 6.578996181488037109e+00
6.639433860778808594e+00 3.851069450378417969e+00 6.638725757598876953e+00 6.670400142669677734e+00 5.957000255584716797e+00 6.577023506164550781e+00
6.646589756011962891e+00 3.569237709045410156e+00 6.646225929260253906e+00 6.659322261810302734e+00 5.900200366973876953e+00 6.576232910156250000e+00
6.653695106506347656e+00 3.222132921218872070e+00 6.653534412384033203e+00 6.647313594818115234e+00 5.843168258666992188e+00 6.573149681091308594e+00
6.658927440643310547e+00 1.361081361770629883e+00 6.658924102783203125e+00 6.636548519134521484e+00 5.794249534606933594e+00 6.569133281707763672e+00
6.662191867828369141e+00 2.781205415725708008e+00 6.662134170532226562e+00 6.628079891204833984e+00 5.748548507690429688e+00 6.566615581512451172e+00
6.665167808532714844e+00 2.884982824325561523e+00 6.665096282958984375e+00 6.619969844818115234e+00 5.701383590698242188e+00 6.564146518707275391e+00
6.667050361633300781e+00 2.708644390106201172e+00 6.667003154754638672e+00 6.614340782165527344e+00 5.659054756164550781e+00 6.563319206237792969e+00
6.668280601501464844e+00 2.325498819351196289e+00 6.668261528015136719e+00 6.609335899353027344e+00 5.629968643188476562e+00 6.561223983764648438e+00
6.668200492858886719e+00 2.698163509368896484e+00 6.668154716491699219e+00 6.605282306671142578e+00 5.607626438140869141e+00 6.559263706207275391e+00
6.667977809906005859e+00 2.163969278335571289e+00 6.667963981628417969e+00 6.599650859832763672e+00 5.586350917816162109e+00 6.555346488952636719e+00
6.668021202087402344e+00 1.974377989768981934e+00 6.668012142181396484e+00 6.594746589660644531e+00 5.551629543304443359e+00 6.553525924682617188e+00
6.669304847717285156e+00 2.239178895950317383e+00 6.669289112091064453e+00 6.588422298431396484e+00 5.511195182800292969e+00 6.550455570220947266e+00
6.670861244201660156e+00 2.145124435424804688e+00 6.670848846435546875e+00 6.581960678100585938e+00 5.470643043518066406e+00 6.546978950500488281e+00
6.672308921813964844e+00 2.783838272094726562e+00 6.672253608703613281e+00 6.575454711914062500e+00 5.414351940155029297e+00 6.544401168823242188e+00
6.674557685852050781e+00 2.858916521072387695e+00 6.674491405487060547e+00 6.568262577056884766e+00 5.354583263397216797e+00 6.540863513946533203e+00
6.678245544433593750e+00 2.614305973052978516e+00 6.678208827972412109e+00 6.559510231018066406e+00 5.318835258483886719e+00 6.533812522888183594e+00
6.683023929595947266e+00 2.430983304977416992e+00 6.682999610900878906e+00 6.548810958862304688e+00 5.311979293823242188e+00 6.522877216339111328e+00
6.687573432922363281e+00 2.645964622497558594e+00 6.687534809112548828e+00 6.537724971771240234e+00 5.336685657501220703e+00 6.509490013122558594e+00
6.691665172576904297e+00 2.847627878189086914e+00 6.691603660583496094e+00 6.527486324310302734e+00 5.380444049835205078e+00 6.495371341705322266e+00
6.695307254791259766e+00 3.222569227218627930e+00 6.695160388946533203e+00 6.517168045043945312e+00 5.449888229370117188e+00 6.478281497955322266e+00
6.698808670043945312e+00 3.407502889633178711e+00 6.698586940765380859e+00 6.506111621856689453e+00 5.516498088836669922e+00 6.459185123443603516e+00
6.702261447906494141e+00 3.757646083831787109e+00 6.701768875122070312e+00 6.494680881500244141e+00 5.581410408020019531e+00 6.438123703002929688e+00
6.705925464630126953e+00 3.937546014785766602e+00 6.705184936523437500e+00 6.482933044433593750e+00 5.655261993408203125e+00 6.413012504577636719e+00
6.710963726043701172e+00 4.131092071533203125e+00 6.709818840026855469e+00 6.466907501220703125e+00 5.714645385742187500e+00 6.382357597351074219e+00
6.715718746185302734e+00 4.351894855499267578e+00 6.713835239410400391e+00 6.451258659362792969e+00 5.755500793457031250e+00 6.353541374206542969e+00
6.716743946075439453e+00 4.477979183197021484e+00 6.714231014251708984e+00 6.440986156463623047e+00 5.803915977478027344e+00 6.327116966247558594e+00
6.716938972473144531e+00 4.611537933349609375e+00 6.713518619537353516e+00 6.432013988494873047e+00 5.845832347869873047e+00 6.301651000976562500e+00
6.715968132019042969e+00 4.723951339721679688e+00 6.711521625518798828e+00 6.424551963806152344e+00 5.879590034484863281e+00 6.278780937194824219e+00
6.715010166168212891e+00 4.848982334136962891e+00 6.709057331085205078e+00 6.416091442108154297e+00 5.900812625885009766e+00 6.257891178131103516e+00
6.713314056396484375e+00 4.952624797821044922e+00 6.705712795257568359e+00 6.410517692565917969e+00 5.925437450408935547e+00 6.238352775573730469e+00
6.709793090820312500e+00 5.023380279541015625e+00 6.700758457183837891e+00 6.406724452972412109e+00 5.935845851898193359e+00 6.227477550506591797e+00
6.705224514007568359e+00 5.025985240936279297e+00 6.696038722991943359e+00 6.404188632965087891e+00 5.936939716339111328e+00 6.223075866699218750e+00
6.700614452362060547e+00 5.032836914062500000e+00 6.691180229187011719e+00 6.401409626007080078e+00 5.939444065093994141e+00 6.217537403106689453e+00
6.697030544281005859e+00 5.032439231872558594e+00 6.687526226043701172e+00 6.398099422454833984e+00 5.944489002227783203e+00 6.209757328033447266e+00
6.693565368652343750e+00 5.023430824279785156e+00 6.684182643890380859e+00 6.395715713500976562e+00 5.949913501739501953e+00 6.203075885772705078e+00
6.690214633941650391e+00 5.017163753509521484e+00 6.680894851684570312e+00 6.392790794372558594e+00 5.944237232208251953e+00 6.201679706573486328e+00
6.687030315399169922e+00 5.038205623626708984e+00 6.677170753479003906e+00 6.389160156250000000e+00 5.946225643157958984e+00 6.194911003112792969e+00
6.683872699737548828e+00 5.053338050842285156e+00 6.673583507537841797e+00 6.382945060729980469e+00 5.939678192138671875e+00 6.188881874084472656e+00
6.682227134704589844e+00 5.041749000549316406e+00 6.672173023223876953e+00 6.373819828033447266e+00 5.931880474090576172e+00 6.179008007049560547e+00
6.680314540863037109e+00 4.984669685363769531e+00 6.671473503112792969e+00 6.367616176605224609e+00 5.913872241973876953e+00 6.179346084594726562e+00
6.679003715515136719e+00 4.926247596740722656e+00 6.671260833740234375e+00 6.360815525054931641e+00 5.886778354644775391e+00 6.183174133300781250e+00
6.678073406219482422e+00 4.842096805572509766e+00 6.671690464019775391e+00 6.354658603668212891e+00 5.850957870483398438e+00 6.191271305084228516e+00
6.675849437713623047e+00 4.745563507080078125e+00 6.670719146728515625e+00 6.344436168670654297e+00 5.787921428680419922e+00 6.203188419342041016e+00
6.673574924468994141e+00 4.630095958709716797e+00 6.669627666473388672e+00 6.339997768402099609e+00 5.727553844451904297e+00 6.218466758728027344e+00
6.670964717864990234e+00 4.549828052520751953e+00 6.667666435241699219e+00 6.334959983825683594e+00 5.653891563415527344e+00 6.233458042144775391e+00
6.668696880340576172e+00 4.442194938659667969e+00 6.666111946105957031e+00 6.329825878143310547e+00 5.577025413513183594e+00 6.245392322540283203e+00
6.666169643402099609e+00 4.405003070831298828e+00 6.663781642913818359e+00 6.326126575469970703e+00 5.534723281860351562e+00 6.249547958374023438e+00
6.663431644439697266e+00 4.371479034423828125e+00 6.661209106445312500e+00 6.325011253356933594e+00 5.518208503723144531e+00 6.251340389251708984e+00
6.660973548889160156e+00 4.368348121643066406e+00 6.658753871917724609e+00 6.323941707611083984e+00 5.495349884033203125e+00 6.254181861877441406e+00
6.659309387207031250e+00 4.379908084869384766e+00 6.657021045684814453e+00 6.321688652038574219e+00 5.463579177856445312e+00 6.256872653961181641e+00
6.657915592193603516e+00 4.377191066741943359e+00 6.655633926391601562e+00 6.319236755371093750e+00 5.457834720611572266e+00 6.254949092864990234e+00
6.656746864318847656e+00 4.395835399627685547e+00 6.654357433319091797e+00 6.315716743469238281e+00 5.444468021392822266e+00 6.252979278564453125e+00
6.655715465545654297e+00 4.452387332916259766e+00 6.652987003326416016e+00 6.312060356140136719e+00 5.426470279693603516e+00 6.251509666442871094e+00
6.654125690460205078e+00 4.484266757965087891e+00 6.651177883148193359e+00 6.309071540832519531e+00 5.432837963104248047e+00 6.247103214263916016e+00
6.652701854705810547e+00 4.531955718994140625e+00 6.649400234222412109e+00 6.306873321533203125e+00 5.439350605010986328e+00 6.243554115295410156e+00
6.650678157806396484e+00 4.594377517700195312e+00 6.646845817565917969e+00 6.305094242095947266e+00 5.459250450134277344e+00 6.238271236419677734e+00
6.648612976074218750e+00 4.615964412689208984e+00 6.644566059112548828e+00 6.302814006805419922e+00 5.479701995849609375e+00 6.232092380523681641e+00
6.647539615631103516e+00 4.594778060913085938e+00 6.643676757812500000e+00 6.300172805786132812e+00 5.497051715850830078e+00 6.225817680358886719e+00
6.646488666534423828e+00 4.572344779968261719e+00 6.642812728881835938e+00 6.297614097595214844e+00 5.490628242492675781e+00 6.223977088928222656e+00
6.645468235015869141e+00 4.610572814941406250e+00 6.641442298889160156e+00 6.295053005218505859e+00 5.493363380432128906e+00 6.220430374145507812e+00
6.644839763641357422e+00 4.582264900207519531e+00 6.641063213348388672e+00 6.291727066040039062e+00 5.482851505279541016e+00 6.218438625335693359e+00
6.644320487976074219e+00 4.578262329101562500e+00 6.640574455261230469e+00 6.287197113037109375e+00 5.493265151977539062e+00 6.211103439331054688e+00
6.644183635711669922e+00 4.556579113006591797e+00 6.640618801116943359e+00 6.281424522399902344e+00 5.507403373718261719e+00 6.201412200927734375e+00
6.644712924957275391e+00 4.555636405944824219e+00 6.641161441802978516e+00 6.275049686431884766e+00 5.520293712615966797e+00 6.191034317016601562e+00
6.646080017089843750e+00 4.547537803649902344e+00 6.642605781555175781e+00 6.267428398132324219e+00 5.535264968872070312e+00 6.178434848785400391e+00
6.647814750671386719e+00 4.596838951110839844e+00 6.643934726715087891e+00 6.259501934051513672e+00 5.541605472564697266e+00 6.167196750640869141e+00
6.649744033813476562e+00 4.591647148132324219e+00 6.645929336547851562e+00 6.250068664550781250e+00 5.523847103118896484e+00 6.159712314605712891e+00
6.653359889984130859e+00 4.554702281951904297e+00 6.649886131286621094e+00 6.238351345062255859e+00 5.522496700286865234e+00 6.145562171936035156e+00
6.657738208770751953e+00 4.510094642639160156e+00 6.654635429382324219e+00 6.225044727325439453e+00 5.516577720642089844e+00 6.130476951599121094e+00
6.661985397338867188e+00 4.487151622772216797e+00 6.659071922302246094e+00 6.212115287780761719e+00 5.513826370239257812e+00 6.115035533905029297e+00
6.665836811065673828e+00 4.493414878845214844e+00 6.662906169891357422e+00 6.199139595031738281e+00 5.505887985229492188e+00 6.100788593292236328e+00
6.669031620025634766e+00 4.453802585601806641e+00 6.666378498077392578e+00 6.188233375549316406e+00 5.495340824127197266e+00 6.089790821075439453e+00
6.671770095825195312e+00 4.429718494415283203e+00 6.669274806976318359e+00 6.176868915557861328e+00 5.485775470733642578e+00 6.077967166900634766e+00
6.675375461578369141e+00 4.359519481658935547e+00 6.673271656036376953e+00 6.163551807403564453e+00 5.468127250671386719e+00 6.065750122070312500e+00
6.679164886474609375e+00 4.284739017486572266e+00 6.677410602569580078e+00 6.149190425872802734e+00 5.434447765350341797e+00 6.056135654449462891e+00
6.682260513305664062e+00 4.295209884643554688e+00 6.680476188659667969e+00 6.136346340179443359e+00 5.416067123413085938e+00 6.044604301452636719e+00
6.685522556304931641e+00 4.257784366607666016e+00 6.683897495269775391e+00 6.121222972869873047e+00 5.403890609741210938e+00 6.028784275054931641e+00
6.687660694122314453e+00 4.282410144805908203e+00 6.685948371887207031e+00 6.109654903411865234e+00 5.386416912078857422e+00 6.018606662750244141e+00
6.689080715179443359e+00 4.348544597625732422e+00 6.687093734741210938e+00 6.099189758300781250e+00 5.365312576293945312e+00 6.010585308074951172e+00
6.691002368927001953e+00 4.366513252258300781e+00 6.688941478729248047e+00 6.087992191314697266e+00 5.351277828216552734e+00 6.000025749206542969e+00
6.692043781280517578e+00 4.381438732147216797e+00 6.689913749694824219e+00 6.079064369201660156e+00 5.346073627471923828e+00 5.990257740020751953e+00
6.693304061889648438e+00 4.360314369201660156e+00 6.691281795501708984e+00 6.069025993347167969e+00 5.345144748687744141e+00 5.978126525878906250e+00
6.693738937377929688e+00 4.396178245544433594e+00 6.691545486450195312e+00 6.061538219451904297e+00 5.358383178710937500e+00 5.965668201446533203e+00
6.693455696105957031e+00 4.384874820709228516e+00 6.691317081451416016e+00 6.054954051971435547e+00 5.350439548492431641e+00 5.959418296813964844e+00
6.693683624267578125e+00 4.412338733673095703e+00 6.691405296325683594e+00 6.043258190155029297e+00 5.323284626007080078e+00 5.951444625854492188e+00
6.693182945251464844e+00 4.370625495910644531e+00 6.691112041473388672e+00 6.033657550811767578e+00 5.298063278198242188e+00 5.945440769195556641e+00
6.692152500152587891e+00 4.383208751678466797e+00 6.690013408660888672e+00 6.024968624114990234e+00 5.280678749084472656e+00 5.938686370849609375e+00
6.690336704254150391e+00 4.451012611389160156e+00 6.687826633453369141e+00 6.018915176391601562e+00 5.252873420715332031e+00 5.937270641326904297e+00
6.687630653381347656e+00 4.532051086425781250e+00 6.684584617614746094e+00 6.010921478271484375e+00 5.225170135498046875e+00 5.933245658874511719e+00
6.684001445770263672e+00 4.600478172302246094e+00 6.680402755737304688e+00 6.000754833221435547e+00 5.197060108184814453e+00 5.926506996154785156e+00
6.680006980895996094e+00 4.665616035461425781e+00 6.675784111022949219e+00 5.994348526000976562e+00 5.152072429656982422e+00 5.926928997039794922e+00
6.675430774688720703e+00 4.708484649658203125e+00 6.670719146728515625e+00 5.988918781280517578e+00 5.089251995086669922e+00 5.930436134338378906e+00
6.671229839324951172e+00 4.708808898925781250e+00 6.666468143463134766e+00 5.982384204864501953e+00 5.041113853454589844e+00 5.929582118988037109e+00
6.667863845825195312e+00 4.723549842834472656e+00 6.662897109985351562e+00 5.972841739654541016e+00 4.994997978210449219e+00 5.924551963806152344e+00
6.664847373962402344e+00 4.750176429748535156e+00 6.659528255462646484e+00 5.961434364318847656e+00 4.955039501190185547e+00 5.916382312774658203e+00
6.662211418151855469e+00 4.773817062377929688e+00 6.656558990478515625e+00 5.950315475463867188e+00 4.924284458160400391e+00 5.907356262207031250e+00
6.659998893737792969e+00 4.804029941558837891e+00 6.653905391693115234e+00 5.938083648681640625e+00 4.885165214538574219e+00 5.897827148437500000e+00
6.656548023223876953e+00 4.836417675018310547e+00 6.649926662445068359e+00 5.928549289703369141e+00 4.825291633605957031e+00 5.892885208129882812e+00
6.653487682342529297e+00 4.862525463104248047e+00 6.646402835845947266e+00 5.917464733123779297e+00 4.786620140075683594e+00 5.884081363677978516e+00
6.649934291839599609e+00 4.866590023040771484e+00 6.642723083496093750e+00 5.906801700592041016e+00 4.742391109466552734e+00 5.875992298126220703e+00
6.647349357604980469e+00 4.825980663299560547e+00 6.640746593475341797e+00 5.893112182617187500e+00 4.677059173583984375e+00 5.865867137908935547e+00
6.643838882446289062e+00 4.790583133697509766e+00 6.637706279754638672e+00 5.882163524627685547e+00 4.623435497283935547e+00 5.857542514801025391e+00
6.641521930694580078e+00 4.798823356628417969e+00 6.635238647460937500e+00 5.865953922271728516e+00 4.557486057281494141e+00 5.844064712524414062e+00
6.639950752258300781e+00 4.806815147399902344e+00 6.633526325225830078e+00 5.846678256988525391e+00 4.565715789794921875e+00 5.823319435119628906e+00
6.639516830444335938e+00 4.840381622314453125e+00 6.632564067840576172e+00 5.819285392761230469e+00 4.546104431152343750e+00 5.795493602752685547e+00
6.639008522033691406e+00 4.875091075897216797e+00 6.631464481353759766e+00 5.789072036743164062e+00 4.515406131744384766e+00 5.765305995941162109e+00
6.638586521148681641e+00 4.914748191833496094e+00 6.630306243896484375e+00 5.754120349884033203e+00 4.379325389862060547e+00 5.735401153564453125e+00
6.635872364044189453e+00 4.962600231170654297e+00 6.626557350158691406e+00 5.725410938262939453e+00 4.291157722473144531e+00 5.709131717681884766e+00
6.633491039276123047e+00 4.984846115112304688e+00 6.623627185821533203e+00 5.689499855041503906e+00 4.247326374053955078e+00 5.673520088195800781e+00
6.632622718811035156e+00 4.990255832672119141e+00 6.622613906860351562e+00 5.641958236694335938e+00 4.239601135253906250e+00 5.624412059783935547e+00
6.630941390991210938e+00 5.023689270019531250e+00 6.620078086853027344e+00 5.592256069183349609e+00 4.240116596221923828e+00 5.572510242462158203e+00
6.628783702850341797e+00 5.072090148925781250e+00 6.616560459136962891e+00 5.540988445281982422e+00 4.218397617340087891e+00 5.519817829132080078e+00
6.624255657196044922e+00 5.113279819488525391e+00 6.610654830932617188e+00 5.494592189788818359e+00 4.102327346801757812e+00 5.476625919342041016e+00
6.617789745330810547e+00 5.149682044982910156e+00 6.602752685546875000e+00 5.453119754791259766e+00 4.086157798767089844e+00 5.434051513671875000e+00
6.609130382537841797e+00 5.156479835510253906e+00 6.593538284301757812e+00 5.410808086395263672e+00 4.140073299407958984e+00 5.386877536773681641e+00
6.599542617797851562e+00 5.163053512573242188e+00 6.583348274230957031e+00 5.372495651245117188e+00 4.080994129180908203e+00 5.349712371826171875e+00
6.590966701507568359e+00 5.163093566894531250e+00 6.574441432952880859e+00 5.312508583068847656e+00 4.043122291564941406e+00 5.288500785827636719e+00
6.581133842468261719e+00 5.173852920532226562e+00 6.563789844512939453e+00 5.270156860351562500e+00 4.025501251220703125e+00 5.244699954986572266e+00
6.570614814758300781e+00 5.190058231353759766e+00 6.552146911621093750e+00 5.215647697448730469e+00 4.001469135284423828e+00 5.188281536102294922e+00
6.560068130493164062e+00 5.169374465942382812e+00 6.542034149169921875e+00 5.148739814758300781e+00 4.008007049560546875e+00 5.116137504577636719e+00
6.549265384674072266e+00 5.208726406097412109e+00 6.528972625732421875e+00 5.108318805694580078e+00 3.849802970886230469e+00 5.083685398101806641e+00
6.538072586059570312e+00 5.218708515167236328e+00 6.516740322113037109e+00 5.077848911285400391e+00 3.717533111572265625e+00 5.058479785919189453e+00
6.528501510620117188e+00 5.253368854522705078e+00 6.504818439483642578e+00 5.031036853790283203e+00 3.586127996444702148e+00 5.015159606933593750e+00
6.520171165466308594e+00 5.275692939758300781e+00 6.494704246520996094e+00 4.970621109008789062e+00 3.329115867614746094e+00 4.960591316223144531e+00
6.509382724761962891e+00 5.299360752105712891e+00 6.481745243072509766e+00 4.894460201263427734e+00 3.211746931076049805e+00 4.885348320007324219e+00
6.494447231292724609e+00 5.315988063812255859e+00 6.464652538299560547e+00 4.817399978637695312e+00 2.827977657318115234e+00 4.812926769256591797e+00
6.474210262298583984e+00 5.323434352874755859e+00 6.442380905151367188e+00 4.733007431030273438e+00 2.486669063568115234e+00 4.730537891387939453e+00
6.450571537017822266e+00 5.350350379943847656e+00 6.414645671844482422e+00 4.678520679473876953e+00 2.709629535675048828e+00 4.673830032348632812e+00
6.429054737091064453e+00 5.367198944091796875e+00 6.389656066894531250e+00 4.638537883758544922e+00 2.226389646530151367e+00 4.636853218078613281e+00
6.410464286804199219e+00 5.382507324218750000e+00 6.367704868316650391e+00 4.606415271759033203e+00 2.162130832672119141e+00 4.604851245880126953e+00
6.389814376831054688e+00 5.386131763458251953e+00 6.344464778900146484e+00 4.542477607727050781e+00 1.376898288726806641e+00 4.542181015014648438e+00
6.371884346008300781e+00 5.398070812225341797e+00 6.323117256164550781e+00 4.527122020721435547e+00 -inf 4.527122020721435547e+00
6.354224681854248047e+00 5.389333724975585938e+00 6.304384708404541016e+00 4.504959106445312500e+00 -inf 4.504959106445312500e+00
6.340374946594238281e+00 5.414484977722167969e+00 6.285544395446777344e+00 4.442400932312011719e+00 -inf 4.442400932312011719e+00
6.327434062957763672e+00 5.439738273620605469e+00 6.267197608947753906e+00 4.420143127441406250e+00 -inf 4.420143127441406250e+00
6.314342021942138672e+00 5.467666625976562500e+00 6.247657775878906250e+00 4.396339416503906250e+00 -inf 4.396339416503906250e+00
6.300496578216552734e+00 5.488603591918945312e+00 6.227760314941406250e+00 4.369832038879394531e+00 -inf 4.369832038879394531e+00
6.289230823516845703e+00 5.491867542266845703e+00 6.213791847229003906e+00 4.339976787567138672e+00 -inf 4.339976787567138672e+00
6.278076171875000000e+00 5.505498886108398438e+00 6.197771549224853516e+00 4.308032512664794922e+00 -inf 4.308032512664794922e+00
6.265202999114990234e+00 5.535775661468505859e+00 6.175584793090820312e+00 4.275652885437011719e+00 -inf 4.275652885437011719e+00
6.255249500274658203e+00 5.562721252441406250e+00 6.156713485717773438e+00 4.266328811645507812e+00 -inf 4.266328811645507812e+00
6.246103286743164062e+00 5.581474781036376953e+00 6.140166282653808594e+00 4.266329765319824219e+00 -inf 4.266329765319824219e+00
6.238359451293945312e+00 5.597400665283203125e+00 6.125649929046630859e+00 4.266330718994140625e+00 -inf 4.266330718994140625e+00
6.231008529663085938e+00 5.613008022308349609e+00 6.111256122589111328e+00 4.266331672668457031e+00 -inf 4.266331672668457031e+00
6.225232601165771484e+00 5.619487285614013672e+00 6.101515293121337891e+00 4.266332149505615234e+00 -inf 4.266332149505615234e+00
6.218769550323486328e+00 5.611769199371337891e+00 6.095466136932373047e+00 4.266332626342773438e+00 -inf 4.266332626342773438e+00
6.211822986602783203e+00 5.600720405578613281e+00 6.089857101440429688e+00 4.266333103179931641e+00 -inf 4.266333103179931641e+00
6.203878879547119141e+00 5.597659587860107422e+00 6.080318450927734375e+00 4.266333580017089844e+00 -inf 4.266333580017089844e+00
6.197458744049072266e+00 5.601949214935302734e+00 6.070313453674316406e+00 4.266569137573242188e+00 -inf 4.266569137573242188e+00
6.190667152404785156e+00 5.591604232788085938e+00 6.064724445343017578e+00 4.266334533691406250e+00 -inf 4.266334533691406250e+00
6.183856010437011719e+00 5.572963237762451172e+00 6.061822891235351562e+00 4.266334533691406250e+00 -inf 4.266334533691406250e+00
6.178062438964843750e+00 5.552177429199218750e+00 6.060782909393310547e+00 4.266335487365722656e+00 -inf 4.266335487365722656e+00
6.172353267669677734e+00 5.529146194458007812e+00 6.060307502746582031e+00 4.266335964202880859e+00 -inf 4.266335964202880859e+00
6.164399147033691406e+00 5.523773193359375000e+00 6.051590442657470703e+00 4.266336441040039062e+00 -inf 4.266336441040039062e+00
6.157516479492187500e+00 5.512765407562255859e+00 6.045924663543701172e+00 4.266336917877197266e+00 -inf 4.266336917877197266e+00
6.151642799377441406e+00 5.494890213012695312e+00 6.043503761291503906e+00 4.266337394714355469e+00 -inf 4.266337394714355469e+00
6.144847869873046875e+00 5.466828823089599609e+00 6.042538642883300781e+00 4.266337871551513672e+00 -inf 4.266337871551513672e+00
6.137504100799560547e+00 5.437266349792480469e+00 6.040911197662353516e+00 4.266338348388671875e+00 -inf 4.266338348388671875e+00
6.132808685302734375e+00 5.405662536621093750e+00 6.042665958404541016e+00 4.266338825225830078e+00 -inf 4.266338825225830078e+00
