5.585157394409179688e+00 -inf 5.585157394409179688e+00 6.974761962890625000e+00 5.624945163726806641e+00 6.954909801483154297e+00
5.579492092132568359e+00 -inf 5.579492092132568359e+00 6.974702358245849609e+00 5.732919692993164062e+00 6.949071407318115234e+00
5.574082851409912109e+00 -inf 5.574082851409912109e+00 6.974670410156250000e+00 5.765786170959472656e+00 6.946958065032958984e+00
5.567506313323974609e+00 -inf 5.567506313323974609e+00 6.974489688873291016e+00 5.762461185455322266e+00 6.946982383728027344e+00
5.560249805450439453e+00 -inf 5.560249805450439453e+00 6.975466251373291016e+00 5.762651443481445312e+00 6.948013782501220703e+00
5.550981998443603516e+00 -inf 5.550981998443603516e+00 6.975696086883544922e+00 5.746040821075439453e+00 6.949316978454589844e+00
5.543186187744140625e+00 -inf 5.543186187744140625e+00 6.976213932037353516e+00 5.706618785858154297e+00 6.952218055725097656e+00
5.538171768188476562e+00 -inf 5.538171768188476562e+00 6.976515293121337891e+00 5.637337207794189453e+00 6.956156253814697266e+00
5.537870407104492188e+00 -inf 5.537870407104492188e+00 6.977334976196289062e+00 5.579331874847412109e+00 6.959609031677246094e+00
5.536268234252929688e+00 -inf 5.536268234252929688e+00 6.978128433227539062e+00 5.543883323669433594e+00 6.961848258972167969e+00
5.533897876739501953e+00 -inf 5.533897876739501953e+00 6.978792190551757812e+00 5.552192687988281250e+00 6.962217330932617188e+00
5.533960342407226562e+00 -inf 5.533960342407226562e+00 6.979189872741699219e+00 5.569727420806884766e+00 6.961935520172119141e+00
5.536588668823242188e+00 -inf 5.536588668823242188e+00 6.979543685913085938e+00 5.607978343963623047e+00 6.960680961608886719e+00
5.543464183807373047e+00 -inf 5.543464183807373047e+00 6.979863166809082031e+00 5.655485153198242188e+00 6.958781719207763672e+00
5.552199840545654297e+00 -inf 5.552199840545654297e+00 6.979986667633056641e+00 5.721815586090087891e+00 6.955333232879638672e+00
5.562348365783691406e+00 -inf 5.562348365783691406e+00 6.980016708374023438e+00 5.766986846923828125e+00 6.952576160430908203e+00
5.573965072631835938e+00 -inf 5.573965072631835938e+00 6.979815959930419922e+00 5.816317081451416016e+00 6.948939800262451172e+00
5.583014488220214844e+00 -inf 5.583014488220214844e+00 6.979693889617919922e+00 5.870440006256103516e+00 6.944538116455078125e+00
5.595751285552978516e+00 -inf 5.595751285552978516e+00 6.979407787322998047e+00 5.924261093139648438e+00 6.939366340637207031e+00
5.611899375915527344e+00 -inf 5.611899375915527344e+00 6.978949546813964844e+00 5.974730491638183594e+00 6.933658599853515625e+00
5.625417232513427734e+00 -inf 5.625417232513427734e+00 6.978579044342041016e+00 6.021941184997558594e+00 6.927724838256835938e+00
5.637804508209228516e+00 -inf 5.637804508209228516e+00 6.978229045867919922e+00 6.069562911987304688e+00 6.921028137207031250e+00
5.649547100067138672e+00 -inf 5.649547100067138672e+00 6.977900505065917969e+00 6.115999698638916016e+00 6.913691520690917969e+00
5.661897659301757812e+00 -inf 5.661897659301757812e+00 6.976847648620605469e+00 6.150620460510253906e+00 6.906674385070800781e+00
5.676664352416992188e+00 -inf 5.676664352416992188e+00 6.975986480712890625e+00 6.177361488342285156e+00 6.900786399841308594e+00
5.693233966827392578e+00 -inf 5.693233966827392578e+00 6.975200653076171875e+00 6.202524185180664062e+00 6.894916057586669922e+00
5.712857246398925781e+00 -inf 5.712857246398925781e+00 6.973925590515136719e+00 6.221999645233154297e+00 6.889303684234619141e+00
5.729022979736328125e+00 -inf 5.729022979736328125e+00 6.972490310668945312e+00 6.229334831237792969e+00 6.885959625244140625e+00
5.747568607330322266e+00 -inf 5.747568607330322266e+00 6.970877170562744141e+00 6.222743988037109375e+00 6.885434627532958984e+00
5.748771667480468750e+00 -inf 5.748771667480468750e+00 6.970817089080810547e+00 6.222853660583496094e+00 6.885338306427001953e+00
5.779307842254638672e+00 -inf 5.779307842254638672e+00 6.966558456420898438e+00 6.185377120971679688e+00 6.887982368469238281e+00
5.792788982391357422e+00 -inf 5.792788982391357422e+00 6.964433193206787109e+00 6.145157814025878906e+00 6.893029212951660156e+00
5.804753780364990234e+00 -inf 5.804753780364990234e+00 6.963766574859619141e+00 6.103039264678955078e+00 6.899370670318603516e+00
5.818832397460937500e+00 -inf 5.818832397460937500e+00 6.962059974670410156e+00 6.057371616363525391e+00 6.904295921325683594e+00
5.831658363342285156e+00 -inf 5.831658363342285156e+00 6.960570812225341797e+00 6.020948886871337891e+00 6.907555103302001953e+00
5.841965675354003906e+00 -inf 5.841965675354003906e+00 6.959585189819335938e+00 5.979607582092285156e+00 6.911545276641845703e+00
5.852043151855468750e+00 -inf 5.852043151855468750e+00 6.958449363708496094e+00 5.933000087738037109e+00 6.915430068969726562e+00
5.863568782806396484e+00 -inf 5.863568782806396484e+00 6.957627296447753906e+00 5.893652439117431641e+00 6.918429851531982422e+00
5.873961448669433594e+00 -inf 5.873961448669433594e+00 6.956552028656005859e+00 5.865422248840332031e+00 6.919833660125732422e+00
5.888398170471191406e+00 -inf 5.888398170471191406e+00 6.955393314361572266e+00 5.840690612792968750e+00 6.920694828033447266e+00
5.909557819366455078e+00 -inf 5.909557819366455078e+00 6.953184127807617188e+00 5.822924613952636719e+00 6.919754981994628906e+00
5.938881874084472656e+00 -inf 5.938881874084472656e+00 6.950176239013671875e+00 5.813170909881591797e+00 6.917281150817871094e+00
5.961798191070556641e+00 -inf 5.961798191070556641e+00 6.947750568389892578e+00 5.820123672485351562e+00 6.914108753204345703e+00
5.978812217712402344e+00 -inf 5.978812217712402344e+00 6.945730686187744141e+00 5.821334838867187500e+00 6.911827087402343750e+00
5.995262622833251953e+00 -inf 5.995262622833251953e+00 6.943524360656738281e+00 5.814972877502441406e+00 6.909957885742187500e+00
6.011113643646240234e+00 -inf 6.011113643646240234e+00 6.941199779510498047e+00 5.807936668395996094e+00 6.908009052276611328e+00
6.032983303070068359e+00 -inf 6.032983303070068359e+00 6.938335895538330078e+00 5.804977893829345703e+00 6.905153751373291016e+00
6.060053825378417969e+00 -inf 6.060053825378417969e+00 6.934681892395019531e+00 5.801295280456542969e+00 6.901501655578613281e+00
6.083543300628662109e+00 -inf 6.083543300628662109e+00 6.931460380554199219e+00 5.786149024963378906e+00 6.899212837219238281e+00
6.105521202087402344e+00 -inf 6.105521202087402344e+00 6.928022861480712891e+00 5.775712490081787109e+00 6.896310329437255859e+00
6.124921321868896484e+00 -inf 6.124921321868896484e+00 6.925063133239746094e+00 5.775186538696289062e+00 6.893165588378906250e+00
6.143620491027832031e+00 -inf 6.143620491027832031e+00 6.922042846679687500e+00 5.784616470336914062e+00 6.889181613922119141e+00
6.159739971160888672e+00 -inf 6.159739971160888672e+00 6.919331550598144531e+00 5.798948287963867188e+00 6.885101318359375000e+00
6.172845363616943359e+00 -inf 6.172845363616943359e+00 6.916852474212646484e+00 5.816364765167236328e+00 6.880950927734375000e+00
6.184109687805175781e+00 -inf 6.184109687805175781e+00 6.914842605590820312e+00 5.850277423858642578e+00 6.875700950622558594e+00
6.194845199584960938e+00 -inf 6.194845199584960938e+00 6.912261962890625000e+00 5.876067638397216797e+00 6.870346069335937500e+00
6.204592227935791016e+00 -inf 6.204592227935791016e+00 6.910241603851318359e+00 5.884630203247070312e+00 6.867240428924560547e+00
6.213423252105712891e+00 2.045624971389770508e+00 6.213393688201904297e+00 6.908426284790039062e+00 5.894161701202392578e+00 6.864225864410400391e+00
6.220663070678710938e+00 -inf 6.220663070678710938e+00 6.906964778900146484e+00 5.905194282531738281e+00 6.861403465270996094e+00
6.227853775024414062e+00 -inf 6.227853775024414062e+00 6.905197143554687500e+00 5.911936283111572266e+00 6.858684539794921875e+00
6.235348701477050781e+00 -inf 6.235348701477050781e+00 6.903478622436523438e+00 5.915663719177246094e+00 6.856346130371093750e+00
6.242804527282714844e+00 -inf 6.242804527282714844e+00 6.901911258697509766e+00 5.920890808105468750e+00 6.853992462158203125e+00
6.249779701232910156e+00 -inf 6.249779701232910156e+00 6.900422573089599609e+00 5.921669006347656250e+00 6.852239131927490234e+00
6.256793498992919922e+00 -inf 6.256793498992919922e+00 6.898535728454589844e+00 5.921637535095214844e+00 6.850132942199707031e+00
6.264366626739501953e+00 -inf 6.264366626739501953e+00 6.896865367889404297e+00 5.920303344726562500e+00 6.848424434661865234e+00
6.270821094512939453e+00 -inf 6.270821094512939453e+00 6.895416259765625000e+00 5.918228626251220703e+00 6.847048759460449219e+00
6.275568962097167969e+00 -inf 6.275568962097167969e+00 6.894353389739990234e+00 5.920668125152587891e+00 6.845570564270019531e+00
6.279240131378173828e+00 -inf 6.279240131378173828e+00 6.893321514129638672e+00 5.931471347808837891e+00 6.843111038208007812e+00
6.281956672668457031e+00 1.906334638595581055e+00 6.281937599182128906e+00 6.892380237579345703e+00 5.942649841308593750e+00 6.840661048889160156e+00
6.283737659454345703e+00 1.675568580627441406e+00 6.283726692199707031e+00 6.892005920410156250e+00 5.954076766967773438e+00 6.838770389556884766e+00
6.285251617431640625e+00 -inf 6.285251617431640625e+00 6.891746044158935547e+00 5.958016872406005859e+00 6.837960243225097656e+00
6.287453174591064453e+00 -inf 6.287453174591064453e+00 6.891300678253173828e+00 5.961686611175537109e+00 6.836969375610351562e+00
6.290609836578369141e+00 -inf 6.290609836578369141e+00 6.890638828277587891e+00 5.969995498657226562e+00 6.835097312927246094e+00
6.294404983520507812e+00 -inf 6.294404983520507812e+00 6.889819622039794922e+00 5.986185073852539062e+00 6.831904888153076172e+00
6.299797058105468750e+00 -inf 6.299797058105468750e+00 6.888571262359619141e+00 5.993130683898925781e+00 6.829475402832031250e+00
6.305635929107666016e+00 -inf 6.305635929107666016e+00 6.887188434600830078e+00 6.005723953247070312e+00 6.826016426086425781e+00
6.311339378356933594e+00 -inf 6.311339378356933594e+00 6.885807991027832031e+00 6.011249065399169922e+00 6.823582172393798828e+00
6.317807197570800781e+00 2.417663574218750000e+00 6.317752361297607422e+00 6.884191989898681641e+00 6.016785621643066406e+00 6.820853710174560547e+00
6.325119972229003906e+00 2.265402555465698242e+00 6.325080871582031250e+00 6.882319927215576172e+00 6.019320487976074219e+00 6.818286418914794922e+00
6.332843780517578125e+00 -inf 6.332843780517578125e+00 6.880305767059326172e+00 6.022695541381835938e+00 6.815409660339355469e+00
6.340845584869384766e+00 -inf 6.340845584869384766e+00 6.878180980682373047e+00 6.040335655212402344e+00 6.810013294219970703e+00
6.348708629608154297e+00 -inf 6.348708629608154297e+00 6.875835895538330078e+00 6.050747394561767578e+00 6.805462837219238281e+00
6.354958534240722656e+00 1.668429255485534668e+00 6.354948997497558594e+00 6.873888492584228516e+00 6.055691719055175781e+00 6.802292346954345703e+00
6.358930110931396484e+00 2.543617486953735352e+00 6.358864307403564453e+00 6.872274398803710938e+00 6.054899215698242188e+00 6.800529956817626953e+00
6.361213207244873047e+00 2.301277875900268555e+00 6.361174583435058594e+00 6.871746063232421875e+00 6.055559158325195312e+00 6.799787998199462891e+00
6.362091064453125000e+00 2.379121065139770508e+00 6.362045288085937500e+00 6.871661663055419922e+00 6.054546356201171875e+00 6.799870014190673828e+00
6.360605716705322266e+00 2.415148973464965820e+00 6.360557079315185547e+00 6.872060775756835938e+00 6.051853179931640625e+00 6.800822734832763672e+00
6.359370231628417969e+00 1.851109504699707031e+00 6.359356403350830078e+00 6.871467590332031250e+00 6.044373989105224609e+00 6.801446437835693359e+00
6.357870101928710938e+00 -inf 6.357870101928710938e+00 6.872067928314208984e+00 6.033847332000732422e+00 6.803964614868164062e+00
6.355945110321044922e+00 2.416981220245361328e+00 6.355895519256591797e+00 6.872533321380615234e+00 6.014967441558837891e+00 6.807630538940429688e+00
6.353458404541015625e+00 2.586966276168823242e+00 6.353384017944335938e+00 6.873500347137451172e+00 5.998794555664062500e+00 6.811298370361328125e+00
6.350646972656250000e+00 2.394059658050537109e+00 6.350597858428955078e+00 6.874232292175292969e+00 5.978964328765869141e+00 6.815110683441162109e+00
6.347610950469970703e+00 2.284145116806030273e+00 6.347575187683105469e+00 6.875253677368164062e+00 5.972542762756347656e+00 6.817207813262939453e+00
6.343752384185791016e+00 1.369796514511108398e+00 6.343746662139892578e+00 6.876616001129150391e+00 5.973588466644287109e+00 6.818614959716796875e+00
6.340459346771240234e+00 -inf 6.340459346771240234e+00 6.877481460571289062e+00 5.980718612670898438e+00 6.818578243255615234e+00
6.336041450500488281e+00 -inf 6.336041450500488281e+00 6.878699302673339844e+00 5.991667270660400391e+00 6.818363666534423828e+00
6.329046726226806641e+00 2.323588848114013672e+00 6.329004287719726562e+00 6.880561828613281250e+00 5.999770641326904297e+00 6.819289207458496094e+00
6.320969104766845703e+00 1.924793243408203125e+00 6.320951461791992188e+00 6.882646560668945312e+00 5.999418258666992188e+00 6.821742057800292969e+00
6.311207294464111328e+00 2.000208616256713867e+00 6.311186313629150391e+00 6.885486602783203125e+00 5.999876022338867188e+00 6.824938774108886719e+00
6.298204898834228516e+00 1.914739251136779785e+00 6.298188209533691406e+00 6.888735294342041016e+00 5.998741149902343750e+00 6.828839778900146484e+00
6.282384872436523438e+00 2.143740415573120117e+00 6.282354354858398438e+00 6.892148494720458984e+00 5.994647502899169922e+00 6.833351612091064453e+00
6.263721466064453125e+00 -inf 6.263721466064453125e+00 6.896360874176025391e+00 5.971914768218994141e+00 6.841335296630859375e+00
6.241891860961914062e+00 1.874666452407836914e+00 6.241872787475585938e+00 6.900843620300292969e+00 5.942949771881103516e+00 6.850145816802978516e+00
6.221139907836914062e+00 1.871272563934326172e+00 6.221119880676269531e+00 6.905142307281494141e+00 5.916287899017333984e+00 6.858128070831298828e+00
6.202718734741210938e+00 1.996438384056091309e+00 6.202690601348876953e+00 6.908812046051025391e+00 5.891066551208496094e+00 6.864981651306152344e+00
6.182228565216064453e+00 -inf 6.182228565216064453e+00 6.912892341613769531e+00 5.871889114379882812e+00 6.871460914611816406e+00
6.159422874450683594e+00 -inf 6.159422874450683594e+00 6.916708946228027344e+00 5.844933986663818359e+00 6.878240585327148438e+00
6.134951591491699219e+00 -inf 6.134951591491699219e+00 6.921011924743652344e+00 5.826775074005126953e+00 6.884565830230712891e+00
6.111045360565185547e+00 -inf 6.111045360565185547e+00 6.924484729766845703e+00 5.811707973480224609e+00 6.889624595642089844e+00
6.086096763610839844e+00 -inf 6.086096763610839844e+00 6.927659034729003906e+00 5.791450977325439453e+00 6.894701957702636719e+00
6.062804698944091797e+00 -inf 6.062804698944091797e+00 6.930627822875976562e+00 5.762086868286132812e+00 6.900120258331298828e+00
6.043989181518554688e+00 -inf 6.043989181518554688e+00 6.933057785034179688e+00 5.734804630279541016e+00 6.904634952545166016e+00
6.025346279144287109e+00 -inf 6.025346279144287109e+00 6.935492515563964844e+00 5.713809490203857422e+00 6.908609867095947266e+00
6.004168510437011719e+00 -inf 6.004168510437011719e+00 6.938141345977783203e+00 5.686459541320800781e+00 6.913106441497802734e+00
5.982567787170410156e+00 -inf 5.982567787170410156e+00 6.940472126007080078e+00 5.664512634277343750e+00 6.916834831237792969e+00
5.964710712432861328e+00 -inf 5.964710712432861328e+00 6.942225456237792969e+00 5.662688732147216797e+00 6.918787956237792969e+00
5.948878765106201172e+00 -inf 5.948878765106201172e+00 6.943647861480712891e+00 5.658556461334228516e+00 6.920516014099121094e+00
5.934089183807373047e+00 -inf 5.934089183807373047e+00 6.944847583770751953e+00 5.650049209594726562e+00 6.922240734100341797e+00
5.919246196746826172e+00 -inf 5.919246196746826172e+00 6.946126461029052734e+00 5.636975765228271484e+00 6.924272537231445312e+00
5.902018070220947266e+00 -inf 5.902018070220947266e+00 6.947635173797607422e+00 5.622148036956787109e+00 6.926608085632324219e+00
5.882949352264404297e+00 -inf 5.882949352264404297e+00 6.949220657348632812e+00 5.602765560150146484e+00 6.929209232330322266e+00
5.861331939697265625e+00 -inf 5.861331939697265625e+00 6.950010299682617188e+00 5.596493244171142578e+00 6.930328369140625000e+00
5.836989402770996094e+00 -inf 5.836989402770996094e+00 6.953200340270996094e+00 5.590904235839843750e+00 6.933919906616210938e+00
5.808030128479003906e+00 -inf 5.808030128479003906e+00 6.955447673797607422e+00 5.617614269256591797e+00 6.935024261474609375e+00
5.774514198303222656e+00 -inf 5.774514198303222656e+00 6.957847595214843750e+00 5.665746212005615234e+00 6.935097217559814453e+00
5.737125396728515625e+00 -inf 5.737125396728515625e+00 6.960298061370849609e+00 5.683096408843994141e+00 6.936731338500976562e+00
5.698482990264892578e+00 -inf 5.698482990264892578e+00 6.962604999542236328e+00 5.726734638214111328e+00 6.936612129211425781e+00
5.660771846771240234e+00 -inf 5.660771846771240234e+00 6.964667320251464844e+00 5.766571998596191406e+00 6.936233520507812500e+00
5.625498294830322266e+00 -inf 5.625498294830322266e+00 6.966436862945556641e+00 5.805354595184326172e+00 6.935380935668945312e+00
5.594252109527587891e+00 -inf 5.594252109527587891e+00 6.967913627624511719e+00 5.842844486236572266e+00 6.934065818786621094e+00
5.559997558593750000e+00 -inf 5.559997558593750000e+00 6.969393730163574219e+00 5.870423316955566406e+00 6.933360576629638672e+00
5.524442195892333984e+00 -inf 5.524442195892333984e+00 6.970556259155273438e+00 5.892974376678466797e+00 6.932621955871582031e+00
5.490094184875488281e+00 -inf 5.490094184875488281e+00 6.971690177917480469e+00 5.918663501739501953e+00 6.931446075439453125e+00
5.456390380859375000e+00 -inf 5.456390380859375000e+00 6.972790241241455078e+00 5.947717666625976562e+00 6.929732322692871094e+00
5.426980972290039062e+00 -inf 5.426980972290039062e+00 6.973700523376464844e+00 5.984941482543945312e+00 6.926675319671630859e+00
5.401335239410400391e+00 -inf 5.401335239410400391e+00 6.974471569061279297e+00 6.023634433746337891e+00 6.922890663146972656e+00
5.377457618713378906e+00 -inf 5.377457618713378906e+00 6.975188732147216797e+00 6.065450191497802734e+00 6.918137550354003906e+00
5.354867935180664062e+00 -inf 5.354867935180664062e+00 6.975832462310791016e+00 6.100018501281738281e+00 6.913800716400146484e+00
5.351483821868896484e+00 -inf 5.351483821868896484e+00 6.975929737091064453e+00 6.103921413421630859e+00 6.913310527801513672e+00
5.314661502838134766e+00 -inf 5.314661502838134766e+00 6.976954460144042969e+00 6.152718067169189453e+00 6.906431198120117188e+00
5.302009105682373047e+00 -inf 5.302009105682373047e+00 6.977313041687011719e+00 6.168110370635986328e+00 6.904085159301757812e+00
5.293307304382324219e+00 -inf 5.293307304382324219e+00 6.977595329284667969e+00 6.189067363739013672e+00 6.900460720062255859e+00
5.281549930572509766e+00 -inf 5.281549930572509766e+00 6.977784633636474609e+00 6.210623264312744141e+00 6.896371364593505859e+00
5.267807960510253906e+00 -inf 5.267807960510253906e+00 6.977974414825439453e+00 6.221716403961181641e+00 6.894279003143310547e+00
5.255069732666015625e+00 -inf 5.255069732666015625e+00 6.978064537048339844e+00 6.231056213378906250e+00 6.892377376556396484e+00
5.244862079620361328e+00 -inf 5.244862079620361328e+00 6.978075504302978516e+00 6.234329223632812500e+00 6.891674518585205078e+00
5.237183570861816406e+00 -inf 5.237183570861816406e+00 6.977872848510742188e+00 6.230629444122314453e+00 6.892235279083251953e+00
5.233365058898925781e+00 -inf 5.233365058898925781e+00 6.977711200714111328e+00 6.220269680023193359e+00 6.894267082214355469e+00
5.228974342346191406e+00 -inf 5.228974342346191406e+00 6.977520942687988281e+00 6.203201293945312500e+00 6.897570133209228516e+00
5.226453781127929688e+00 -inf 5.226453781127929688e+00 6.977582454681396484e+00 6.198904514312744141e+00 6.898505210876464844e+00
5.230451107025146484e+00 -inf 5.230451107025146484e+00 6.977576732635498047e+00 6.205756664276123047e+00 6.897118568420410156e+00
5.238598823547363281e+00 -inf 5.238598823547363281e+00 6.977345466613769531e+00 6.219613552093505859e+00 6.893962383270263672e+00
5.244852066040039062e+00 -inf 5.244852066040039062e+00 6.977053642272949219e+00 6.233757495880126953e+00 6.890553951263427734e+00
5.247290134429931641e+00 -inf 5.247290134429931641e+00 6.976684093475341797e+00 6.244271278381347656e+00 6.887747764587402344e+00
5.256862640380859375e+00 -inf 5.256862640380859375e+00 6.976537704467773438e+00 6.256766319274902344e+00 6.884675502777099609e+00
5.264719009399414062e+00 -inf 5.264719009399414062e+00 6.976076126098632812e+00 6.270273208618164062e+00 6.880858421325683594e+00
5.272065162658691406e+00 -inf 5.272065162658691406e+00 6.975436210632324219e+00 6.281464099884033203e+00 6.877268314361572266e+00
5.283648490905761719e+00 -inf 5.283648490905761719e+00 6.974928379058837891e+00 6.295154571533203125e+00 6.873083591461181641e+00
5.293876647949218750e+00 -inf 5.293876647949218750e+00 6.974151611328125000e+00 6.297261238098144531e+00 6.871541023254394531e+00
5.298236846923828125e+00 -inf 5.298236846923828125e+00 6.974040031433105469e+00 6.296641349792480469e+00 6.871565818786621094e+00
5.300501346588134766e+00 -inf 5.300501346588134766e+00 6.973452091217041016e+00 6.295483112335205078e+00 6.871129989624023438e+00
5.302679061889648438e+00 -inf 5.302679061889648438e+00 6.973131656646728516e+00 6.296985626220703125e+00 6.870323181152343750e+00
5.304255008697509766e+00 -inf 5.304255008697509766e+00 6.972155570983886719e+00 6.287549018859863281e+00 6.871579647064208984e+00
5.305475711822509766e+00 -inf 5.305475711822509766e+00 6.971905708312988281e+00 6.263841152191162109e+00 6.877239227294921875e+00
5.305569648742675781e+00 -inf 5.305569648742675781e+00 6.971833705902099609e+00 6.240624427795410156e+00 6.882623672485351562e+00
5.308333396911621094e+00 -inf 5.308333396911621094e+00 6.971351623535156250e+00 6.233135223388671875e+00 6.883723735809326172e+00
5.315690994262695312e+00 -inf 5.315690994262695312e+00 6.970826625823974609e+00 6.224639415740966797e+00 6.884959697723388672e+00
5.327723503112792969e+00 -inf 5.327723503112792969e+00 6.970006465911865234e+00 6.212733268737792969e+00 6.886525154113769531e+00
5.341063022613525391e+00 -inf 5.341063022613525391e+00 6.969252109527587891e+00 6.201673030853271484e+00 6.887926101684570312e+00
5.352331161499023438e+00 -inf 5.352331161499023438e+00 6.968739032745361328e+00 6.191149234771728516e+00 6.889445304870605469e+00
5.364517211914062500e+00 -inf 5.364517211914062500e+00 6.968344211578369141e+00 6.178635120391845703e+00 6.891437053680419922e+00
5.373383045196533203e+00 -inf 5.373383045196533203e+00 6.967571735382080078e+00 6.169846534729003906e+00 6.892202377319335938e+00
5.381711483001708984e+00 -inf 5.381711483001708984e+00 6.966999530792236328e+00 6.160764694213867188e+00 6.893222332000732422e+00
5.387639045715332031e+00 -inf 5.387639045715332031e+00 6.966683387756347656e+00 6.155909061431884766e+00 6.893740653991699219e+00
5.392229080200195312e+00 -inf 5.392229080200195312e+00 6.965550899505615234e+00 6.145458698272705078e+00 6.894293308258056641e+00
5.398776531219482422e+00 -inf 5.398776531219482422e+00 6.965187549591064453e+00 6.138509273529052734e+00 6.895093441009521484e+00
5.407032966613769531e+00 -inf 5.407032966613769531e+00 6.964847087860107422e+00 6.133571624755859375e+00 6.895554542541503906e+00
5.414537429809570312e+00 -inf 5.414537429809570312e+00 6.964067459106445312e+00 6.130331516265869141e+00 6.895197391510009766e+00
5.425415992736816406e+00 -inf 5.425415992736816406e+00 6.963685989379882812e+00 6.135302066802978516e+00 6.893890857696533203e+00
5.438941001892089844e+00 -inf 5.438941001892089844e+00 6.962900638580322266e+00 6.139157295227050781e+00 6.892289638519287109e+00
5.454206943511962891e+00 -inf 5.454206943511962891e+00 6.962398529052734375e+00 6.139711380004882812e+00 6.891602039337158203e+00
5.472207546234130859e+00 -inf 5.472207546234130859e+00 6.961785793304443359e+00 6.140975952148437500e+00 6.890655994415283203e+00
5.487110614776611328e+00 -inf 5.487110614776611328e+00 6.961225032806396484e+00 6.147931575775146484e+00 6.888743877410888672e+00
5.503996849060058594e+00 -inf 5.503996849060058594e+00 6.960356235504150391e+00 6.156769752502441406e+00 6.886088848114013672e+00
5.518229007720947266e+00 -inf 5.518229007720947266e+00 6.959723472595214844e+00 6.172008991241455078e+00 6.882431030273437500e+00
5.533944606781005859e+00 -inf 5.533944606781005859e+00 6.959063529968261719e+00 6.189407348632812500e+00 6.878161907196044922e+00
5.556224346160888672e+00 -inf 5.556224346160888672e+00 6.958114147186279297e+00 6.210382938385009766e+00 6.872584342956542969e+00
5.573929309844970703e+00 -inf 5.573929309844970703e+00 6.957114696502685547e+00 6.227815628051757812e+00 6.867467880249023438e+00
5.592485904693603516e+00 -inf 5.592485904693603516e+00 6.956285953521728516e+00 6.246103763580322266e+00 6.862133979797363281e+00
5.610140323638916016e+00 -inf 5.610140323638916016e+00 6.955454349517822266e+00 6.257964134216308594e+00 6.858173847198486328e+00
5.628918170928955078e+00 -inf 5.628918170928955078e+00 6.954502105712890625e+00 6.268639564514160156e+00 6.854253768920898438e+00
5.647632122039794922e+00 -inf 5.647632122039794922e+00 6.953520774841308594e+00 6.281305789947509766e+00 6.849656581878662109e+00
5.667336463928222656e+00 -inf 5.667336463928222656e+00 6.952466487884521484e+00 6.292342185974121094e+00 6.845277309417724609e+00
5.683847904205322266e+00 -inf 5.683847904205322266e+00 6.951384544372558594e+00 6.301776885986328125e+00 6.841204643249511719e+00
5.698472499847412109e+00 -inf 5.698472499847412109e+00 6.950298786163330078e+00 6.305152893066406250e+00 6.838822364807128906e+00
5.715178489685058594e+00 -inf 5.715178489685058594e+00 6.948983669281005859e+00 6.311334609985351562e+00 6.835289001464843750e+00
5.730138778686523438e+00 -inf 5.730138778686523438e+00 6.947562217712402344e+00 6.314497947692871094e+00 6.832484722137451172e+00
5.744624137878417969e+00 -inf 5.744624137878417969e+00 6.945967197418212891e+00 6.313001632690429688e+00 6.830861091613769531e+00
5.762286186218261719e+00 -inf 5.762286186218261719e+00 6.944500923156738281e+00 6.306996822357177734e+00 6.830762386322021484e+00
5.780651569366455078e+00 -inf 5.780651569366455078e+00 6.942466259002685547e+00 6.292123317718505859e+00 6.832499027252197266e+00
5.799264430999755859e+00 -inf 5.799264430999755859e+00 6.940310955047607422e+00 6.273092269897460938e+00 6.835086345672607422e+00
5.819929599761962891e+00 -inf 5.819929599761962891e+00 6.937276363372802734e+00 6.235849380493164062e+00 6.840979576110839844e+00
5.837502002716064453e+00 -inf 5.837502002716064453e+00 6.934575557708740234e+00 6.170227050781250000e+00 6.852580547332763672e+00
5.849669933319091797e+00 -inf 5.849669933319091797e+00 6.932770729064941406e+00 6.104933738708496094e+00 6.862879276275634766e+00
5.857755184173583984e+00 -inf 5.857755184173583984e+00 6.930958271026611328e+00 6.035819530487060547e+00 6.871818542480468750e+00
5.866783142089843750e+00 -inf 5.866783142089843750e+00 6.929719448089599609e+00 5.975698471069335938e+00 6.878538608551025391e+00
5.874663829803466797e+00 -inf 5.874663829803466797e+00 6.927359104156494141e+00 5.917283058166503906e+00 6.882706642150878906e+00
5.882997512817382812e+00 -inf 5.882997512817382812e+00 6.925977230072021484e+00 5.880472660064697266e+00 6.884994983673095703e+00
5.892251968383789062e+00 -inf 5.892251968383789062e+00 6.924486637115478516e+00 5.858523845672607422e+00 6.885475635528564453e+00
5.902535438537597656e+00 -inf 5.902535438537597656e+00 6.922899723052978516e+00 5.835371494293212891e+00 6.885861873626708984e+00
5.908554553985595703e+00 -inf 5.908554553985595703e+00 6.921501159667968750e+00 5.826060771942138672e+00 6.885160923004150391e+00
5.913125038146972656e+00 -inf 5.913125038146972656e+00 6.920062065124511719e+00 5.823830127716064453e+00 6.883790969848632812e+00
5.919110298156738281e+00 -inf 5.919110298156738281e+00 6.918980121612548828e+00 5.834153652191162109e+00 6.881700992584228516e+00
5.925642967224121094e+00 -inf 5.925642967224121094e+00 6.917955875396728516e+00 5.856486320495605469e+00 6.878521442413330078e+00
5.932097911834716797e+00 -inf 5.932097911834716797e+00 6.916841030120849609e+00 5.885832786560058594e+00 6.874394893646240234e+00
5.936846733093261719e+00 -inf 5.936846733093261719e+00 6.915858745574951172e+00 5.913036346435546875e+00 6.870413780212402344e+00
5.941693305969238281e+00 -inf 5.941693305969238281e+00 6.914987087249755859e+00 5.943306446075439453e+00 6.865966796875000000e+00
5.948397159576416016e+00 -inf 5.948397159576416016e+00 6.913975715637207031e+00 5.978529453277587891e+00 6.860414981842041016e+00
5.958223819732666016e+00 -inf 5.958223819732666016e+00 6.912604808807373047e+00 6.003218650817871094e+00 6.855504512786865234e+00
5.968563079833984375e+00 -inf 5.968563079833984375e+00 6.911186695098876953e+00 6.030748367309570312e+00 6.849860191345214844e+00
5.978418350219726562e+00 -inf 5.978418350219726562e+00 6.909875869750976562e+00 6.061036586761474609e+00 6.843549728393554688e+00
5.987441539764404297e+00 -inf 5.987441539764404297e+00 6.908657550811767578e+00 6.092967510223388672e+00 6.836609840393066406e+00
5.996694564819335938e+00 -inf 5.996694564819335938e+00 6.907126903533935547e+00 6.112842082977294922e+00 6.831100940704345703e+00
6.007596492767333984e+00 -inf 6.007596492767333984e+00 6.905638217926025391e+00 6.137781620025634766e+00 6.824368953704833984e+00
6.021869182586669922e+00 -inf 6.021869182586669922e+00 6.903671741485595703e+00 6.156911373138427734e+00 6.817930221557617188e+00
6.032431602478027344e+00 -inf 6.032431602478027344e+00 6.901472091674804688e+00 6.163512229919433594e+00 6.813785552978515625e+00
6.040968418121337891e+00 -inf 6.040968418121337891e+00 6.899308681488037109e+00 6.164550304412841797e+00 6.810903549194335938e+00
6.050766468048095703e+00 -inf 6.050766468048095703e+00 6.897003650665283203e+00 6.156228542327880859e+00 6.809946060180664062e+00
6.061003208160400391e+00 -inf 6.061003208160400391e+00 6.895311355590820312e+00 6.140861034393310547e+00 6.811230182647705078e+00
6.072799205780029297e+00 -inf 6.072799205780029297e+00 6.892158508300781250e+00 6.112387180328369141e+00 6.813301086425781250e+00
6.086607933044433594e+00 -inf 6.086607933044433594e+00 6.889127254486083984e+00 6.075082302093505859e+00 6.816781520843505859e+00
6.100683212280273438e+00 -inf 6.100683212280273438e+00 6.885709762573242188e+00 6.031702041625976562e+00 6.820229530334472656e+00
6.113989353179931641e+00 -inf 6.113989353179931641e+00 6.882976055145263672e+00 5.980699062347412109e+00 6.824868202209472656e+00
6.127327919006347656e+00 -inf 6.127327919006347656e+00 6.879037857055664062e+00 5.925986766815185547e+00 6.827735900878906250e+00
6.142487525939941406e+00 -inf 6.142487525939941406e+00 6.876330375671386719e+00 5.866405963897705078e+00 6.831661224365234375e+00
6.154793739318847656e+00 -inf 6.154793739318847656e+00 6.873814105987548828e+00 5.812592983245849609e+00 6.834354400634765625e+00
6.164971828460693359e+00 -inf 6.164971828460693359e+00 6.871889591217041016e+00 5.771079063415527344e+00 6.836014270782470703e+00
6.174021720886230469e+00 -inf 6.174021720886230469e+00 6.870175838470458984e+00 5.741044998168945312e+00 6.836655139923095703e+00
6.183078289031982422e+00 -inf 6.183078289031982422e+00 6.868010044097900391e+00 5.730741500854492188e+00 6.835135459899902344e+00
6.192484855651855469e+00 -inf 6.192484855651855469e+00 6.866118907928466797e+00 5.730710506439208984e+00 6.833097934722900391e+00
6.202059268951416016e+00 -inf 6.202059268951416016e+00 6.864150524139404297e+00 5.734665870666503906e+00 6.830658912658691406e+00
6.210827827453613281e+00 -inf 6.210827827453613281e+00 6.862158298492431641e+00 5.753114700317382812e+00 6.826985359191894531e+00
6.218864440917968750e+00 -inf 6.218864440917968750e+00 6.860426902770996094e+00 5.763956546783447266e+00 6.824176311492919922e+00
6.225451946258544922e+00 -inf 6.225451946258544922e+00 6.858677387237548828e+00 5.776757240295410156e+00 6.821136951446533203e+00
6.231742382049560547e+00 -inf 6.231742382049560547e+00 6.857219696044921875e+00 5.793981552124023438e+00 6.817951679229736328e+00
6.236128807067871094e+00 -inf 6.236128807067871094e+00 6.855879306793212891e+00 5.803757190704345703e+00 6.815544605255126953e+00
6.240212440490722656e+00 -inf 6.240212440490722656e+00 6.854652881622314453e+00 5.803508758544921875e+00 6.814223766326904297e+00
6.245158195495605469e+00 -inf 6.245158195495605469e+00 6.853421211242675781e+00 5.810037136077880859e+00 6.812227249145507812e+00
6.250384807586669922e+00 -inf 6.250384807586669922e+00 6.851218700408935547e+00 5.804508686065673828e+00 6.810354232788085938e+00
