5.585157871246337891e+00 -inf 5.585157871246337891e+00 6.974642276763916016e+00 5.624945163726806641e+00 6.954782485961914062e+00
5.579482078552246094e+00 -inf 5.579482078552246094e+00 6.974594116210937500e+00 5.624362945556640625e+00 6.954759120941162109e+00
5.574047088623046875e+00 -inf 5.574047088623046875e+00 6.974575996398925781e+00 5.620554447174072266e+00 6.954917430877685547e+00
5.567425727844238281e+00 -inf 5.567425727844238281e+00 6.973745346069335938e+00 5.596764087677001953e+00 6.955121040344238281e+00
5.559917926788330078e+00 -inf 5.559917926788330078e+00 6.973749637603759766e+00 5.582424640655517578e+00 6.955743312835693359e+00
5.550914764404296875e+00 -inf 5.550914764404296875e+00 6.973741054534912109e+00 5.549593925476074219e+00 6.957070827484130859e+00
5.542422771453857422e+00 -inf 5.542422771453857422e+00 6.972620964050292969e+00 5.495635986328125000e+00 6.957892894744873047e+00
5.536638259887695312e+00 -inf 5.536638259887695312e+00 6.972401142120361328e+00 5.477290153503417969e+00 6.958285331726074219e+00
5.534365177154541016e+00 -inf 5.534365177154541016e+00 6.971229076385498047e+00 5.440333843231201172e+00 6.958246707916259766e+00
5.532651901245117188e+00 -inf 5.532651901245117188e+00 6.969826698303222656e+00 5.415376663208007812e+00 6.957539081573486328e+00
5.529913902282714844e+00 -inf 5.529913902282714844e+00 6.969316959381103516e+00 5.413491249084472656e+00 6.957068920135498047e+00
5.529234886169433594e+00 -inf 5.529234886169433594e+00 6.968771934509277344e+00 5.391651153564453125e+00 6.957117557525634766e+00
5.532299041748046875e+00 -inf 5.532299041748046875e+00 6.968167304992675781e+00 5.402903079986572266e+00 6.956186294555664062e+00
5.540137767791748047e+00 -inf 5.540137767791748047e+00 6.967344760894775391e+00 5.457242012023925781e+00 6.953715801239013672e+00
5.550248622894287109e+00 -inf 5.550248622894287109e+00 6.966451168060302734e+00 5.536356925964355469e+00 6.950011730194091797e+00
5.560885429382324219e+00 -inf 5.560885429382324219e+00 6.965404033660888672e+00 5.607293128967285156e+00 6.945933341979980469e+00
5.570653438568115234e+00 -inf 5.570653438568115234e+00 6.964300632476806641e+00 5.663044452667236328e+00 6.942035675048828125e+00
5.576963424682617188e+00 -inf 5.576963424682617188e+00 6.963265895843505859e+00 5.714663505554199219e+00 6.938046932220458984e+00
5.582290172576904297e+00 -inf 5.582290172576904297e+00 6.962019920349121094e+00 5.760079860687255859e+00 6.933845520019531250e+00
5.589569568634033203e+00 -inf 5.589569568634033203e+00 6.960585117340087891e+00 5.792436122894287109e+00 6.930049419403076172e+00
5.599064350128173828e+00 -inf 5.599064350128173828e+00 6.959270954132080078e+00 5.821378707885742188e+00 6.926446437835693359e+00
5.609244823455810547e+00 -inf 5.609244823455810547e+00 6.957355499267578125e+00 5.836645126342773438e+00 6.923152923583984375e+00
5.616396903991699219e+00 -inf 5.616396903991699219e+00 6.956199645996093750e+00 5.866147994995117188e+00 6.919385910034179688e+00
5.623724460601806641e+00 -inf 5.623724460601806641e+00 6.955106735229492188e+00 5.882817745208740234e+00 6.916686058044433594e+00
5.632819652557373047e+00 -inf 5.632819652557373047e+00 6.953629493713378906e+00 5.886999130249023438e+00 6.914681911468505859e+00
5.641926288604736328e+00 -inf 5.641926288604736328e+00 6.952334880828857422e+00 5.886630058288574219e+00 6.913300514221191406e+00
5.652015209197998047e+00 -inf 5.652015209197998047e+00 6.951337337493896484e+00 5.899288654327392578e+00 6.910996437072753906e+00
5.662849903106689453e+00 -inf 5.662849903106689453e+00 6.950061798095703125e+00 5.900764942169189453e+00 6.909451961517333984e+00
5.670286178588867188e+00 -inf 5.670286178588867188e+00 6.949207782745361328e+00 5.893978595733642578e+00 6.909174919128417969e+00
5.673621177673339844e+00 -inf 5.673621177673339844e+00 6.948504924774169922e+00 5.873212814331054688e+00 6.910361289978027344e+00
5.676091670989990234e+00 -inf 5.676091670989990234e+00 6.948040008544921875e+00 5.856407165527343750e+00 6.911366462707519531e+00
5.677388191223144531e+00 -inf 5.677388191223144531e+00 6.946995258331298828e+00 5.836211204528808594e+00 6.911968708038330078e+00
5.677459716796875000e+00 -inf 5.677459716796875000e+00 6.946611881256103516e+00 5.824852943420410156e+00 6.912494659423828125e+00
5.676892280578613281e+00 -inf 5.676892280578613281e+00 6.945652961730957031e+00 5.796289920806884766e+00 6.913716316223144531e+00
5.675454139709472656e+00 -inf 5.675454139709472656e+00 6.945503711700439453e+00 5.774645328521728516e+00 6.915164947509765625e+00
5.672786235809326172e+00 -inf 5.672786235809326172e+00 6.945497035980224609e+00 5.755429267883300781e+00 6.916514873504638672e+00
5.668859958648681641e+00 -inf 5.668859958648681641e+00 6.945628166198730469e+00 5.726674079895019531e+00 6.918570518493652344e+00
5.663218498229980469e+00 -inf 5.663218498229980469e+00 6.945920467376708984e+00 5.714103221893310547e+00 6.919676780700683594e+00
5.655884742736816406e+00 -inf 5.655884742736816406e+00 6.946353912353515625e+00 5.695871353149414062e+00 6.921246528625488281e+00
5.646177291870117188e+00 -inf 5.646177291870117188e+00 6.945524215698242188e+00 5.647898674011230469e+00 6.923068046569824219e+00
5.633616924285888672e+00 -inf 5.633616924285888672e+00 6.946357727050781250e+00 5.619978427886962891e+00 6.925375461578369141e+00
5.619605064392089844e+00 -inf 5.619605064392089844e+00 6.947297573089599609e+00 5.602824687957763672e+00 6.927191734313964844e+00
5.604491710662841797e+00 -inf 5.604491710662841797e+00 6.948315143585205078e+00 5.577273368835449219e+00 6.929428577423095703e+00
5.587640285491943359e+00 -inf 5.587640285491943359e+00 6.949461936950683594e+00 5.573471069335937500e+00 6.930794239044189453e+00
5.568596363067626953e+00 -inf 5.568596363067626953e+00 6.950082302093505859e+00 5.567455291748046875e+00 6.931703567504882812e+00
5.544833660125732422e+00 -inf 5.544833660125732422e+00 6.951608180999755859e+00 5.562016963958740234e+00 6.933528423309326172e+00
5.515231132507324219e+00 -inf 5.515231132507324219e+00 6.953352928161621094e+00 5.540669918060302734e+00 6.936227798461914062e+00
5.482822418212890625e+00 -inf 5.482822418212890625e+00 6.955185890197753906e+00 5.536219120025634766e+00 6.938312053680419922e+00
5.449532032012939453e+00 -inf 5.449532032012939453e+00 6.956345081329345703e+00 5.506611824035644531e+00 6.940645694732666016e+00
5.412755489349365234e+00 -inf 5.412755489349365234e+00 6.958214282989501953e+00 5.506238460540771484e+00 6.942597389221191406e+00
5.372722148895263672e+00 -inf 5.372722148895263672e+00 6.960071563720703125e+00 5.504088401794433594e+00 6.944601058959960938e+00
5.336808204650878906e+00 -inf 5.336808204650878906e+00 6.960950374603271484e+00 5.490540981292724609e+00 6.945993900299072266e+00
5.298925876617431641e+00 -inf 5.298925876617431641e+00 6.962597370147705078e+00 5.490774631500244141e+00 6.947690010070800781e+00
5.260154247283935547e+00 -inf 5.260154247283935547e+00 6.964174270629882812e+00 5.490023136138916016e+00 6.949348449707031250e+00
5.219969749450683594e+00 -inf 5.219969749450683594e+00 6.965699195861816406e+00 5.489820480346679688e+00 6.950932979583740234e+00
5.174625873565673828e+00 -inf 5.174625873565673828e+00 6.967274665832519531e+00 5.480928897857666016e+00 6.952865600585937500e+00
5.124947071075439453e+00 -inf 5.124947071075439453e+00 6.968880176544189453e+00 5.478187084197998047e+00 6.954617500305175781e+00
5.077126502990722656e+00 -inf 5.077126502990722656e+00 6.970400810241699219e+00 5.503404617309570312e+00 6.955324172973632812e+00
5.037486553192138672e+00 -inf 5.037486553192138672e+00 6.970369815826416016e+00 5.512083053588867188e+00 6.954982280731201172e+00
5.003661155700683594e+00 -inf 5.003661155700683594e+00 6.971490859985351562e+00 5.520003795623779297e+00 6.955855846405029297e+00
4.972860813140869141e+00 -inf 4.972860813140869141e+00 6.972305774688720703e+00 5.495551109313964844e+00 6.957569599151611328e+00
4.948031425476074219e+00 -inf 4.948031425476074219e+00 6.973165512084960938e+00 5.436658859252929688e+00 6.960351943969726562e+00
4.929354190826416016e+00 -inf 4.929354190826416016e+00 6.973175525665283203e+00 5.370483398437500000e+00 6.962196350097656250e+00
4.911883831024169922e+00 -inf 4.911883831024169922e+00 6.973999977111816406e+00 5.344875812530517578e+00 6.963676929473876953e+00
4.897075176239013672e+00 -inf 4.897075176239013672e+00 6.974740982055664062e+00 5.302559375762939453e+00 6.965403556823730469e+00
4.881623744964599609e+00 -inf 4.881623744964599609e+00 6.975391864776611328e+00 5.279869556427001953e+00 6.966547012329101562e+00
4.865237236022949219e+00 -inf 4.865237236022949219e+00 6.975969314575195312e+00 5.253012180328369141e+00 6.967671871185302734e+00
4.852148532867431641e+00 -inf 4.852148532867431641e+00 6.976465225219726562e+00 5.251118183135986328e+00 6.968213081359863281e+00
4.837326526641845703e+00 -inf 4.837326526641845703e+00 6.976923942565917969e+00 5.294232368469238281e+00 6.967811107635498047e+00
4.818917274475097656e+00 -inf 4.818917274475097656e+00 6.977381229400634766e+00 5.404758930206298828e+00 6.965604305267333984e+00
4.792988777160644531e+00 -inf 4.792988777160644531e+00 6.977872371673583984e+00 5.530671119689941406e+00 6.962080001831054688e+00
4.762939929962158203e+00 -inf 4.762939929962158203e+00 6.978410720825195312e+00 5.646365642547607422e+00 6.957706451416015625e+00
4.729122638702392578e+00 -inf 4.729122638702392578e+00 6.978593349456787109e+00 5.713244438171386719e+00 6.954354763031005859e+00
4.699750423431396484e+00 -inf 4.699750423431396484e+00 6.979152202606201172e+00 5.760436534881591797e+00 6.952079772949218750e+00
4.676817893981933594e+00 -inf 4.676817893981933594e+00 6.979667186737060547e+00 5.764851570129394531e+00 6.952342033386230469e+00
4.660725593566894531e+00 -inf 4.660725593566894531e+00 6.980121612548828125e+00 5.763982295989990234e+00 6.952882766723632812e+00
4.644775390625000000e+00 -inf 4.644775390625000000e+00 6.980486392974853516e+00 5.776936054229736328e+00 6.952419757843017578e+00
4.631441116333007812e+00 -inf 4.631441116333007812e+00 6.980239868164062500e+00 5.762659072875976562e+00 6.953093528747558594e+00
4.622141361236572266e+00 -inf 4.622141361236572266e+00 6.980135917663574219e+00 5.752588748931884766e+00 6.953625202178955078e+00
4.609479904174804688e+00 -inf 4.609479904174804688e+00 6.980357170104980469e+00 5.767182350158691406e+00 6.952924728393554688e+00
4.594355583190917969e+00 -inf 4.594355583190917969e+00 6.980556488037109375e+00 5.762912273406982422e+00 6.953414440155029297e+00
4.578258991241455078e+00 -inf 4.578258991241455078e+00 6.980745315551757812e+00 5.766705989837646484e+00 6.953370094299316406e+00
4.565876007080078125e+00 -inf 4.565876007080078125e+00 6.980947971343994141e+00 5.770549774169921875e+00 6.953334808349609375e+00
4.557519435882568359e+00 -inf 4.557519435882568359e+00 6.981137275695800781e+00 5.765478134155273438e+00 6.953867435455322266e+00
4.551288127899169922e+00 -inf 4.551288127899169922e+00 6.981308937072753906e+00 5.756241798400878906e+00 6.954641819000244141e+00
4.545723438262939453e+00 -inf 4.545723438262939453e+00 6.981451511383056641e+00 5.760217189788818359e+00 6.954540252685546875e+00
4.540537357330322266e+00 -inf 4.540537357330322266e+00 6.981563091278076172e+00 5.762051105499267578e+00 6.954541206359863281e+00
4.538018226623535156e+00 -inf 4.538018226623535156e+00 6.981631278991699219e+00 5.770912170410156250e+00 6.954039096832275391e+00
4.534077644348144531e+00 -inf 4.534077644348144531e+00 6.981680393218994141e+00 5.781106948852539062e+00 6.953414440155029297e+00
4.536091804504394531e+00 -inf 4.536091804504394531e+00 6.981373310089111328e+00 5.785975933074951172e+00 6.952756881713867188e+00
4.533910751342773438e+00 -inf 4.533910751342773438e+00 6.981409072875976562e+00 5.794286251068115234e+00 6.952222824096679688e+00
4.530955314636230469e+00 -inf 4.530955314636230469e+00 6.981449604034423828e+00 5.785309314727783203e+00 6.952883243560791016e+00
4.535266876220703125e+00 -inf 4.535266876220703125e+00 6.981442928314208984e+00 5.781107425689697266e+00 6.953161239624023438e+00
4.540466308593750000e+00 -inf 4.540466308593750000e+00 6.981423854827880859e+00 5.768685340881347656e+00 6.953963756561279297e+00
4.550842285156250000e+00 -inf 4.550842285156250000e+00 6.981379985809326172e+00 5.771594524383544922e+00 6.953726291656494141e+00
4.562164306640625000e+00 -inf 4.562164306640625000e+00 6.981337547302246094e+00 5.768682003021240234e+00 6.953871726989746094e+00
4.570721626281738281e+00 -inf 4.570721626281738281e+00 6.981293201446533203e+00 5.770960330963134766e+00 6.953675270080566406e+00
4.580279827117919922e+00 -inf 4.580279827117919922e+00 6.981237411499023438e+00 5.770245552062988281e+00 6.953663349151611328e+00
4.596506118774414062e+00 -inf 4.596506118774414062e+00 6.981141090393066406e+00 5.788169860839843750e+00 6.952358722686767578e+00
4.612321376800537109e+00 -inf 4.612321376800537109e+00 6.980765819549560547e+00 5.795313358306884766e+00 6.951463699340820312e+00
4.627220630645751953e+00 -inf 4.627220630645751953e+00 6.980668544769287109e+00 5.807303428649902344e+00 6.950510025024414062e+00
4.639606475830078125e+00 -inf 4.639606475830078125e+00 6.980587005615234375e+00 5.830837726593017578e+00 6.948679447174072266e+00
4.654081344604492188e+00 -inf 4.654081344604492188e+00 6.980497837066650391e+00 5.848295211791992188e+00 6.947223663330078125e+00
4.669309616088867188e+00 -inf 4.669309616088867188e+00 6.980401039123535156e+00 5.861075401306152344e+00 6.946084499359130859e+00
4.683723449707031250e+00 -inf 4.683723449707031250e+00 6.980310916900634766e+00 5.878378868103027344e+00 6.944532394409179688e+00
4.696622371673583984e+00 -inf 4.696622371673583984e+00 6.979654788970947266e+00 5.893047332763671875e+00 6.942534923553466797e+00
4.709963321685791016e+00 -inf 4.709963321685791016e+00 6.979564189910888672e+00 5.911309719085693359e+00 6.940768718719482422e+00
4.725502967834472656e+00 -inf 4.725502967834472656e+00 6.979460239410400391e+00 5.939224720001220703e+00 6.937952041625976562e+00
4.739528656005859375e+00 -inf 4.739528656005859375e+00 6.979357242584228516e+00 5.959829807281494141e+00 6.935716152191162109e+00
4.750535011291503906e+00 -inf 4.750535011291503906e+00 6.979271888732910156e+00 5.965744495391845703e+00 6.934991836547851562e+00
4.759767055511474609e+00 -inf 4.759767055511474609e+00 6.979192733764648438e+00 5.970293045043945312e+00 6.934412956237792969e+00
4.766469955444335938e+00 -inf 4.766469955444335938e+00 6.978559970855712891e+00 5.972227096557617188e+00 6.933500289916992188e+00
4.771553993225097656e+00 -inf 4.771553993225097656e+00 6.978191852569580078e+00 5.978456497192382812e+00 6.932404518127441406e+00
4.776116847991943359e+00 -inf 4.776116847991943359e+00 6.978046417236328125e+00 5.993107318878173828e+00 6.930582523345947266e+00
4.777387619018554688e+00 -inf 4.777387619018554688e+00 6.977992534637451172e+00 6.002542495727539062e+00 6.929419994354248047e+00
4.776524543762207031e+00 -inf 4.776524543762207031e+00 6.977925300598144531e+00 6.015904426574707031e+00 6.927735805511474609e+00
4.774240493774414062e+00 -inf 4.774240493774414062e+00 6.977882862091064453e+00 6.029214859008789062e+00 6.926028251647949219e+00
4.771352767944335938e+00 -inf 4.771352767944335938e+00 6.976988315582275391e+00 6.027409553527832031e+00 6.925249099731445312e+00
4.767949581146240234e+00 -inf 4.767949581146240234e+00 6.976950645446777344e+00 6.038079738616943359e+00 6.923837661743164062e+00
4.762947559356689453e+00 -inf 4.762947559356689453e+00 6.976900577545166016e+00 6.043795585632324219e+00 6.923032283782958984e+00
4.758628845214843750e+00 -inf 4.758628845214843750e+00 6.975923061370849609e+00 6.034823894500732422e+00 6.923099040985107422e+00
4.751126289367675781e+00 -inf 4.751126289367675781e+00 6.975507259368896484e+00 6.025301456451416016e+00 6.923847675323486328e+00
4.741477012634277344e+00 -inf 4.741477012634277344e+00 6.975056171417236328e+00 6.005786418914794922e+00 6.925745964050292969e+00
4.731841087341308594e+00 -inf 4.731841087341308594e+00 6.974908828735351562e+00 5.980878353118896484e+00 6.928483009338378906e+00
4.720317363739013672e+00 -inf 4.720317363739013672e+00 6.973777294158935547e+00 5.936867237091064453e+00 6.931933879852294922e+00
4.708682537078857422e+00 -inf 4.708682537078857422e+00 6.973817348480224609e+00 5.906340122222900391e+00 6.934948444366455078e+00
4.695658683776855469e+00 -inf 4.695658683776855469e+00 6.973876953125000000e+00 5.873511314392089844e+00 6.937964916229248047e+00
4.680647850036621094e+00 -inf 4.680647850036621094e+00 6.973935604095458984e+00 5.838278293609619141e+00 6.940935134887695312e+00
4.664380073547363281e+00 -inf 4.664380073547363281e+00 6.973270416259765625e+00 5.814076900482177734e+00 6.942074775695800781e+00
4.647014141082763672e+00 -inf 4.647014141082763672e+00 6.972669124603271484e+00 5.803282260894775391e+00 6.942223072052001953e+00
4.629586696624755859e+00 -inf 4.629586696624755859e+00 6.972743034362792969e+00 5.797054767608642578e+00 6.942751407623291016e+00
4.610591411590576172e+00 -inf 4.610591411590576172e+00 6.972831726074218750e+00 5.787279605865478516e+00 6.943536281585693359e+00
4.590468883514404297e+00 -inf 4.590468883514404297e+00 6.972915172576904297e+00 5.771283149719238281e+00 6.944720268249511719e+00
4.568594932556152344e+00 -inf 4.568594932556152344e+00 6.973011016845703125e+00 5.754846096038818359e+00 6.945902824401855469e+00
4.546482086181640625e+00 -inf 4.546482086181640625e+00 6.972320079803466797e+00 5.705198764801025391e+00 6.948183536529541016e+00
4.524497509002685547e+00 -inf 4.524497509002685547e+00 6.970978260040283203e+00 5.668792724609375000e+00 6.948763370513916016e+00
4.499918460845947266e+00 -inf 4.499918460845947266e+00 6.970365524291992188e+00 5.634985446929931641e+00 6.949823856353759766e+00
4.472486972808837891e+00 -inf 4.472486972808837891e+00 6.969805240631103516e+00 5.582279205322265625e+00 6.951636791229248047e+00
4.444489479064941406e+00 -inf 4.444489479064941406e+00 6.969356060028076172e+00 5.507597446441650391e+00 6.954093456268310547e+00
4.409019470214843750e+00 -inf 4.409019470214843750e+00 6.969385147094726562e+00 5.433950901031494141e+00 6.956539154052734375e+00
4.372514247894287109e+00 -inf 4.372514247894287109e+00 6.969417572021484375e+00 5.389617443084716797e+00 6.957836627960205078e+00
4.343568801879882812e+00 -inf 4.343568801879882812e+00 6.969370841979980469e+00 5.362116813659667969e+00 6.958508014678955078e+00
4.318831920623779297e+00 -inf 4.318831920623779297e+00 6.969258308410644531e+00 5.345047473907470703e+00 6.958817005157470703e+00
4.303651332855224609e+00 -inf 4.303651332855224609e+00 6.967013835906982422e+00 5.210880279541015625e+00 6.959331035614013672e+00
4.293220520019531250e+00 -inf 4.293220520019531250e+00 6.966653823852539062e+00 5.158452510833740234e+00 6.959846019744873047e+00
4.289655208587646484e+00 -inf 4.289655208587646484e+00 6.966483592987060547e+00 5.087985038757324219e+00 6.960700511932373047e+00
4.275060176849365234e+00 -inf 4.275060176849365234e+00 6.966303825378417969e+00 4.972628116607666016e+00 6.961874008178710938e+00
4.261177062988281250e+00 -inf 4.261177062988281250e+00 6.966098308563232422e+00 4.796867847442626953e+00 6.963147640228271484e+00
4.253444194793701172e+00 -inf 4.253444194793701172e+00 6.965902328491210938e+00 4.664797306060791016e+00 6.963725566864013672e+00
4.254167556762695312e+00 -inf 4.254167556762695312e+00 6.965755939483642578e+00 4.583651065826416016e+00 6.963950634002685547e+00
4.264017581939697266e+00 -inf 4.264017581939697266e+00 6.965581417083740234e+00 4.492847442626953125e+00 6.964116096496582031e+00
4.272033214569091797e+00 -inf 4.272033214569091797e+00 6.965405941009521484e+00 4.494557857513427734e+00 6.963934898376464844e+00
4.287975311279296875e+00 -inf 4.287975311279296875e+00 6.965207099914550781e+00 4.533614635467529297e+00 6.963596820831298828e+00
4.304735183715820312e+00 -inf 4.304735183715820312e+00 6.965005397796630859e+00 4.629283428192138672e+00 6.962996006011962891e+00
4.335536003112792969e+00 -inf 4.335536003112792969e+00 6.964721202850341797e+00 4.630755424499511719e+00 6.962703227996826172e+00
4.373447895050048828e+00 -inf 4.373447895050048828e+00 6.964373111724853516e+00 4.736846446990966797e+00 6.961793422698974609e+00
4.397623062133789062e+00 -inf 4.397623062133789062e+00 6.964035511016845703e+00 4.867306232452392578e+00 6.960546016693115234e+00
4.424036979675292969e+00 -inf 4.424036979675292969e+00 6.963580131530761719e+00 4.969491004943847656e+00 6.959155082702636719e+00
4.460282325744628906e+00 -inf 4.460282325744628906e+00 6.963088989257812500e+00 5.156407833099365234e+00 6.956257343292236328e+00
4.504836082458496094e+00 -inf 4.504836082458496094e+00 6.962574005126953125e+00 5.277577877044677734e+00 6.953509807586669922e+00
4.546938896179199219e+00 -inf 4.546938896179199219e+00 6.962068557739257812e+00 5.347084522247314453e+00 6.951399803161621094e+00
4.583399772644042969e+00 -inf 4.583399772644042969e+00 6.961462020874023438e+00 5.411922931671142578e+00 6.949032306671142578e+00
4.620924949645996094e+00 -inf 4.620924949645996094e+00 6.960347175598144531e+00 5.450653076171875000e+00 6.946704864501953125e+00
4.636673927307128906e+00 -inf 4.636673927307128906e+00 6.959613323211669922e+00 5.491961002349853516e+00 6.944560050964355469e+00
4.645240306854248047e+00 -inf 4.645240306854248047e+00 6.958970069885253906e+00 5.516936302185058594e+00 6.942985057830810547e+00
4.652923107147216797e+00 -inf 4.652923107147216797e+00 6.958384037017822266e+00 5.543630599975585938e+00 6.941341876983642578e+00
4.660446166992187500e+00 -inf 4.660446166992187500e+00 6.957642555236816406e+00 5.572692394256591797e+00 6.939363956451416016e+00
4.672377586364746094e+00 -inf 4.672377586364746094e+00 6.957018375396728516e+00 5.603824615478515625e+00 6.937321186065673828e+00
4.685705184936523438e+00 -inf 4.685705184936523438e+00 6.956357479095458984e+00 5.645277023315429688e+00 6.934603691101074219e+00
4.694401741027832031e+00 -inf 4.694401741027832031e+00 6.955346584320068359e+00 5.681395530700683594e+00 6.931597709655761719e+00
4.707875728607177734e+00 -inf 4.707875728607177734e+00 6.954736232757568359e+00 5.715427398681640625e+00 6.928955078125000000e+00
4.717137336730957031e+00 -inf 4.717137336730957031e+00 6.953814983367919922e+00 5.741125583648681641e+00 6.926351070404052734e+00
4.722975730895996094e+00 -inf 4.722975730895996094e+00 6.953229427337646484e+00 5.757724761962890625e+00 6.924620628356933594e+00
4.728691577911376953e+00 -inf 4.728691577911376953e+00 6.952669620513916016e+00 5.772374153137207031e+00 6.923005104064941406e+00
4.736968040466308594e+00 -inf 4.736968040466308594e+00 6.952040195465087891e+00 5.782929420471191406e+00 6.921574115753173828e+00
4.743883609771728516e+00 -inf 4.743883609771728516e+00 6.951381206512451172e+00 5.793700695037841797e+00 6.920072555541992188e+00
4.749414443969726562e+00 -inf 4.749414443969726562e+00 6.950090885162353516e+00 5.793464183807373047e+00 6.918703079223632812e+00
4.750950813293457031e+00 -inf 4.750950813293457031e+00 6.949810504913330078e+00 5.815562725067138672e+00 6.916697978973388672e+00
4.752188682556152344e+00 -inf 4.752188682556152344e+00 6.949565410614013672e+00 5.827405929565429688e+00 6.915481567382812500e+00
4.751648426055908203e+00 -inf 4.751648426055908203e+00 6.949352741241455078e+00 5.835359573364257812e+00 6.914594650268554688e+00
4.751705646514892578e+00 -inf 4.751705646514892578e+00 6.948424339294433594e+00 5.836049556732177734e+00 6.913531303405761719e+00
4.750905036926269531e+00 -inf 4.750905036926269531e+00 6.948299407958984375e+00 5.836216926574707031e+00 6.913381576538085938e+00
4.746558189392089844e+00 -inf 4.746558189392089844e+00 6.948223114013671875e+00 5.848021984100341797e+00 6.912296295166015625e+00
4.740114688873291016e+00 -inf 4.740114688873291016e+00 6.948187351226806641e+00 5.858934402465820312e+00 6.911303043365478516e+00
4.734569549560546875e+00 -inf 4.734569549560546875e+00 6.947347164154052734e+00 5.862818717956542969e+00 6.910040855407714844e+00
4.729497432708740234e+00 -inf 4.729497432708740234e+00 6.945430278778076172e+00 5.836362361907958984e+00 6.910259246826171875e+00
4.724111080169677734e+00 -inf 4.724111080169677734e+00 6.945442199707031250e+00 5.797411918640136719e+00 6.913403987884521484e+00
4.716922283172607422e+00 -inf 4.716922283172607422e+00 6.945468902587890625e+00 5.751235008239746094e+00 6.916772842407226562e+00
4.709583282470703125e+00 -inf 4.709583282470703125e+00 6.945515155792236328e+00 5.695919513702392578e+00 6.920355319976806641e+00
4.703252315521240234e+00 -inf 4.703252315521240234e+00 6.945572853088378906e+00 5.638917922973632812e+00 6.923590183258056641e+00
4.695826053619384766e+00 -inf 4.695826053619384766e+00 6.945653915405273438e+00 5.597032070159912109e+00 6.925743579864501953e+00
4.686487197875976562e+00 -inf 4.686487197875976562e+00 6.945769309997558594e+00 5.575105190277099609e+00 6.926865577697753906e+00
4.675849437713623047e+00 -inf 4.675849437713623047e+00 6.945899486541748047e+00 5.548486232757568359e+00 6.928148746490478516e+00
4.667478084564208984e+00 -inf 4.667478084564208984e+00 6.946018695831298828e+00 5.513709545135498047e+00 6.929665565490722656e+00
4.656136512756347656e+00 -inf 4.656136512756347656e+00 6.946166992187500000e+00 5.482325553894042969e+00 6.930978775024414062e+00
4.644097328186035156e+00 -inf 4.644097328186035156e+00 6.946322441101074219e+00 5.452226638793945312e+00 6.932172775268554688e+00
4.630746364593505859e+00 -inf 4.630746364593505859e+00 6.946484088897705078e+00 5.473859310150146484e+00 6.931604862213134766e+00
4.618680000305175781e+00 -inf 4.618680000305175781e+00 6.946051597595214844e+00 5.440244674682617188e+00 6.932284355163574219e+00
4.604166507720947266e+00 -inf 4.604166507720947266e+00 6.946204662322998047e+00 5.440437316894531250e+00 6.932435989379882812e+00
4.587499618530273438e+00 -inf 4.587499618530273438e+00 6.946342468261718750e+00 5.442860603332519531e+00 6.932499885559082031e+00
4.572408676147460938e+00 -inf 4.572408676147460938e+00 6.946216583251953125e+00 5.432272434234619141e+00 6.932709217071533203e+00
4.569216251373291016e+00 -inf 4.569216251373291016e+00 6.946249961853027344e+00 5.417201995849609375e+00 6.933210849761962891e+00
4.588852405548095703e+00 -inf 4.588852405548095703e+00 6.946246623992919922e+00 5.402426242828369141e+00 6.933650493621826172e+00
4.639815807342529297e+00 -inf 4.639815807342529297e+00 6.946098804473876953e+00 5.365896701812744141e+00 6.934528350830078125e+00
4.691242218017578125e+00 -inf 4.691242218017578125e+00 6.945897579193115234e+00 5.363763809204101562e+00 6.934378623962402344e+00
4.748826980590820312e+00 -inf 4.748826980590820312e+00 6.945635795593261719e+00 5.379258155822753906e+00 6.933685779571533203e+00
4.804812908172607422e+00 -inf 4.804812908172607422e+00 6.945340156555175781e+00 5.404850959777832031e+00 6.932644844055175781e+00
4.854593753814697266e+00 -inf 4.854593753814697266e+00 6.945044040679931641e+00 5.432303428649902344e+00 6.931498527526855469e+00
4.898570060729980469e+00 -inf 4.898570060729980469e+00 6.944769382476806641e+00 5.458168983459472656e+00 6.930369377136230469e+00
4.948534965515136719e+00 -inf 4.948534965515136719e+00 6.944407463073730469e+00 5.457149028778076172e+00 6.930029869079589844e+00
4.998411178588867188e+00 -inf 4.998411178588867188e+00 6.944001197814941406e+00 5.470961093902587891e+00 6.929136753082275391e+00
5.044838428497314453e+00 -inf 5.044838428497314453e+00 6.943574428558349609e+00 5.479171276092529297e+00 6.928405284881591797e+00
5.083196640014648438e+00 -inf 5.083196640014648438e+00 6.943201065063476562e+00 5.497344493865966797e+00 6.927358627319335938e+00
5.116615295410156250e+00 -inf 5.116615295410156250e+00 6.942869186401367188e+00 5.521832942962646484e+00 6.926076412200927734e+00
5.140326499938964844e+00 -inf 5.140326499938964844e+00 6.942668437957763672e+00 5.567349433898925781e+00 6.923970699310302734e+00
5.159877777099609375e+00 -inf 5.159877777099609375e+00 6.942535400390625000e+00 5.599648952484130859e+00 6.922354221343994141e+00
5.177223682403564453e+00 -inf 5.177223682403564453e+00 6.942452430725097656e+00 5.659576416015625000e+00 6.919199466705322266e+00
5.193401336669921875e+00 -inf 5.193401336669921875e+00 6.942425251007080078e+00 5.705403327941894531e+00 6.916503906250000000e+00
5.207573413848876953e+00 -inf 5.207573413848876953e+00 6.942446231842041016e+00 5.736702442169189453e+00 6.914525032043457031e+00
5.219612121582031250e+00 -inf 5.219612121582031250e+00 6.941920757293701172e+00 5.768830776214599609e+00 6.911741733551025391e+00
5.230990886688232422e+00 -inf 5.230990886688232422e+00 6.942092418670654297e+00 5.815332412719726562e+00 6.908381938934326172e+00
5.241308212280273438e+00 -inf 5.241308212280273438e+00 6.941809177398681641e+00 5.854749679565429688e+00 6.904729366302490234e+00
5.251429557800292969e+00 -inf 5.251429557800292969e+00 6.941548824310302734e+00 5.877133846282958984e+00 6.902392864227294922e+00
5.260490417480468750e+00 -inf 5.260490417480468750e+00 6.940967559814453125e+00 5.878021240234375000e+00 6.901672363281250000e+00
5.268336296081542969e+00 -inf 5.268336296081542969e+00 6.940808773040771484e+00 5.867427825927734375e+00 6.902489185333251953e+00
5.275127887725830078e+00 -inf 5.275127887725830078e+00 6.940577507019042969e+00 5.849516391754150391e+00 6.903853416442871094e+00
5.281014919281005859e+00 -inf 5.281014919281005859e+00 6.940665721893310547e+00 5.831474781036376953e+00 6.905505180358886719e+00
5.285655498504638672e+00 -inf 5.285655498504638672e+00 6.940747261047363281e+00 5.820934295654296875e+00 6.906470298767089844e+00
5.289540290832519531e+00 -inf 5.289540290832519531e+00 6.940849781036376953e+00 5.821728706359863281e+00 6.906516551971435547e+00
5.293407917022705078e+00 -inf 5.293407917022705078e+00 6.941011905670166016e+00 5.830970287322998047e+00 6.905922889709472656e+00
5.297445774078369141e+00 -inf 5.297445774078369141e+00 6.940824508666992188e+00 5.828902721405029297e+00 6.905893325805664062e+00
5.300347805023193359e+00 -inf 5.300347805023193359e+00 6.941055297851562500e+00 5.833561897277832031e+00 6.905751228332519531e+00
5.302158832550048828e+00 -inf 5.302158832550048828e+00 6.941321849822998047e+00 5.831434249877929688e+00 6.906219959259033203e+00
5.302665233612060547e+00 -inf 5.302665233612060547e+00 6.941072940826416016e+00 5.797079563140869141e+00 6.908723354339599609e+00
5.301519393920898438e+00 -inf 5.301519393920898438e+00 6.941484451293945312e+00 5.764688014984130859e+00 6.911571502685546875e+00
5.299419403076171875e+00 -inf 5.299419403076171875e+00 6.941960811614990234e+00 5.737023830413818359e+00 6.913985729217529297e+00
5.296476364135742188e+00 -inf 5.296476364135742188e+00 6.942470073699951172e+00 5.706859588623046875e+00 6.916461467742919922e+00
5.292736053466796875e+00 -inf 5.292736053466796875e+00 6.943082809448242188e+00 5.682140350341796875e+00 6.918590545654296875e+00
5.288070201873779297e+00 -inf 5.288070201873779297e+00 6.943338871002197266e+00 5.636582851409912109e+00 6.921361923217773438e+00
5.282515525817871094e+00 -inf 5.282515525817871094e+00 6.943833827972412109e+00 5.607626438140869141e+00 6.923332214355468750e+00
5.276388168334960938e+00 -inf 5.276388168334960938e+00 6.944349288940429688e+00 5.581986427307128906e+00 6.925072669982910156e+00
5.269796848297119141e+00 -inf 5.269796848297119141e+00 6.944812297821044922e+00 5.553414344787597656e+00 6.926808357238769531e+00
5.262805461883544922e+00 -inf 5.262805461883544922e+00 6.945144653320312500e+00 5.505356788635253906e+00 6.929074764251708984e+00
5.255336284637451172e+00 -inf 5.255336284637451172e+00 6.945258617401123047e+00 5.472387790679931641e+00 6.930387973785400391e+00
5.247170925140380859e+00 -inf 5.247170925140380859e+00 6.945513725280761719e+00 5.437753677368164062e+00 6.931809425354003906e+00
5.238280296325683594e+00 -inf 5.238280296325683594e+00 6.945764541625976562e+00 5.406338214874267578e+00 6.933038234710693359e+00
5.228755950927734375e+00 -inf 5.228755950927734375e+00 6.946017742156982422e+00 5.365922927856445312e+00 6.934444427490234375e+00
5.218548774719238281e+00 -inf 5.218548774719238281e+00 6.946274757385253906e+00 5.350687503814697266e+00 6.935112476348876953e+00
5.206042289733886719e+00 -inf 5.206042289733886719e+00 6.946566104888916016e+00 5.355445861816406250e+00 6.935286521911621094e+00
