-inf -inf -inf 4.888740062713623047e+00 5.840560197830200195e-01 -inf
-inf -inf -inf 4.889099121093750000e+00 1.270634889602661133e+00 -inf
-inf -inf -inf 4.889199256896972656e+00 9.018318653106689453e-01 -inf
-inf -inf -inf 4.895779609680175781e+00 6.763777732849121094e-01 -inf
-inf -inf -inf 4.906491756439208984e+00 6.065496802330017090e-01 -inf
-inf -inf -inf 4.921605587005615234e+00 6.308445334434509277e-01 -inf
-inf -inf -inf 4.934331417083740234e+00 2.315285652875900269e-01 -inf
-inf -inf -inf 4.953579902648925781e+00 7.087766528129577637e-01 -inf
-inf -inf -inf 4.971272945404052734e+00 -4.582445621490478516e-01 -inf
-inf -inf -inf 4.988700866699218750e+00 6.973707675933837891e-01 -inf
-inf -inf -inf 5.009742736816406250e+00 1.247873663902282715e+00 -inf
-inf -inf -inf 5.026309490203857422e+00 7.872986793518066406e-01 -inf
-inf -inf -inf 5.038915157318115234e+00 1.305823564529418945e+00 -inf
-inf -inf -inf 5.053740024566650391e+00 9.622938632965087891e-01 -inf
-inf -inf -inf 5.065042972564697266e+00 5.005578398704528809e-01 -inf
-inf -inf -inf 5.072648525238037109e+00 6.153851747512817383e-01 -inf
-inf -inf -inf 5.082383632659912109e+00 6.397868394851684570e-01 -inf
-inf -inf -inf 5.096848011016845703e+00 9.637398719787597656e-01 -inf
-inf -inf -inf 5.109151363372802734e+00 8.684422969818115234e-01 -inf
-inf -inf -inf 5.123923301696777344e+00 8.277906179428100586e-01 -inf
-inf -inf -inf 5.137915611267089844e+00 9.555822610855102539e-01 -inf
-inf -inf -inf 5.149248600006103516e+00 8.112752437591552734e-01 -inf
-inf -inf -inf 5.157233715057373047e+00 6.511016488075256348e-01 -inf
-inf -inf -inf 5.163906097412109375e+00 3.216019570827484131e-01 -inf
-inf -inf -inf 5.170294761657714844e+00 2.319298237562179565e-01 -inf
-inf -inf -inf 5.174844741821289062e+00 6.944161057472229004e-01 -inf
-inf -inf -inf 5.176270484924316406e+00 8.992324471473693848e-01 -inf
-inf -inf -inf 5.178342342376708984e+00 1.862064749002456665e-01 -inf
-inf -inf -inf 5.182918071746826172e+00 -3.035105168819427490e-01 -inf
-inf -inf -inf 5.186180114746093750e+00 4.491982758045196533e-01 -inf
-inf -inf -inf 5.191450595855712891e+00 4.698822498321533203e-01 -inf
-inf -inf -inf 5.198735237121582031e+00 1.097237944602966309e+00 -inf
-inf -inf -inf 5.207549571990966797e+00 3.137833476066589355e-01 -inf
-inf -inf -inf 5.211580276489257812e+00 8.822901844978332520e-01 -inf
-inf -inf -inf 5.222154617309570312e+00 -4.738957285881042480e-01 -inf
-inf -inf -inf 5.234474182128906250e+00 5.989320874214172363e-01 -inf
-inf -inf -inf 5.247758388519287109e+00 8.397586941719055176e-01 -inf
-inf -inf -inf 5.265006065368652344e+00 7.603356242179870605e-01 -inf
-inf -inf -inf 5.278482913970947266e+00 1.817270070314407349e-01 -inf
-inf -inf -inf 5.295118808746337891e+00 -4.041592478752136230e-01 -inf
-inf -inf -inf 5.313196659088134766e+00 -6.272058486938476562e-01 -inf
-inf -inf -inf 5.330125808715820312e+00 -4.155393838882446289e-01 -inf
-inf -inf -inf 5.347555637359619141e+00 -8.411130309104919434e-01 -inf
-inf -inf -inf 5.363399028778076172e+00 6.284429430961608887e-01 -inf
-inf -inf -inf 5.380896091461181641e+00 5.427814722061157227e-01 -inf
-inf -inf -inf 5.401154994964599609e+00 7.787390947341918945e-01 -inf
-inf -inf -inf 5.413155078887939453e+00 6.661794781684875488e-01 -inf
-inf -inf -inf 5.420959472656250000e+00 7.678405046463012695e-01 -inf
-inf -inf -inf 5.428934097290039062e+00 -1.547333747148513794e-01 -inf
-inf -inf -inf 5.437848091125488281e+00 1.237283587455749512e+00 -inf
-inf -inf -inf 5.444756984710693359e+00 9.070959687232971191e-01 -inf
-inf -inf -inf 5.452589035034179688e+00 1.410741209983825684e+00 -inf
-inf -inf -inf 5.461491107940673828e+00 1.274876356124877930e+00 -inf
-inf -inf -inf 5.470753192901611328e+00 9.911656975746154785e-01 -inf
-inf -inf -inf 5.478920459747314453e+00 1.154693722724914551e+00 -inf
-inf -inf -inf 5.489470005035400391e+00 6.162886619567871094e-01 -inf
-inf -inf -inf 5.502162456512451172e+00 7.375155687332153320e-01 -inf
-inf -inf -inf 5.517022609710693359e+00 7.280059456825256348e-01 -inf
-inf -inf -inf 5.531444072723388672e+00 8.101725578308105469e-01 -inf
-inf -inf -inf 5.543392658233642578e+00 9.091022014617919922e-01 -inf
-inf -inf -inf 5.553893089294433594e+00 1.026419281959533691e+00 -inf
-inf -inf -inf 5.566781997680664062e+00 1.294126629829406738e+00 -inf
-inf -inf -inf 5.579021453857421875e+00 1.307181715965270996e+00 -inf
-inf -inf -inf 5.590016365051269531e+00 1.447124838829040527e+00 -inf
-inf -inf -inf 5.599013805389404297e+00 1.464840173721313477e+00 -inf
-inf -inf -inf 5.607973575592041016e+00 1.209440350532531738e+00 -inf
-inf -inf -inf 5.617012500762939453e+00 1.425743222236633301e+00 -inf
-inf -inf -inf 5.626862049102783203e+00 1.483882665634155273e+00 -inf
-inf -inf -inf 5.635274887084960938e+00 1.039367437362670898e+00 -inf
-inf -inf -inf 5.642903327941894531e+00 1.241495847702026367e+00 -inf
-inf -inf -inf 5.649581909179687500e+00 8.916454911231994629e-01 -inf
-inf -inf -inf 5.656639575958251953e+00 4.657162129878997803e-01 -inf
-inf -inf -inf 5.662405967712402344e+00 5.919415950775146484e-01 -inf
-inf -inf -inf 5.668392658233642578e+00 1.323345184326171875e+00 -inf
-inf -inf -inf 5.673517704010009766e+00 7.312510013580322266e-01 -inf
-inf -inf -inf 5.677814483642578125e+00 7.849721908569335938e-01 -inf
-inf -inf -inf 5.681807518005371094e+00 1.459568738937377930e+00 -inf
-inf -inf -inf 5.684261322021484375e+00 1.072495460510253906e+00 -inf
-inf -inf -inf 5.686110496520996094e+00 1.092411637306213379e+00 -inf
-inf -inf -inf 5.688087463378906250e+00 1.254493713378906250e+00 -inf
-inf -inf -inf 5.689639568328857422e+00 4.634641110897064209e-01 -inf
-inf -inf -inf 5.691345691680908203e+00 3.617498874664306641e-01 -inf
-inf -inf -inf 5.693518161773681641e+00 2.952259182929992676e-01 -inf
-inf -inf -inf 5.695130348205566406e+00 9.837629795074462891e-01 -inf
-inf -inf -inf 5.696887493133544922e+00 6.391697525978088379e-01 -inf
-inf -inf -inf 5.697982311248779297e+00 1.838684797286987305e+00 -inf
-inf -inf -inf 5.697973251342773438e+00 2.437593460083007812e+00 -inf
-inf -inf -inf 5.698328971862792969e+00 2.616709232330322266e+00 -inf
-inf -inf -inf 5.697874546051025391e+00 2.825408458709716797e+00 -inf
-inf -inf -inf 5.697785854339599609e+00 2.890461206436157227e+00 -inf
-inf -inf -inf 5.697086334228515625e+00 2.948014736175537109e+00 -inf
-inf -inf -inf 5.695572376251220703e+00 3.010009765625000000e+00 -inf
-inf -inf -inf 5.693278312683105469e+00 3.118116855621337891e+00 -inf
-inf -inf -inf 5.691044330596923828e+00 2.440229892730712891e+00 -inf
-inf -inf -inf 5.688006877899169922e+00 2.237119674682617188e+00 -inf
-inf -inf -inf 5.685039997100830078e+00 1.673639655113220215e+00 -inf
-inf -inf -inf 5.682151317596435547e+00 1.750069379806518555e+00 -inf
-inf -inf -inf 5.678194999694824219e+00 1.744777560234069824e+00 -inf
-inf -inf -inf 5.673492431640625000e+00 1.343662261962890625e+00 -inf
-inf -inf -inf 5.669955253601074219e+00 1.477331161499023438e+00 -inf
-inf -inf -inf 5.666223526000976562e+00 1.060905456542968750e+00 -inf
-inf -inf -inf 5.662748813629150391e+00 1.231454253196716309e+00 -inf
-inf -inf -inf 5.659261226654052734e+00 9.866490960121154785e-01 -inf
-inf -inf -inf 5.654789924621582031e+00 1.005935907363891602e+00 -inf
-inf -inf -inf 5.651336669921875000e+00 1.156273007392883301e+00 -inf
-inf -inf -inf 5.648156642913818359e+00 1.452300310134887695e+00 -inf
-inf -inf -inf 5.645305633544921875e+00 9.801993370056152344e-01 -inf
-inf -inf -inf 5.643105983734130859e+00 7.813116908073425293e-01 -inf
-inf -inf -inf 5.641191959381103516e+00 4.711171388626098633e-01 -inf
-inf -inf -inf 5.638749122619628906e+00 1.674616336822509766e+00 -inf
-inf -inf -inf 5.635888576507568359e+00 1.795926332473754883e+00 -inf
-inf -inf -inf 5.633418560028076172e+00 1.417301416397094727e+00 -inf
-inf -inf -inf 5.630509853363037109e+00 1.105610013008117676e+00 -inf
-inf -inf -inf 5.627501010894775391e+00 9.316335320472717285e-01 -inf
-inf -inf -inf 5.624954700469970703e+00 8.552955389022827148e-01 -inf
-inf -inf -inf 5.623970508575439453e+00 7.624017000198364258e-01 -inf
-inf -inf -inf 5.622792243957519531e+00 1.385583758354187012e+00 -inf
-inf -inf -inf 5.620605945587158203e+00 1.028435707092285156e+00 -inf
-inf -inf -inf 5.617399692535400391e+00 1.173313856124877930e+00 -inf
-inf -inf -inf 5.614190578460693359e+00 1.236730217933654785e+00 -inf
-inf -inf -inf 5.610717773437500000e+00 1.036959171295166016e+00 -inf
-inf -inf -inf 5.605241298675537109e+00 1.281775236129760742e+00 -inf
-inf -inf -inf 5.596771717071533203e+00 1.119674563407897949e+00 -inf
-inf -inf -inf 5.587059974670410156e+00 1.356019496917724609e+00 -inf
-inf -inf -inf 5.574971199035644531e+00 1.445226430892944336e+00 -inf
-inf -inf -inf 5.565530776977539062e+00 1.686031222343444824e+00 -inf
-inf -inf -inf 5.554216384887695312e+00 1.538268923759460449e+00 -inf
-inf -inf -inf 5.542813777923583984e+00 1.626793265342712402e+00 -inf
-inf -inf -inf 5.530555248260498047e+00 1.645842313766479492e+00 -inf
-inf -inf -inf 5.517611980438232422e+00 1.577415704727172852e+00 -inf
-inf -inf -inf 5.503689289093017578e+00 1.240693926811218262e+00 -inf
-inf -inf -inf 5.485864639282226562e+00 1.136092543601989746e+00 -inf
-inf -inf -inf 5.467548847198486328e+00 1.382364153861999512e+00 -inf
-inf -inf -inf 5.448564052581787109e+00 1.240751743316650391e+00 -inf
-inf -inf -inf 5.431971073150634766e+00 8.178062438964843750e-01 -inf
-inf -inf -inf 5.418811321258544922e+00 1.023240327835083008e+00 -inf
-inf -inf -inf 5.405802726745605469e+00 5.874370336532592773e-01 -inf
-inf -inf -inf 5.391263484954833984e+00 1.082433223724365234e+00 -inf
-inf -inf -inf 5.376153469085693359e+00 1.020745873451232910e+00 -inf
-inf -inf -inf 5.361104011535644531e+00 1.107991099357604980e+00 -inf
-inf -inf -inf 5.347910881042480469e+00 1.371982455253601074e+00 -inf
-inf -inf -inf 5.334961414337158203e+00 1.034626603126525879e+00 -inf
-inf -inf -inf 5.323181629180908203e+00 8.984119892120361328e-01 -inf
-inf -inf -inf 5.311593055725097656e+00 3.865890204906463623e-01 -inf
-inf -inf -inf 5.301252365112304688e+00 4.915872216224670410e-01 -inf
-inf -inf -inf 5.290419578552246094e+00 8.799633383750915527e-01 -inf
-inf -inf -inf 5.282039642333984375e+00 1.082961201667785645e+00 -inf
-inf -inf -inf 5.273076057434082031e+00 1.234297871589660645e+00 -inf
-inf -inf -inf 5.263119220733642578e+00 8.691675066947937012e-01 -inf
-inf -inf -inf 5.252725601196289062e+00 6.770423650741577148e-01 -inf
-inf -inf -inf 5.241084575653076172e+00 9.645495414733886719e-01 -inf
-inf -inf -inf 5.230995655059814453e+00 3.380051553249359131e-01 -inf
-inf -inf -inf 5.219615936279296875e+00 2.860012054443359375e-01 -inf
-inf -inf -inf 5.210696697235107422e+00 6.075578331947326660e-01 -inf
-inf -inf -inf 5.199220657348632812e+00 5.107607245445251465e-01 -inf
-inf -inf -inf 5.188232898712158203e+00 3.088714480400085449e-01 -inf
-inf -inf -inf 5.176148414611816406e+00 5.566245913505554199e-01 -inf
-inf -inf -inf 5.164874553680419922e+00 7.608467936515808105e-01 -inf
-inf -inf -inf 5.155760288238525391e+00 9.745534658432006836e-01 -inf
-inf -inf -inf 5.146877288818359375e+00 1.175757288932800293e+00 -inf
-inf -inf -inf 5.138286590576171875e+00 1.425640940666198730e+00 -inf
-inf -inf -inf 5.129901885986328125e+00 9.731189608573913574e-01 -inf
-inf -inf -inf 5.121743202209472656e+00 1.156528711318969727e+00 -inf
-inf -inf -inf 5.114729404449462891e+00 1.364730238914489746e+00 -inf
-inf -inf -inf 5.108987808227539062e+00 1.066818356513977051e+00 -inf
-inf -inf -inf 5.103247642517089844e+00 9.698852896690368652e-01 -inf
-inf -inf -inf 5.096180438995361328e+00 1.141886234283447266e+00 -inf
-inf -inf -inf 5.089761734008789062e+00 1.022284269332885742e+00 -inf
-inf -inf -inf 5.085113525390625000e+00 6.721484661102294922e-01 -inf
-inf -inf -inf 5.078346252441406250e+00 6.190085411071777344e-01 -inf
-inf -inf -inf 5.068383216857910156e+00 4.942679405212402344e-01 -inf
-inf -inf -inf 5.058767318725585938e+00 5.122179388999938965e-01 -inf
-inf -inf -inf 5.052467346191406250e+00 3.002398908138275146e-01 -inf
-inf -inf -inf 5.051240444183349609e+00 4.264265000820159912e-01 -inf
-inf -inf -inf 5.049865245819091797e+00 6.867751479148864746e-01 -inf
-inf -inf -inf 5.047853946685791016e+00 9.961672425270080566e-01 -inf
-inf -inf -inf 5.044342517852783203e+00 8.934364318847656250e-01 -inf
-inf -inf -inf 5.041652679443359375e+00 8.140700459480285645e-01 -inf
-inf -inf -inf 5.038967609405517578e+00 9.320788383483886719e-01 -inf
-inf -inf -inf 5.035954475402832031e+00 2.574258446693420410e-01 -inf
-inf -inf -inf 5.032021045684814453e+00 1.119699358940124512e+00 -inf
-inf -inf -inf 5.029494285583496094e+00 6.512739062309265137e-01 -inf
-inf -inf -inf 5.026875019073486328e+00 -2.371646761894226074e-01 -inf
-inf -inf -inf 5.023313999176025391e+00 4.052895009517669678e-01 -inf
-inf -inf -inf 5.022165775299072266e+00 5.122130513191223145e-01 -inf
-inf -inf -inf 5.022390842437744141e+00 -2.589995265007019043e-01 -inf
-inf -inf -inf 5.016569614410400391e+00 -1.496056914329528809e-01 -inf
-inf -inf -inf 5.012518882751464844e+00 -6.714890599250793457e-01 -inf
-inf -inf -inf 5.005759716033935547e+00 -7.768306136131286621e-02 -inf
-inf -inf -inf 4.997872352600097656e+00 -6.567617654800415039e-01 -inf
-inf -inf -inf 4.991156578063964844e+00 -4.006016254425048828e-01 -inf
-inf -inf -inf 4.988924980163574219e+00 -5.899312496185302734e-01 -inf
-inf -inf -inf 4.989429950714111328e+00 -7.488880753517150879e-01 -inf
-inf -inf -inf 4.991832733154296875e+00 4.372861385345458984e-01 -inf
-inf -inf -inf 4.995462894439697266e+00 -3.111155033111572266e-01 -inf
-inf -inf -inf 5.001507282257080078e+00 -5.844301581382751465e-01 -inf
-inf -inf -inf 5.011625766754150391e+00 -5.919635891914367676e-01 -inf
-inf -inf -inf 5.024348735809326172e+00 3.882028758525848389e-01 -inf
-inf -inf -inf 5.035398483276367188e+00 -2.303238511085510254e-01 -inf
-inf -inf -inf 5.044443607330322266e+00 4.271557033061981201e-01 -inf
-inf -inf -inf 5.056550502777099609e+00 3.868418931961059570e-01 -inf
-inf -inf -inf 5.068190097808837891e+00 3.548140227794647217e-01 -inf
-inf -inf -inf 5.081527709960937500e+00 1.985667794942855835e-01 -inf
-inf -inf -inf 5.095392227172851562e+00 5.674536898732185364e-02 -inf
-inf -inf -inf 5.112823963165283203e+00 5.540111660957336426e-01 -inf
-inf -inf -inf 5.129971027374267578e+00 7.413184046745300293e-01 -inf
-inf -inf -inf 5.143671989440917969e+00 2.240914404392242432e-01 -inf
-inf -inf -inf 5.156860828399658203e+00 8.099098205566406250e-01 -inf
-inf -inf -inf 5.169839859008789062e+00 7.173316478729248047e-01 -inf
-inf -inf -inf 5.182530879974365234e+00 8.104641437530517578e-01 -inf
-inf -inf -inf 5.195986270904541016e+00 1.320447206497192383e+00 -inf
-inf -inf -inf 5.208535671234130859e+00 1.904881358146667480e+00 -inf
-inf -inf -inf 5.217611312866210938e+00 2.102874755859375000e+00 -inf
-inf -inf -inf 5.228378772735595703e+00 2.087716817855834961e+00 -inf
-inf -inf -inf 5.240152835845947266e+00 1.743636608123779297e+00 -inf
-inf -inf -inf 5.252380371093750000e+00 1.471349000930786133e+00 -inf
-inf -inf -inf 5.266321182250976562e+00 1.367223381996154785e+00 -inf
-inf -inf -inf 5.284707546234130859e+00 2.236478090286254883e+00 -inf
-inf -inf -inf 5.300707817077636719e+00 1.492110967636108398e+00 -inf
-inf -inf -inf 5.314298629760742188e+00 5.233521461486816406e-01 -inf
-inf -inf -inf 5.325785160064697266e+00 1.528411269187927246e+00 -inf
-inf -inf -inf 5.336097240447998047e+00 1.156927347183227539e+00 -inf
-inf -inf -inf 5.346766471862792969e+00 1.687806844711303711e+00 -inf
-inf -inf -inf 5.356279373168945312e+00 1.267061471939086914e+00 -inf
-inf -inf -inf 5.366496562957763672e+00 1.832100868225097656e+00 -inf
-inf -inf -inf 5.374020576477050781e+00 1.512566208839416504e+00 -inf
-inf -inf -inf 5.379714488983154297e+00 1.394444704055786133e+00 -inf
-inf -inf -inf 5.384384632110595703e+00 4.332601130008697510e-01 -inf
-inf -inf -inf 5.388119697570800781e+00 2.998924553394317627e-01 -inf
-inf -inf -inf 5.394187450408935547e+00 6.779139637947082520e-01 -inf
-inf -inf -inf 5.397742748260498047e+00 1.469109892845153809e+00 -inf
-inf -inf -inf 5.399323940277099609e+00 1.744433283805847168e+00 -inf
-inf -inf -inf 5.400482177734375000e+00 1.642327308654785156e+00 -inf
-inf -inf -inf 5.401286125183105469e+00 1.515854239463806152e+00 -inf
-inf -inf -inf 5.403527259826660156e+00 1.349350094795227051e+00 -inf
-inf -inf -inf 5.404571533203125000e+00 1.152792811393737793e+00 -inf
-inf -inf -inf 5.404608249664306641e+00 8.750082850456237793e-01 -inf
-inf -inf -inf 5.404259204864501953e+00 1.261508226394653320e+00 -inf
-inf -inf -inf 5.403631687164306641e+00 9.295883774757385254e-01 -inf
-inf -inf -inf 5.402298450469970703e+00 1.151845455169677734e+00 -inf
-inf -inf -inf 5.401399612426757812e+00 1.607823133468627930e+00 -inf
-inf -inf -inf 5.400631427764892578e+00 1.158979415893554688e+00 -inf
-inf -inf -inf 5.398776531219482422e+00 -1.556374132633209229e-01 -inf
-inf -inf -inf 5.398017406463623047e+00 2.483883500099182129e-01 -inf
-inf -inf -inf 5.397344112396240234e+00 -1.518658995628356934e-01 -inf
-inf -inf -inf 5.395741462707519531e+00 3.705754578113555908e-01 -inf
-inf -inf -inf 5.393113136291503906e+00 6.655142903327941895e-01 -inf
-inf -inf -inf 5.388993740081787109e+00 1.270197629928588867e-01 -inf
-inf -inf -inf 5.388793468475341797e+00 3.426793217658996582e-01 -inf
