-inf -inf -inf 4.888740062713623047e+00 5.840560197830200195e-01 -inf
-inf -inf -inf 4.889119148254394531e+00 1.335555672645568848e+00 -inf
-inf -inf -inf 4.889177799224853516e+00 9.174671173095703125e-01 -inf
-inf -inf -inf 4.895789623260498047e+00 6.653093695640563965e-01 -inf
-inf -inf -inf 4.906651020050048828e+00 6.016954183578491211e-01 -inf
-inf -inf -inf 4.921915054321289062e+00 8.722736835479736328e-01 -inf
-inf -inf -inf 4.935217380523681641e+00 3.663167059421539307e-01 -inf
-inf -inf -inf 4.954655170440673828e+00 8.171417117118835449e-01 -inf
-inf -inf -inf 4.973052024841308594e+00 -1.000136360526084900e-01 -inf
-inf -inf -inf 4.989406585693359375e+00 4.662682116031646729e-01 -inf
-inf -inf -inf 5.010864734649658203e+00 1.107130646705627441e+00 -inf
-inf -inf -inf 5.026560306549072266e+00 6.633938550949096680e-01 -inf
-inf -inf -inf 5.040595054626464844e+00 9.632115364074707031e-01 -inf
-inf -inf -inf 5.056831359863281250e+00 7.724815011024475098e-01 -inf
-inf -inf -inf 5.072672367095947266e+00 1.450010180473327637e+00 -inf
-inf -inf -inf 5.088074684143066406e+00 1.136008620262145996e+00 -inf
-inf -inf -inf 5.107162952423095703e+00 1.444696307182312012e+00 -inf
-inf -inf -inf 5.129894256591796875e+00 1.250762462615966797e+00 -inf
-inf -inf -inf 5.150335788726806641e+00 1.097644567489624023e+00 -inf
-inf -inf -inf 5.168294429779052734e+00 1.121855378150939941e+00 -inf
-inf -inf -inf 5.187341690063476562e+00 9.084959030151367188e-01 -inf
-inf -inf -inf 5.215558528900146484e+00 1.212284922599792480e+00 -inf
-inf -inf -inf 5.251444816589355469e+00 1.621881723403930664e+00 -inf
-inf -inf -inf 5.274477958679199219e+00 1.433409690856933594e+00 -inf
-inf -inf -inf 5.307582855224609375e+00 1.070941805839538574e+00 -inf
-inf -inf -inf 5.337576866149902344e+00 1.198885440826416016e+00 -inf
-inf -inf -inf 5.366137981414794922e+00 9.579656720161437988e-01 -inf
-inf -inf -inf 5.397235393524169922e+00 7.630518674850463867e-01 -inf
-inf -inf -inf 5.438046932220458984e+00 1.156857848167419434e+00 -inf
-inf -inf -inf 5.480058670043945312e+00 7.768357992172241211e-01 -inf
-inf -inf -inf 5.514811515808105469e+00 1.181953907012939453e+00 -inf
-inf -inf -inf 5.540191650390625000e+00 9.434037804603576660e-01 -inf
-inf -inf -inf 5.567561149597167969e+00 1.147694587707519531e+00 -inf
-inf -inf -inf 5.591327190399169922e+00 6.140305399894714355e-01 -inf
-inf -inf -inf 5.608078956604003906e+00 8.048778176307678223e-01 -inf
-inf -inf -inf 5.623979091644287109e+00 8.845572471618652344e-01 -inf
-inf -inf -inf 5.639313220977783203e+00 8.860367536544799805e-01 -inf
-inf -inf -inf 5.653609752655029297e+00 1.185223221778869629e+00 -inf
-inf -inf -inf 5.667237758636474609e+00 1.374012589454650879e+00 -inf
-inf -inf -inf 5.679107666015625000e+00 1.239589810371398926e+00 -inf
-inf -inf -inf 5.689349174499511719e+00 8.664178848266601562e-01 -inf
-inf -inf -inf 5.699069499969482422e+00 8.799178600311279297e-01 -inf
-inf -inf -inf 5.709335803985595703e+00 6.231021285057067871e-01 -inf
-inf -inf -inf 5.718264102935791016e+00 1.074479341506958008e+00 -inf
-inf -inf -inf 5.726428985595703125e+00 8.259072303771972656e-01 -inf
-inf -inf -inf 5.735071659088134766e+00 1.186350822448730469e+00 -inf
-inf -inf -inf 5.744705200195312500e+00 1.367323875427246094e+00 -inf
-inf -inf -inf 5.754335880279541016e+00 1.003484129905700684e+00 -inf
-inf -inf -inf 5.764721393585205078e+00 1.233685970306396484e+00 -inf
-inf -inf -inf 5.777882099151611328e+00 1.368288278579711914e+00 -inf
-inf -inf -inf 5.793029785156250000e+00 2.072552680969238281e+00 -inf
-inf -inf -inf 5.806311130523681641e+00 1.977156758308410645e+00 -inf
-inf -inf -inf 5.816440105438232422e+00 1.861112236976623535e+00 -inf
-inf -inf -inf 5.826320648193359375e+00 1.303853750228881836e+00 -inf
-inf -inf -inf 5.835890293121337891e+00 1.367036819458007812e+00 -inf
-inf -inf -inf 5.844833374023437500e+00 1.259332895278930664e+00 -inf
-inf -inf -inf 5.853553295135498047e+00 1.405687332153320312e+00 -inf
-inf -inf -inf 5.861419677734375000e+00 1.439154267311096191e+00 -inf
-inf -inf -inf 5.867118358612060547e+00 1.641854405403137207e+00 -inf
-inf -inf -inf 5.872871398925781250e+00 1.488788366317749023e+00 -inf
-inf -inf -inf 5.878078460693359375e+00 1.593099236488342285e+00 -inf
-inf -inf -inf 5.882647514343261719e+00 1.835538268089294434e+00 -inf
-inf -inf -inf 5.885787963867187500e+00 1.593559503555297852e+00 -inf
-inf -inf -inf 5.889151096343994141e+00 1.674375772476196289e+00 -inf
-inf -inf -inf 5.892579078674316406e+00 2.062681674957275391e+00 -inf
-inf -inf -inf 5.895823001861572266e+00 2.189473152160644531e+00 -inf
-inf -inf -inf 5.899075984954833984e+00 1.158539533615112305e+00 -inf
-inf -inf -inf 5.902029514312744141e+00 2.534664392471313477e+00 -inf
-inf -inf -inf 5.905920505523681641e+00 3.007130861282348633e+00 -inf
-inf -inf -inf 5.910338878631591797e+00 3.262170791625976562e+00 -inf
-inf -inf -inf 5.914561748504638672e+00 3.403367280960083008e+00 -inf
-inf -inf -inf 5.918066978454589844e+00 3.522358179092407227e+00 -inf
-inf -inf -inf 5.922532558441162109e+00 3.389526128768920898e+00 -inf
-inf -inf -inf 5.925464153289794922e+00 3.074104070663452148e+00 -inf
-inf -inf -inf 5.926665782928466797e+00 3.214804410934448242e+00 -inf
-inf -inf -inf 5.928067684173583984e+00 3.242621898651123047e+00 -inf
-inf -inf -inf 5.928574085235595703e+00 3.179070472717285156e+00 -inf
-inf -inf -inf 5.928699016571044922e+00 3.311698913574218750e+00 -inf
-inf -inf -inf 5.928057670593261719e+00 3.394309282302856445e+00 -inf
-inf -inf -inf 5.927007675170898438e+00 3.425191402435302734e+00 -inf
-inf -inf -inf 5.926338195800781250e+00 3.505835294723510742e+00 -inf
-inf -inf -inf 5.926356315612792969e+00 3.579464912414550781e+00 -inf
-inf -inf -inf 5.926302433013916016e+00 3.667657375335693359e+00 -inf
-inf -inf -inf 5.925840854644775391e+00 3.651479244232177734e+00 -inf
-inf -inf -inf 5.925079822540283203e+00 3.700311660766601562e+00 -inf
-inf -inf -inf 5.924139022827148438e+00 3.851283073425292969e+00 -inf
-inf -inf -inf 5.921971797943115234e+00 3.860121250152587891e+00 -inf
-inf -inf -inf 5.919062614440917969e+00 3.911925792694091797e+00 -inf
-inf -inf -inf 5.916180610656738281e+00 3.900302648544311523e+00 -inf
-inf -inf -inf 5.914311408996582031e+00 3.969506025314331055e+00 -inf
-inf -inf -inf 5.911804676055908203e+00 3.993052721023559570e+00 -inf
-inf -inf -inf 5.908891677856445312e+00 3.962542057037353516e+00 -inf
-inf -inf -inf 5.905710697174072266e+00 3.986844539642333984e+00 -inf
-inf -inf -inf 5.902569293975830078e+00 4.084400177001953125e+00 -inf
-inf -inf -inf 5.898973464965820312e+00 4.138723373413085938e+00 -inf
-inf -inf -inf 5.893869876861572266e+00 4.169541358947753906e+00 -inf
-inf -inf -inf 5.888172626495361328e+00 4.199025154113769531e+00 -inf
-inf -inf -inf 5.883716106414794922e+00 4.264743804931640625e+00 -inf
-inf -inf -inf 5.879899978637695312e+00 3.694666385650634766e+00 -inf
-inf -inf -inf 5.876448631286621094e+00 3.444113016128540039e+00 -inf
-inf -inf -inf 5.872042655944824219e+00 3.256134271621704102e+00 -inf
-inf -inf -inf 5.868543624877929688e+00 3.085469722747802734e+00 -inf
-inf -inf -inf 5.865624427795410156e+00 3.255708694458007812e+00 -inf
-inf -inf -inf 5.863162994384765625e+00 3.386618375778198242e+00 -inf
-inf -inf -inf 5.860588073730468750e+00 3.620498180389404297e+00 -inf
-inf -inf -inf 5.857855796813964844e+00 3.890901565551757812e+00 -inf
-inf -inf -inf 5.855486869812011719e+00 3.775419712066650391e+00 -inf
-inf -inf -inf 5.852353572845458984e+00 3.794008731842041016e+00 -inf
-inf -inf -inf 5.848215103149414062e+00 3.778178453445434570e+00 -inf
-inf -inf -inf 5.844276905059814453e+00 3.778479337692260742e+00 -inf
-inf -inf -inf 5.841792583465576172e+00 3.983077764511108398e+00 -inf
-inf -inf -inf 5.839806556701660156e+00 4.086502552032470703e+00 -inf
-inf -inf -inf 5.838084697723388672e+00 4.229756832122802734e+00 -inf
-inf -inf -inf 5.835870265960693359e+00 4.309266090393066406e+00 -inf
-inf -inf -inf 5.833307743072509766e+00 4.404834747314453125e+00 -inf
-inf -inf -inf 5.830507755279541016e+00 4.450122833251953125e+00 -inf
-inf -inf -inf 5.826504707336425781e+00 4.491833686828613281e+00 -inf
-inf -inf -inf 5.821366786956787109e+00 4.525004863739013672e+00 -inf
-inf -inf -inf 5.816800594329833984e+00 4.550288677215576172e+00 -inf
-inf -inf -inf 5.812119007110595703e+00 4.586135864257812500e+00 -inf
-inf -inf -inf 5.804803848266601562e+00 4.109694957733154297e+00 -inf
-inf -inf -inf 5.797604560852050781e+00 4.022026062011718750e+00 -inf
-inf -inf -inf 5.791321277618408203e+00 3.885414361953735352e+00 -inf
-inf -inf -inf 5.783760547637939453e+00 3.925024986267089844e+00 -inf
-inf -inf -inf 5.776101112365722656e+00 4.126302242279052734e+00 -inf
-inf -inf -inf 5.769952774047851562e+00 4.222434997558593750e+00 -inf
-inf -inf -inf 5.764057159423828125e+00 4.288465976715087891e+00 -inf
-inf -inf -inf 5.760200500488281250e+00 4.323628902435302734e+00 -inf
-inf -inf -inf 5.755989074707031250e+00 4.313014030456542969e+00 -inf
-inf -inf -inf 5.752028942108154297e+00 3.790132284164428711e+00 -inf
-inf -inf -inf 5.748635768890380859e+00 3.379472494125366211e+00 -inf
-inf -inf -inf 5.745856761932373047e+00 2.984169006347656250e+00 -inf
-inf -inf -inf 5.743773460388183594e+00 1.090200543403625488e+00 -inf
-inf -inf -inf 5.741864681243896484e+00 1.319359779357910156e+00 -inf
-inf -inf -inf 5.739122867584228516e+00 2.632573843002319336e+00 -inf
-inf -inf -inf 5.736695766448974609e+00 2.848541021347045898e+00 -inf
-inf -inf -inf 5.734883785247802734e+00 2.964849233627319336e+00 -inf
-inf -inf -inf 5.733507156372070312e+00 3.066344261169433594e+00 -inf
-inf -inf -inf 5.732361793518066406e+00 3.297236442565917969e+00 -inf
-inf -inf -inf 5.730602264404296875e+00 3.435348749160766602e+00 -inf
-inf -inf -inf 5.728686809539794922e+00 3.544844150543212891e+00 -inf
-inf -inf -inf 5.726123332977294922e+00 3.703110933303833008e+00 -inf
-inf -inf -inf 5.721631526947021484e+00 3.830065250396728516e+00 -inf
-inf -inf -inf 5.716564655303955078e+00 3.973133325576782227e+00 -inf
-inf -inf -inf 5.710680484771728516e+00 4.034309387207031250e+00 -inf
-inf -inf -inf 5.704259872436523438e+00 4.069941043853759766e+00 -inf
-inf -inf -inf 5.699119567871093750e+00 4.104773044586181641e+00 -inf
-inf -inf -inf 5.696905612945556641e+00 4.140002250671386719e+00 -inf
-inf -inf -inf 5.695678234100341797e+00 4.154277324676513672e+00 -inf
-inf -inf -inf 5.694036960601806641e+00 4.162438869476318359e+00 -inf
-inf -inf -inf 5.692921638488769531e+00 4.150378704071044922e+00 -inf
-inf -inf -inf 5.691171646118164062e+00 4.166200160980224609e+00 -inf
-inf -inf -inf 5.689321041107177734e+00 3.907659769058227539e+00 -inf
-inf -inf -inf 5.688539028167724609e+00 3.910278320312500000e+00 -inf
-inf -inf -inf 5.687404155731201172e+00 3.886146068572998047e+00 -inf
-inf -inf -inf 5.685610771179199219e+00 3.936381101608276367e+00 -inf
-inf -inf -inf 5.683652400970458984e+00 4.017604827880859375e+00 -inf
-inf -inf -inf 5.680827617645263672e+00 4.048919677734375000e+00 -inf
-inf -inf -inf 5.676973819732666016e+00 4.059195518493652344e+00 -inf
-inf -inf -inf 5.672146797180175781e+00 4.122677803039550781e+00 -inf
-inf -inf -inf 5.667913913726806641e+00 4.153188705444335938e+00 -inf
-inf -inf -inf 5.663449287414550781e+00 4.164249897003173828e+00 -inf
-inf -inf -inf 5.658288955688476562e+00 4.160891056060791016e+00 -inf
-inf -inf -inf 5.655222415924072266e+00 4.166503906250000000e+00 -inf
-inf -inf -inf 5.652626991271972656e+00 4.157968044281005859e+00 -inf
-inf -inf -inf 5.649712562561035156e+00 4.135052680969238281e+00 -inf
-inf -inf -inf 5.645025730133056641e+00 4.007095336914062500e+00 -inf
-inf -inf -inf 5.637119770050048828e+00 3.886820793151855469e+00 -inf
-inf -inf -inf 5.630920886993408203e+00 3.862704515457153320e+00 -inf
-inf -inf -inf 5.624857425689697266e+00 3.790889739990234375e+00 -inf
-inf -inf -inf 5.618810176849365234e+00 3.851859807968139648e+00 -inf
-inf -inf -inf 5.610692501068115234e+00 3.892709970474243164e+00 -inf
-inf -inf -inf 5.603859901428222656e+00 3.922190427780151367e+00 -inf
-inf -inf -inf 5.599294662475585938e+00 3.426020145416259766e+00 -inf
-inf -inf -inf 5.594547271728515625e+00 3.035382032394409180e+00 -inf
-inf -inf -inf 5.591420650482177734e+00 2.764746904373168945e+00 -inf
-inf -inf -inf 5.587868690490722656e+00 2.156302690505981445e+00 -inf
-inf -inf -inf 5.584962844848632812e+00 2.906011343002319336e+00 -inf
-inf -inf -inf 5.581585884094238281e+00 3.105129003524780273e+00 -inf
-inf -inf -inf 5.578764915466308594e+00 3.241653442382812500e+00 -inf
-inf -inf -inf 5.575045108795166016e+00 3.360198259353637695e+00 -inf
-inf -inf -inf 5.569908142089843750e+00 3.367198228836059570e+00 -inf
-inf -inf -inf 5.562740802764892578e+00 3.359640121459960938e+00 -inf
-inf -inf -inf 5.554379463195800781e+00 3.417207002639770508e+00 -inf
-inf -inf -inf 5.542177677154541016e+00 3.480257034301757812e+00 -inf
-inf -inf -inf 5.527647018432617188e+00 3.415226697921752930e+00 -inf
-inf -inf -inf 5.506463050842285156e+00 3.462803125381469727e+00 -inf
-inf -inf -inf 5.481897354125976562e+00 3.370033979415893555e+00 -inf
-inf -inf -inf 5.456304550170898438e+00 3.430135488510131836e+00 -inf
-inf -inf -inf 5.429465293884277344e+00 3.393318414688110352e+00 -inf
-inf -inf -inf 5.401982784271240234e+00 3.303454875946044922e+00 -inf
-inf -inf -inf 5.374539852142333984e+00 3.382653236389160156e+00 -inf
-inf -inf -inf 5.346744537353515625e+00 3.389889955520629883e+00 -inf
-inf -inf -inf 5.314322471618652344e+00 3.368733406066894531e+00 -inf
-inf -inf -inf 5.277171134948730469e+00 3.373112201690673828e+00 -inf
-inf -inf -inf 5.241312503814697266e+00 3.252228021621704102e+00 -inf
-inf -inf -inf 5.210637092590332031e+00 3.265437126159667969e+00 -inf
-inf -inf -inf 5.179656982421875000e+00 3.178021192550659180e+00 -inf
-inf -inf -inf 5.147119045257568359e+00 3.321593523025512695e+00 -inf
-inf -inf -inf 5.109058380126953125e+00 3.292659521102905273e+00 -inf
-inf -inf -inf 5.069832801818847656e+00 3.272054672241210938e+00 -inf
-inf -inf -inf 5.029788494110107422e+00 3.039508104324340820e+00 -inf
-inf -inf -inf 4.985442161560058594e+00 3.093348026275634766e+00 -inf
-inf -inf -inf 4.930780410766601562e+00 2.945243597030639648e+00 -inf
-inf -inf -inf 4.860150337219238281e+00 2.700519800186157227e+00 -inf
-inf -inf -inf 4.815398693084716797e+00 2.782537221908569336e+00 -inf
-inf -inf -inf 4.776593208312988281e+00 2.769357919692993164e+00 -inf
-inf -inf -inf 4.740203380584716797e+00 2.457630634307861328e+00 -inf
-inf -inf -inf 4.696672439575195312e+00 2.038320779800415039e+00 -inf
-inf -inf -inf 4.656379222869873047e+00 1.741128444671630859e+00 -inf
-inf -inf -inf 4.619970798492431641e+00 1.635347127914428711e+00 -inf
-inf -inf -inf 4.597433567047119141e+00 1.049952745437622070e+00 -inf
-inf -inf -inf 4.574899196624755859e+00 9.047632217407226562e-01 -inf
-inf -inf -inf 4.535776138305664062e+00 1.828662276268005371e+00 -inf
-inf -inf -inf 4.498084545135498047e+00 1.314486265182495117e+00 -inf
-inf -inf -inf 4.441613197326660156e+00 1.661237239837646484e+00 -inf
-inf -inf -inf 4.382628917694091797e+00 1.864458918571472168e+00 -inf
-inf -inf -inf 4.331806182861328125e+00 -inf -inf
-inf -inf -inf 4.293190002441406250e+00 4.761852324008941650e-01 -inf
-inf -inf -inf 4.230822563171386719e+00 2.356909275054931641e+00 -inf
-inf -inf -inf 4.172880649566650391e+00 2.074061393737792969e+00 -inf
-inf -inf -inf 4.124694347381591797e+00 1.082806587219238281e+00 -inf
-inf -inf -inf 4.066445350646972656e+00 3.788323700428009033e-01 -inf
-inf -inf -inf 4.000817298889160156e+00 -inf -inf
-inf -inf -inf 3.945474863052368164e+00 -6.418213844299316406e-01 -inf
-inf -inf -inf 3.884305715560913086e+00 -inf -inf
-inf -inf -inf 3.773526430130004883e+00 -inf -inf
-inf -inf -inf 3.699538707733154297e+00 -1.918457895517349243e-01 -inf
-inf -inf -inf 3.630141019821166992e+00 -inf -inf
-inf -inf -inf 3.571150779724121094e+00 -inf -inf
-inf -inf -inf 3.507762193679809570e+00 3.693017959594726562e-01 -inf
-inf -inf -inf 3.389028310775756836e+00 -inf -inf
-inf -inf -inf 3.268537044525146484e+00 -6.754750013351440430e-01 -inf
-inf -inf -inf 3.124533891677856445e+00 1.492575407028198242e-01 -inf
-inf -inf -inf 2.965188980102539062e+00 -inf -inf
-inf -inf -inf 2.913677453994750977e+00 5.063717961311340332e-01 -inf
-inf -inf -inf 1.788587212562561035e+00 6.285343319177627563e-02 -inf
-inf -inf -inf -inf -inf -inf
-inf -inf -inf -inf -inf -inf
-inf -inf -inf -inf -inf -inf
-inf -inf -inf -inf -inf -inf
-inf -inf -inf -inf -inf -inf
-inf -inf -inf -inf -inf -inf
-inf -inf -inf -inf -inf -inf
-inf -inf -inf -inf -inf -inf
-inf -inf -inf -inf -inf -inf
-inf -inf -inf -inf -inf -inf
-inf -inf -inf -inf -inf -inf
-inf -inf -inf -inf -inf -inf
