5.928077697753906250e+00 -inf 5.928077697753906250e+00 6.923308849334716797e+00 5.624945163726806641e+00 6.900891780853271484e+00
5.940595626831054688e+00 -inf 5.940595626831054688e+00 6.921145439147949219e+00 5.624376296997070312e+00 6.898643493652343750e+00
5.960112571716308594e+00 -inf 5.960112571716308594e+00 6.917952060699462891e+00 5.620341300964355469e+00 6.895495414733886719e+00
5.980542659759521484e+00 -inf 5.980542659759521484e+00 6.913086414337158203e+00 5.592142105102539062e+00 6.891833305358886719e+00
6.004710197448730469e+00 -inf 6.004710197448730469e+00 6.908308982849121094e+00 5.579908847808837891e+00 6.887426376342773438e+00
6.031104087829589844e+00 -inf 6.031104087829589844e+00 6.902830600738525391e+00 5.556318283081054688e+00 6.882821083068847656e+00
6.053127765655517578e+00 -inf 6.053127765655517578e+00 6.896852970123291016e+00 5.513916492462158203e+00 6.878487586975097656e+00
6.073449134826660156e+00 -inf 6.073449134826660156e+00 6.890982151031494141e+00 5.469526290893554688e+00 6.874205589294433594e+00
6.094501495361328125e+00 -inf 6.094501495361328125e+00 6.885665893554687500e+00 5.454587936401367188e+00 6.869264602661132812e+00
6.114457130432128906e+00 -inf 6.114457130432128906e+00 6.880355834960937500e+00 5.497707366943359375e+00 6.861978530883789062e+00
6.135329246520996094e+00 -inf 6.135329246520996094e+00 6.874367713928222656e+00 5.501254081726074219e+00 6.855572700500488281e+00
6.153186798095703125e+00 -inf 6.153186798095703125e+00 6.868667125701904297e+00 5.533604145050048828e+00 6.848110198974609375e+00
6.169918537139892578e+00 -inf 6.169918537139892578e+00 6.862900733947753906e+00 5.599171638488769531e+00 6.838569641113281250e+00
6.185700416564941406e+00 -inf 6.185700416564941406e+00 6.857187747955322266e+00 5.657640457153320312e+00 6.828852653503417969e+00
6.200617313385009766e+00 -inf 6.200617313385009766e+00 6.851814746856689453e+00 5.711135387420654297e+00 6.819208621978759766e+00
6.214724540710449219e+00 -inf 6.214724540710449219e+00 6.846307754516601562e+00 5.757019042968750000e+00 6.809426307678222656e+00
6.227851867675781250e+00 -inf 6.227851867675781250e+00 6.840517520904541016e+00 5.803684234619140625e+00 6.798666477203369141e+00
6.237702369689941406e+00 2.346800088882446289e+00 6.237646579742431641e+00 6.835201740264892578e+00 5.840590476989746094e+00 6.788841247558593750e+00
6.245724678039550781e+00 2.396168708801269531e+00 6.245663166046142578e+00 6.829759597778320312e+00 5.870177745819091797e+00 6.779269695281982422e+00
6.252611160278320312e+00 2.790990352630615234e+00 6.252460956573486328e+00 6.824896335601806641e+00 5.903190612792968750e+00 6.769499778747558594e+00
6.258321762084960938e+00 2.277276039123535156e+00 6.258275985717773438e+00 6.820028781890869141e+00 5.932680130004882812e+00 6.759740829467773438e+00
6.261805057525634766e+00 -inf 6.261805057525634766e+00 6.815754413604736328e+00 5.951635360717773438e+00 6.751898288726806641e+00
6.262516975402832031e+00 -inf 6.262516975402832031e+00 6.811862468719482422e+00 5.966664314270019531e+00 6.744932174682617188e+00
6.261579036712646484e+00 -inf 6.261579036712646484e+00 6.809529781341552734e+00 5.983951091766357422e+00 6.739242553710937500e+00
6.259027957916259766e+00 -inf 6.259027957916259766e+00 6.807837963104248047e+00 5.999720573425292969e+00 6.734409809112548828e+00
6.255597114562988281e+00 -inf 6.255597114562988281e+00 6.807316303253173828e+00 6.015001773834228516e+00 6.730913162231445312e+00
6.251413822174072266e+00 -inf 6.251413822174072266e+00 6.806468009948730469e+00 6.011248588562011719e+00 6.730620861053466797e+00
6.246576309204101562e+00 -inf 6.246576309204101562e+00 6.806348800659179688e+00 5.996343612670898438e+00 6.733266830444335938e+00
6.240840911865234375e+00 -inf 6.240840911865234375e+00 6.806955814361572266e+00 5.968146324157714844e+00 6.738951683044433594e+00
6.234127521514892578e+00 -inf 6.234127521514892578e+00 6.808046340942382812e+00 5.927196979522705078e+00 6.746781826019287109e+00
6.226366043090820312e+00 -inf 6.226366043090820312e+00 6.814301967620849609e+00 5.902012825012207031e+00 6.757607936859130859e+00
6.217338562011718750e+00 -inf 6.217338562011718750e+00 6.820315361022949219e+00 5.874224662780761719e+00 6.768133163452148438e+00
6.206329822540283203e+00 -inf 6.206329822540283203e+00 6.824783802032470703e+00 5.818389415740966797e+00 6.779730796813964844e+00
6.192307472229003906e+00 -inf 6.192307472229003906e+00 6.831817150115966797e+00 5.785136222839355469e+00 6.790949821472167969e+00
6.176300525665283203e+00 -inf 6.176300525665283203e+00 6.838128089904785156e+00 5.721234798431396484e+00 6.803610324859619141e+00
6.161123752593994141e+00 -inf 6.161123752593994141e+00 6.846369743347167969e+00 5.675971508026123047e+00 6.815996646881103516e+00
6.147728443145751953e+00 -inf 6.147728443145751953e+00 6.854607582092285156e+00 5.627665042877197266e+00 6.828058242797851562e+00
6.135216236114501953e+00 -inf 6.135216236114501953e+00 6.864198207855224609e+00 5.511968135833740234e+00 6.844456672668457031e+00
6.122815132141113281e+00 -inf 6.122815132141113281e+00 6.875676155090332031e+00 5.359552860260009766e+00 6.862237453460693359e+00
6.109581947326660156e+00 -inf 6.109581947326660156e+00 6.887519359588623047e+00 5.220975399017333984e+00 6.878057956695556641e+00
6.095190048217773438e+00 -inf 6.095190048217773438e+00 6.899720668792724609e+00 5.132093906402587891e+00 6.892241001129150391e+00
6.079938411712646484e+00 -inf 6.079938411712646484e+00 6.910706996917724609e+00 5.054637908935546875e+00 6.904614925384521484e+00
6.064328193664550781e+00 -inf 6.064328193664550781e+00 6.919591426849365234e+00 4.972593784332275391e+00 6.914657115936279297e+00
6.048462867736816406e+00 -inf 6.048462867736816406e+00 6.926127910614013672e+00 4.967682838439941406e+00 6.921322345733642578e+00
6.031968593597412109e+00 -inf 6.031968593597412109e+00 6.932003021240234375e+00 5.082172393798828125e+00 6.925822257995605469e+00
6.013467311859130859e+00 -inf 6.013467311859130859e+00 6.937085151672363281e+00 5.155287265777587891e+00 6.929847240447998047e+00
5.993098735809326172e+00 -inf 5.993098735809326172e+00 6.941259384155273438e+00 5.277122974395751953e+00 6.931744575500488281e+00
5.972402095794677734e+00 -inf 5.972402095794677734e+00 6.944938659667968750e+00 5.326653957366943359e+00 6.934351444244384766e+00
5.951073646545410156e+00 -inf 5.951073646545410156e+00 6.948119163513183594e+00 5.436267852783203125e+00 6.934545040130615234e+00
5.928660869598388672e+00 -inf 5.928660869598388672e+00 6.950450897216796875e+00 5.541496753692626953e+00 6.933175086975097656e+00
5.904151439666748047e+00 -inf 5.904151439666748047e+00 6.952798366546630859e+00 5.634749412536621094e+00 6.931399822235107422e+00
5.877246379852294922e+00 -inf 5.877246379852294922e+00 6.955226898193359375e+00 5.687216281890869141e+00 6.931140899658203125e+00
5.849034786224365234e+00 -inf 5.849034786224365234e+00 6.957184791564941406e+00 5.727139472961425781e+00 6.930830478668212891e+00
5.819664955139160156e+00 -inf 5.819664955139160156e+00 6.959496021270751953e+00 5.750139713287353516e+00 6.931814193725585938e+00
5.786274909973144531e+00 -inf 5.786274909973144531e+00 6.961936950683593750e+00 5.775371551513671875e+00 6.932712078094482422e+00
5.749362945556640625e+00 -inf 5.749362945556640625e+00 6.964377403259277344e+00 5.799248218536376953e+00 6.933620929718017578e+00
5.713741302490234375e+00 -inf 5.713741302490234375e+00 6.966525554656982422e+00 5.850562095642089844e+00 6.931931495666503906e+00
5.677947044372558594e+00 -inf 5.677947044372558594e+00 6.968502044677734375e+00 5.919856548309326172e+00 6.927827835083007812e+00
5.641003131866455078e+00 -inf 5.641003131866455078e+00 6.970004558563232422e+00 5.974350929260253906e+00 6.923761367797851562e+00
5.599315643310546875e+00 -inf 5.599315643310546875e+00 6.971912860870361328e+00 6.021209239959716797e+00 6.920316219329833984e+00
5.553383350372314453e+00 -inf 5.553383350372314453e+00 6.973730087280273438e+00 6.042657375335693359e+00 6.919592857360839844e+00
5.505775451660156250e+00 -inf 5.505775451660156250e+00 6.975479602813720703e+00 6.053110599517822266e+00 6.920173645019531250e+00
5.459764480590820312e+00 -inf 5.459764480590820312e+00 6.976983547210693359e+00 6.057854652404785156e+00 6.921235084533691406e+00
5.409422874450683594e+00 -inf 5.409422874450683594e+00 6.978456974029541016e+00 6.073134899139404297e+00 6.920783519744873047e+00
5.357210159301757812e+00 -inf 5.357210159301757812e+00 6.979802131652832031e+00 6.094524860382080078e+00 6.919204235076904297e+00
5.310143947601318359e+00 -inf 5.310143947601318359e+00 6.980873107910156250e+00 6.118114471435546875e+00 6.916801452636718750e+00
5.265837669372558594e+00 -inf 5.265837669372558594e+00 6.981111526489257812e+00 6.129175186157226562e+00 6.915293693542480469e+00
5.226423263549804688e+00 -inf 5.226423263549804688e+00 6.981225490570068359e+00 6.143154621124267578e+00 6.913096427917480469e+00
5.190899372100830078e+00 -inf 5.190899372100830078e+00 6.981595516204833984e+00 6.159194469451904297e+00 6.910747528076171875e+00
5.154544353485107422e+00 -inf 5.154544353485107422e+00 6.982030391693115234e+00 6.167176723480224609e+00 6.909831047058105469e+00
5.120289802551269531e+00 -inf 5.120289802551269531e+00 6.982453823089599609e+00 6.176340103149414062e+00 6.908655166625976562e+00
5.087341785430908203e+00 -inf 5.087341785430908203e+00 6.982146263122558594e+00 6.176337242126464844e+00 6.908291339874267578e+00
5.045090198516845703e+00 -inf 5.045090198516845703e+00 6.981470108032226562e+00 6.169412612915039062e+00 6.908763885498046875e+00
5.003547191619873047e+00 -inf 5.003547191619873047e+00 6.981585025787353516e+00 6.154103279113769531e+00 6.911631584167480469e+00
4.973361968994140625e+00 -inf 4.973361968994140625e+00 6.981788158416748047e+00 6.124706745147705078e+00 6.916806697845458984e+00
4.947948455810546875e+00 -inf 4.947948455810546875e+00 6.982051849365234375e+00 6.087950706481933594e+00 6.922760486602783203e+00
4.925855636596679688e+00 -inf 4.925855636596679688e+00 6.980417728424072266e+00 6.032136917114257812e+00 6.928514480590820312e+00
4.908800125122070312e+00 -inf 4.908800125122070312e+00 6.980589866638183594e+00 5.995917797088623047e+00 6.933095455169677734e+00
4.899889945983886719e+00 -inf 4.899889945983886719e+00 6.979895114898681641e+00 5.945062160491943359e+00 6.937840938568115234e+00
4.902932643890380859e+00 -inf 4.902932643890380859e+00 6.978774547576904297e+00 5.892748355865478516e+00 6.941603183746337891e+00
4.921670913696289062e+00 -inf 4.921670913696289062e+00 6.978549957275390625e+00 5.842665195465087891e+00 6.945567131042480469e+00
4.942085742950439453e+00 -inf 4.942085742950439453e+00 6.978394985198974609e+00 5.802908420562744141e+00 6.948389053344726562e+00
4.963980197906494141e+00 -inf 4.963980197906494141e+00 6.978232860565185547e+00 5.775538921356201172e+00 6.950108528137207031e+00
4.987572669982910156e+00 -inf 4.987572669982910156e+00 6.977356433868408203e+00 5.747369766235351562e+00 6.950998783111572266e+00
5.011144638061523438e+00 -inf 5.011144638061523438e+00 6.976497650146484375e+00 5.732981204986572266e+00 6.950973033905029297e+00
5.035780429840087891e+00 -inf 5.035780429840087891e+00 6.976271152496337891e+00 5.691348075866699219e+00 6.953130245208740234e+00
5.062528610229492188e+00 -inf 5.062528610229492188e+00 6.975410461425781250e+00 5.624036788940429688e+00 6.955628871917724609e+00
5.097745895385742188e+00 -inf 5.097745895385742188e+00 6.973795413970947266e+00 5.524104118347167969e+00 6.958095073699951172e+00
5.132181644439697266e+00 -inf 5.132181644439697266e+00 6.973348617553710938e+00 5.403759956359863281e+00 6.961487770080566406e+00
5.165430545806884766e+00 -inf 5.165430545806884766e+00 6.972892284393310547e+00 5.305595397949218750e+00 6.963447093963623047e+00
5.194148540496826172e+00 -inf 5.194148540496826172e+00 6.972487449645996094e+00 5.215994834899902344e+00 6.964811325073242188e+00
5.218139648437500000e+00 -inf 5.218139648437500000e+00 6.972136497497558594e+00 5.120544433593750000e+00 6.965981006622314453e+00
5.249716758728027344e+00 -inf 5.249716758728027344e+00 6.971632957458496094e+00 5.079633235931396484e+00 6.966027736663818359e+00
5.294084548950195312e+00 -inf 5.294084548950195312e+00 6.970800876617431641e+00 5.094631195068359375e+00 6.964986324310302734e+00
5.335774898529052734e+00 -inf 5.335774898529052734e+00 6.969930648803710938e+00 5.113756656646728516e+00 6.963840484619140625e+00
5.370100021362304688e+00 -inf 5.370100021362304688e+00 6.969154357910156250e+00 5.157320976257324219e+00 6.962404251098632812e+00
5.393621444702148438e+00 -inf 5.393621444702148438e+00 6.968588352203369141e+00 5.227270603179931641e+00 6.960637092590332031e+00
5.415861129760742188e+00 -inf 5.415861129760742188e+00 6.968005180358886719e+00 5.293056488037109375e+00 6.958727359771728516e+00
5.439697742462158203e+00 -inf 5.439697742462158203e+00 6.967346191406250000e+00 5.343302726745605469e+00 6.956900119781494141e+00
5.462440013885498047e+00 -inf 5.462440013885498047e+00 6.966686725616455078e+00 5.386247158050537109e+00 6.955121994018554688e+00
5.484271049499511719e+00 -inf 5.484271049499511719e+00 6.966019630432128906e+00 5.421866416931152344e+00 6.953433036804199219e+00
5.508365154266357422e+00 -inf 5.508365154266357422e+00 6.965230941772460938e+00 5.474706172943115234e+00 6.950962543487548828e+00
5.530932426452636719e+00 -inf 5.530932426452636719e+00 6.964446067810058594e+00 5.519903659820556641e+00 6.948554515838623047e+00
5.549536228179931641e+00 -inf 5.549536228179931641e+00 6.963760375976562500e+00 5.582074642181396484e+00 6.945341110229492188e+00
5.563511371612548828e+00 -inf 5.563511371612548828e+00 6.963225841522216797e+00 5.631091117858886719e+00 6.942526817321777344e+00
5.574811935424804688e+00 -inf 5.574811935424804688e+00 6.962269783020019531e+00 5.667891502380371094e+00 6.939640522003173828e+00
5.582972526550292969e+00 -inf 5.582972526550292969e+00 6.961932182312011719e+00 5.722176074981689453e+00 6.936178684234619141e+00
5.589644908905029297e+00 -inf 5.589644908905029297e+00 6.961642265319824219e+00 5.778458118438720703e+00 6.932181358337402344e+00
5.595944881439208984e+00 -inf 5.595944881439208984e+00 6.961387634277343750e+00 5.831824779510498047e+00 6.927902221679687500e+00
5.599664688110351562e+00 -inf 5.599664688110351562e+00 6.961232662200927734e+00 5.886919021606445312e+00 6.922998905181884766e+00
5.602339744567871094e+00 -inf 5.602339744567871094e+00 6.961095809936523438e+00 5.932049751281738281e+00 6.918449401855468750e+00
5.604969024658203125e+00 -inf 5.604969024658203125e+00 6.960468292236328125e+00 5.966562747955322266e+00 6.914028167724609375e+00
5.605844974517822266e+00 -inf 5.605844974517822266e+00 6.960411071777343750e+00 6.000882148742675781e+00 6.909914970397949219e+00
5.606060028076171875e+00 -inf 5.606060028076171875e+00 6.960395336151123047e+00 6.026192188262939453e+00 6.906671524047851562e+00
5.606709480285644531e+00 -inf 5.606709480285644531e+00 6.959743499755859375e+00 6.046717643737792969e+00 6.903152465820312500e+00
5.607046127319335938e+00 -inf 5.607046127319335938e+00 6.959723949432373047e+00 6.074998855590820312e+00 6.899043560028076172e+00
5.605421066284179688e+00 -inf 5.605421066284179688e+00 6.959797859191894531e+00 6.089026451110839844e+00 6.896986484527587891e+00
5.602359294891357422e+00 -inf 5.602359294891357422e+00 6.959928989410400391e+00 6.108818054199218750e+00 6.893976211547851562e+00
5.598945140838623047e+00 -inf 5.598945140838623047e+00 6.959687232971191406e+00 6.129631519317626953e+00 6.890182495117187500e+00
5.595533370971679688e+00 -inf 5.595533370971679688e+00 6.959842681884765625e+00 6.152925491333007812e+00 6.886192798614501953e+00
5.592122077941894531e+00 -inf 5.592122077941894531e+00 6.959589004516601562e+00 6.167603969573974609e+00 6.883121967315673828e+00
5.588396549224853516e+00 -inf 5.588396549224853516e+00 6.958767890930175781e+00 6.177518367767333984e+00 6.880203723907470703e+00
5.584715366363525391e+00 -inf 5.584715366363525391e+00 6.958134651184082031e+00 6.177306652069091797e+00 6.879486560821533203e+00
5.579373359680175781e+00 -inf 5.579373359680175781e+00 6.958343982696533203e+00 6.173167228698730469e+00 6.880554199218750000e+00
5.573172092437744141e+00 -inf 5.573172092437744141e+00 6.957471370697021484e+00 6.155588626861572266e+00 6.882884979248046875e+00
5.566437721252441406e+00 -inf 5.566437721252441406e+00 6.956360340118408203e+00 6.117083072662353516e+00 6.888436317443847656e+00
5.559414386749267578e+00 -inf 5.559414386749267578e+00 6.955886840820312500e+00 6.087467670440673828e+00 6.892707824707031250e+00
5.552511215209960938e+00 -inf 5.552511215209960938e+00 6.953893184661865234e+00 6.041323661804199219e+00 6.897239208221435547e+00
5.545570373535156250e+00 -inf 5.545570373535156250e+00 6.954195976257324219e+00 6.007923126220703125e+00 6.902036666870117188e+00
5.538408756256103516e+00 -inf 5.538408756256103516e+00 6.954505443572998047e+00 5.977613925933837891e+00 6.906102657318115234e+00
5.531110286712646484e+00 -inf 5.531110286712646484e+00 6.954816341400146484e+00 5.944504261016845703e+00 6.910189628601074219e+00
5.523148059844970703e+00 -inf 5.523148059844970703e+00 6.953216552734375000e+00 5.898652076721191406e+00 6.913119316101074219e+00
5.515490055084228516e+00 -inf 5.515490055084228516e+00 6.953533649444580078e+00 5.858297824859619141e+00 6.917175769805908203e+00
5.507106781005859375e+00 -inf 5.507106781005859375e+00 6.952713012695312500e+00 5.799479484558105469e+00 6.921070575714111328e+00
5.498156070709228516e+00 -inf 5.498156070709228516e+00 6.953070640563964844e+00 5.726438999176025391e+00 6.926501750946044922e+00
5.489207744598388672e+00 -inf 5.489207744598388672e+00 6.953407764434814453e+00 5.667385578155517578e+00 6.930326461791992188e+00
5.480064868927001953e+00 -inf 5.480064868927001953e+00 6.953660964965820312e+00 5.606680393218994141e+00 6.933673858642578125e+00
5.468373775482177734e+00 -inf 5.468373775482177734e+00 6.953924655914306641e+00 5.559599876403808594e+00 6.936044692993164062e+00
5.453283786773681641e+00 -inf 5.453283786773681641e+00 6.954138278961181641e+00 5.542548656463623047e+00 6.936968803405761719e+00
5.437447547912597656e+00 -inf 5.437447547912597656e+00 6.954380989074707031e+00 5.562528610229492188e+00 6.936396598815917969e+00
5.421085834503173828e+00 -inf 5.421085834503173828e+00 6.954661369323730469e+00 5.589653968811035156e+00 6.935504913330078125e+00
5.406306743621826172e+00 -inf 5.406306743621826172e+00 6.954760074615478516e+00 5.607173919677734375e+00 6.934801101684570312e+00
5.390263557434082031e+00 -inf 5.390263557434082031e+00 6.954871654510498047e+00 5.622579097747802734e+00 6.934179306030273438e+00
5.373040199279785156e+00 -inf 5.373040199279785156e+00 6.954311847686767578e+00 5.582927703857421875e+00 6.935440540313720703e+00
5.357269763946533203e+00 -inf 5.357269763946533203e+00 6.954307079315185547e+00 5.557579040527343750e+00 6.936527729034423828e+00
5.342493534088134766e+00 -inf 5.342493534088134766e+00 6.954002380371093750e+00 5.537885665893554688e+00 6.937015056610107422e+00
5.327221393585205078e+00 -inf 5.327221393585205078e+00 6.953632354736328125e+00 5.508091449737548828e+00 6.937777519226074219e+00
5.312951087951660156e+00 -inf 5.312951087951660156e+00 6.953267574310302734e+00 5.473688602447509766e+00 6.938628673553466797e+00
5.301270484924316406e+00 -inf 5.301270484924316406e+00 6.953050613403320312e+00 5.431675434112548828e+00 6.939775466918945312e+00
5.287241935729980469e+00 -inf 5.287241935729980469e+00 6.952917575836181641e+00 5.385349273681640625e+00 6.941000461578369141e+00
5.279070854187011719e+00 -inf 5.279070854187011719e+00 6.952789306640625000e+00 5.364102363586425781e+00 6.941445350646972656e+00
5.279780387878417969e+00 -inf 5.279780387878417969e+00 6.952564716339111328e+00 5.360311508178710938e+00 6.941314697265625000e+00
5.283933639526367188e+00 -inf 5.283933639526367188e+00 6.952343463897705078e+00 5.380591869354248047e+00 6.940542697906494141e+00
5.295851707458496094e+00 -inf 5.295851707458496094e+00 6.951928138732910156e+00 5.481109142303466797e+00 6.936985969543457031e+00
5.310064315795898438e+00 -inf 5.310064315795898438e+00 6.951494693756103516e+00 5.563693046569824219e+00 6.933338165283203125e+00
5.326964855194091797e+00 -inf 5.326964855194091797e+00 6.951084613800048828e+00 5.635701656341552734e+00 6.929550647735595703e+00
5.351288318634033203e+00 -inf 5.351288318634033203e+00 6.950689315795898438e+00 5.672636032104492188e+00 6.927169322967529297e+00
5.387526512145996094e+00 -inf 5.387526512145996094e+00 6.950110435485839844e+00 5.713684082031250000e+00 6.924152374267578125e+00
5.429183959960937500e+00 -inf 5.429183959960937500e+00 6.949386596679687500e+00 5.762370109558105469e+00 6.920193672180175781e+00
5.466192245483398438e+00 -inf 5.466192245483398438e+00 6.948655605316162109e+00 5.787918090820312500e+00 6.917574405670166016e+00
5.499217987060546875e+00 -inf 5.499217987060546875e+00 6.948023319244384766e+00 5.813086509704589844e+00 6.914965629577636719e+00
5.530413150787353516e+00 -inf 5.530413150787353516e+00 6.947269916534423828e+00 5.846612453460693359e+00 6.911381721496582031e+00
5.557358741760253906e+00 -inf 5.557358741760253906e+00 6.946455001831054688e+00 5.875624656677246094e+00 6.907899379730224609e+00
5.578773975372314453e+00 -inf 5.578773975372314453e+00 6.945482730865478516e+00 5.892645835876464844e+00 6.905218601226806641e+00
5.596116065979003906e+00 -inf 5.596116065979003906e+00 6.944839000701904297e+00 5.931041240692138672e+00 6.900588035583496094e+00
5.612321853637695312e+00 -inf 5.612321853637695312e+00 6.944323539733886719e+00 5.950741767883300781e+00 6.897847175598144531e+00
5.624986171722412109e+00 -inf 5.624986171722412109e+00 6.943441867828369141e+00 5.966775894165039062e+00 6.895012378692626953e+00
5.634858608245849609e+00 -inf 5.634858608245849609e+00 6.943422794342041016e+00 5.987078189849853516e+00 6.892532348632812500e+00
5.643989086151123047e+00 -inf 5.643989086151123047e+00 6.943427562713623047e+00 6.002960681915283203e+00 6.890522003173828125e+00
5.650855541229248047e+00 -inf 5.650855541229248047e+00 6.942794322967529297e+00 6.022033691406250000e+00 6.887269020080566406e+00
5.655158996582031250e+00 -inf 5.655158996582031250e+00 6.942856788635253906e+00 6.037462234497070312e+00 6.885192871093750000e+00
5.656156063079833984e+00 -inf 5.656156063079833984e+00 6.942370891571044922e+00 6.054437637329101562e+00 6.882170200347900391e+00
5.653887748718261719e+00 -inf 5.653887748718261719e+00 6.942963600158691406e+00 6.062274932861328125e+00 6.881675243377685547e+00
5.649227142333984375e+00 -inf 5.649227142333984375e+00 6.942709445953369141e+00 6.055311203002929688e+00 6.882428646087646484e+00
5.642742156982421875e+00 -inf 5.642742156982421875e+00 6.942477226257324219e+00 6.037032604217529297e+00 6.884820461273193359e+00
5.635291576385498047e+00 -inf 5.635291576385498047e+00 6.942215919494628906e+00 6.018097400665283203e+00 6.887146472930908203e+00
5.627040863037109375e+00 -inf 5.627040863037109375e+00 6.942681789398193359e+00 6.001469135284423828e+00 6.889873027801513672e+00
5.617499351501464844e+00 -inf 5.617499351501464844e+00 6.943197250366210938e+00 5.987962245941162109e+00 6.892168521881103516e+00
5.606067180633544922e+00 -inf 5.606067180633544922e+00 6.942832469940185547e+00 5.960587024688720703e+00 6.895056724548339844e+00
5.592998981475830078e+00 -inf 5.592998981475830078e+00 6.943478107452392578e+00 5.929313659667968750e+00 6.899266242980957031e+00
5.577256679534912109e+00 -inf 5.577256679534912109e+00 6.943646430969238281e+00 5.886977195739746094e+00 6.903752326965332031e+00
5.558506011962890625e+00 -inf 5.558506011962890625e+00 6.943667411804199219e+00 5.816205978393554688e+00 6.910013198852539062e+00
5.537459850311279297e+00 -inf 5.537459850311279297e+00 6.944540023803710938e+00 5.771170616149902344e+00 6.914381504058837891e+00
5.514822006225585938e+00 -inf 5.514822006225585938e+00 6.945019721984863281e+00 5.710947513580322266e+00 6.918915748596191406e+00
5.491086483001708984e+00 -inf 5.491086483001708984e+00 6.945916175842285156e+00 5.656709671020507812e+00 6.923008441925048828e+00
5.466283798217773438e+00 -inf 5.466283798217773438e+00 6.946800231933593750e+00 5.610235691070556641e+00 6.926316261291503906e+00
5.439934253692626953e+00 -inf 5.439934253692626953e+00 6.947690010070800781e+00 5.541687488555908203e+00 6.930294036865234375e+00
5.412695407867431641e+00 -inf 5.412695407867431641e+00 6.948548316955566406e+00 5.459328174591064453e+00 6.934236526489257812e+00
5.385442256927490234e+00 -inf 5.385442256927490234e+00 6.949357032775878906e+00 5.426585674285888672e+00 6.936125278472900391e+00
5.355543136596679688e+00 -inf 5.355543136596679688e+00 6.950179576873779297e+00 5.393811225891113281e+00 6.937947273254394531e+00
5.320218563079833984e+00 -inf 5.320218563079833984e+00 6.951074123382568359e+00 5.375681877136230469e+00 6.939373016357421875e+00
5.279586315155029297e+00 -inf 5.279586315155029297e+00 6.952008247375488281e+00 5.389005184173583984e+00 6.939963340759277344e+00
5.235362529754638672e+00 -inf 5.235362529754638672e+00 6.952301502227783203e+00 5.401064395904541016e+00 6.939921855926513672e+00
5.187679767608642578e+00 -inf 5.187679767608642578e+00 6.952993392944335938e+00 5.410835266113281250e+00 6.940348148345947266e+00
5.142110824584960938e+00 -inf 5.142110824584960938e+00 6.953714847564697266e+00 5.423758506774902344e+00 6.940703392028808594e+00
5.095142841339111328e+00 -inf 5.095142841339111328e+00 6.954279422760009766e+00 5.444900989532470703e+00 6.940627098083496094e+00
5.042174339294433594e+00 -inf 5.042174339294433594e+00 6.954880237579345703e+00 5.459894657135009766e+00 6.940760135650634766e+00
4.981173992156982422e+00 -inf 4.981173992156982422e+00 6.955520629882812500e+00 5.467790603637695312e+00 6.941158771514892578e+00
4.920948028564453125e+00 -inf 4.920948028564453125e+00 6.956059932708740234e+00 5.490938663482666016e+00 6.940917015075683594e+00
4.853826522827148438e+00 -inf 4.853826522827148438e+00 6.956591129302978516e+00 5.532294273376464844e+00 6.939926147460937500e+00
4.780264377593994141e+00 -inf 4.780264377593994141e+00 6.957077980041503906e+00 5.569219112396240234e+00 6.938924312591552734e+00
4.714760303497314453e+00 -inf 4.714760303497314453e+00 6.957441329956054688e+00 5.585542678833007812e+00 6.938592910766601562e+00
4.674729824066162109e+00 -inf 4.674729824066162109e+00 6.957561016082763672e+00 5.613363742828369141e+00 6.937441825866699219e+00
4.644165515899658203e+00 -inf 4.644165515899658203e+00 6.957641601562500000e+00 5.657291889190673828e+00 6.935328960418701172e+00
4.625394821166992188e+00 -inf 4.625394821166992188e+00 6.957699298858642578e+00 5.710572719573974609e+00 6.932392120361328125e+00
4.629489898681640625e+00 -inf 4.629489898681640625e+00 6.957687377929687500e+00 5.765326499938964844e+00 6.928863525390625000e+00
4.641579627990722656e+00 -inf 4.641579627990722656e+00 6.957615375518798828e+00 5.817075729370117188e+00 6.924998283386230469e+00
4.646930217742919922e+00 -inf 4.646930217742919922e+00 6.957585334777832031e+00 5.863398551940917969e+00 6.921135425567626953e+00
4.650733470916748047e+00 -inf 4.650733470916748047e+00 6.957056999206542969e+00 5.895106315612792969e+00 6.917667865753173828e+00
4.650030612945556641e+00 -inf 4.650030612945556641e+00 6.956655025482177734e+00 5.922619342803955078e+00 6.914519786834716797e+00
4.642317295074462891e+00 -inf 4.642317295074462891e+00 6.956695079803466797e+00 5.959527969360351562e+00 6.910622119903564453e+00
4.629525184631347656e+00 -inf 4.629525184631347656e+00 6.956764221191406250e+00 5.991491794586181641e+00 6.906971454620361328e+00
4.624777317047119141e+00 -inf 4.624777317047119141e+00 6.956825256347656250e+00 6.012227535247802734e+00 6.904451847076416016e+00
4.628250122070312500e+00 -inf 4.628250122070312500e+00 6.956864833831787109e+00 6.040036678314208984e+00 6.900800704956054688e+00
4.640006542205810547e+00 -inf 4.640006542205810547e+00 6.956217765808105469e+00 6.055541038513183594e+00 6.897879600524902344e+00
4.654767513275146484e+00 -inf 4.654767513275146484e+00 6.956243515014648438e+00 6.077025413513183594e+00 6.894731521606445312e+00
4.677108287811279297e+00 -inf 4.677108287811279297e+00 6.956298351287841797e+00 6.094621658325195312e+00 6.892054557800292969e+00
4.708159923553466797e+00 -inf 4.708159923553466797e+00 6.955184936523437500e+00 6.098754405975341797e+00 6.890098571777343750e+00
4.731678485870361328e+00 -inf 4.731678485870361328e+00 6.955303192138671875e+00 6.102619171142578125e+00 6.889608383178710938e+00
4.744364261627197266e+00 -inf 4.744364261627197266e+00 6.955420970916748047e+00 6.104523181915283203e+00 6.889433383941650391e+00
4.759882926940917969e+00 -inf 4.759882926940917969e+00 6.955413341522216797e+00 6.104940891265869141e+00 6.889356136322021484e+00
4.792914390563964844e+00 -inf 4.792914390563964844e+00 6.953599452972412109e+00 6.100169658660888672e+00 6.888025760650634766e+00
4.821695327758789062e+00 -inf 4.821695327758789062e+00 6.953422546386718750e+00 6.101806640625000000e+00 6.887553215026855469e+00
4.847170829772949219e+00 -inf 4.847170829772949219e+00 6.952726364135742188e+00 6.079972743988037109e+00 6.890222072601318359e+00
4.867488384246826172e+00 -inf 4.867488384246826172e+00 6.952582836151123047e+00 6.056778430938720703e+00 6.893539905548095703e+00
4.882016658782958984e+00 -inf 4.882016658782958984e+00 6.952489852905273438e+00 6.033034324645996094e+00 6.896786212921142578e+00
4.892989635467529297e+00 -inf 4.892989635467529297e+00 6.951832771301269531e+00 6.015013694763183594e+00 6.898451805114746094e+00
4.899880409240722656e+00 -inf 4.899880409240722656e+00 6.951798915863037109e+00 5.999835491180419922e+00 6.900360584259033203e+00
4.910741806030273438e+00 -inf 4.910741806030273438e+00 6.950510025024414062e+00 5.975659847259521484e+00 6.901866436004638672e+00
4.923874855041503906e+00 -inf 4.923874855041503906e+00 6.950414657592773438e+00 5.963082313537597656e+00 6.903226852416992188e+00
4.937562942504882812e+00 -inf 4.937562942504882812e+00 6.950287818908691406e+00 5.952322006225585938e+00 6.904303550720214844e+00
4.949327468872070312e+00 -inf 4.949327468872070312e+00 6.949372291564941406e+00 5.914999961853027344e+00 6.907270908355712891e+00
4.959368228912353516e+00 -inf 4.959368228912353516e+00 6.948366641998291016e+00 5.873517990112304688e+00 6.910182476043701172e+00
4.969445705413818359e+00 -inf 4.969445705413818359e+00 6.948187351226806641e+00 5.809573650360107422e+00 6.915419101715087891e+00
4.979789257049560547e+00 -inf 4.979789257049560547e+00 6.948029041290283203e+00 5.763693332672119141e+00 6.918648719787597656e+00
4.989381313323974609e+00 -inf 4.989381313323974609e+00 6.946315288543701172e+00 5.666046142578125000e+00 6.922918319702148438e+00
4.998121738433837891e+00 -inf 4.998121738433837891e+00 6.946131706237792969e+00 5.571177005767822266e+00 6.927418231964111328e+00
5.006804466247558594e+00 -inf 5.006804466247558594e+00 6.946001529693603516e+00 5.481574535369873047e+00 6.930833816528320312e+00
5.015046596527099609e+00 -inf 5.015046596527099609e+00 6.945888519287109375e+00 5.381768226623535156e+00 6.933875560760498047e+00
5.019981861114501953e+00 -inf 5.019981861114501953e+00 6.945847988128662109e+00 5.298015594482421875e+00 6.935965061187744141e+00
5.028497219085693359e+00 -inf 5.028497219085693359e+00 6.945785999298095703e+00 5.228917121887207031e+00 6.937370300292968750e+00
5.036060810089111328e+00 -inf 5.036060810089111328e+00 6.945725440979003906e+00 5.179136753082275391e+00 6.938227653503417969e+00
5.043822765350341797e+00 -inf 5.043822765350341797e+00 6.945684909820556641e+00 5.161741256713867188e+00 6.938483238220214844e+00
5.050862312316894531e+00 -inf 5.050862312316894531e+00 6.945651531219482422e+00 5.143222332000732422e+00 6.938752174377441406e+00
5.058468341827392578e+00 -inf 5.058468341827392578e+00 6.945610046386718750e+00 5.197071075439453125e+00 6.937791347503662109e+00
5.076705932617187500e+00 -inf 5.076705932617187500e+00 6.945418834686279297e+00 5.282265186309814453e+00 6.935882568359375000e+00
5.106895446777343750e+00 -inf 5.106895446777343750e+00 6.945009708404541016e+00 5.322815895080566406e+00 6.934518337249755859e+00
5.136524677276611328e+00 -inf 5.136524677276611328e+00 6.944576263427734375e+00 5.345975399017333984e+00 6.933491706848144531e+00
5.167730331420898438e+00 -inf 5.167730331420898438e+00 6.944102287292480469e+00 5.350501537322998047e+00 6.932887077331542969e+00
