5.572837352752685547e+00 -inf 5.572837352752685547e+00 6.968104839324951172e+00 6.026178359985351562e+00 6.915387630462646484e+00
5.569155216217041016e+00 -inf 5.569155216217041016e+00 6.967950820922851562e+00 6.010011672973632812e+00 6.917257785797119141e+00
5.561592102050781250e+00 -inf 5.561592102050781250e+00 6.967511653900146484e+00 6.001774787902832031e+00 6.917775154113769531e+00
5.557986736297607422e+00 -inf 5.557986736297607422e+00 6.966900348663330078e+00 5.985950469970703125e+00 6.918973922729492188e+00
5.549614429473876953e+00 -inf 5.549614429473876953e+00 6.965760231018066406e+00 5.976152420043945312e+00 6.918832302093505859e+00
5.541555881500244141e+00 -inf 5.541555881500244141e+00 6.965330600738525391e+00 5.943809509277343750e+00 6.921899318695068359e+00
5.529151439666748047e+00 -inf 5.529151439666748047e+00 6.965419292449951172e+00 5.934682369232177734e+00 6.922946453094482422e+00
5.518181324005126953e+00 -inf 5.518181324005126953e+00 6.966547012329101562e+00 5.924944877624511719e+00 6.925175189971923828e+00
5.509107112884521484e+00 -inf 5.509107112884521484e+00 6.966818809509277344e+00 5.916056156158447266e+00 6.926351547241210938e+00
5.503387928009033203e+00 -inf 5.503387928009033203e+00 6.967440128326416016e+00 5.935920715332031250e+00 6.925047874450683594e+00
5.506688594818115234e+00 -inf 5.506688594818115234e+00 6.968159675598144531e+00 5.955283641815185547e+00 6.923810005187988281e+00
5.505577087402343750e+00 -inf 5.505577087402343750e+00 6.969190120697021484e+00 5.990396022796630859e+00 6.921011447906494141e+00
5.497632026672363281e+00 -inf 5.497632026672363281e+00 6.969635486602783203e+00 6.035945415496826172e+00 6.915844440460205078e+00
5.502850532531738281e+00 -inf 5.502850532531738281e+00 6.969857692718505859e+00 6.075854778289794922e+00 6.910551548004150391e+00
5.515027523040771484e+00 -inf 5.515027523040771484e+00 6.970453739166259766e+00 6.104852199554443359e+00 6.906832218170166016e+00
5.522704124450683594e+00 -inf 5.522704124450683594e+00 6.970555782318115234e+00 6.130175113677978516e+00 6.902817726135253906e+00
5.527308464050292969e+00 -inf 5.527308464050292969e+00 6.970687866210937500e+00 6.153038978576660156e+00 6.898992538452148438e+00
5.541407108306884766e+00 -inf 5.541407108306884766e+00 6.971282005310058594e+00 6.178746700286865234e+00 6.894920825958251953e+00
5.539535522460937500e+00 -inf 5.539535522460937500e+00 6.971556186676025391e+00 6.206030368804931641e+00 6.889805316925048828e+00
5.541348457336425781e+00 -inf 5.541348457336425781e+00 6.971744537353515625e+00 6.235536098480224609e+00 6.883665561676025391e+00
5.551393032073974609e+00 -inf 5.551393032073974609e+00 6.971469402313232422e+00 6.269791603088378906e+00 6.875233173370361328e+00
5.558152198791503906e+00 -inf 5.558152198791503906e+00 6.971819400787353516e+00 6.301033020019531250e+00 6.867568016052246094e+00
5.571607589721679688e+00 -inf 5.571607589721679688e+00 6.971181869506835938e+00 6.323700428009033203e+00 6.860385894775390625e+00
5.588102340698242188e+00 -inf 5.588102340698242188e+00 6.970430850982666016e+00 6.340803623199462891e+00 6.854305267333984375e+00
5.602945327758789062e+00 -inf 5.602945327758789062e+00 6.970051288604736328e+00 6.362381935119628906e+00 6.846967220306396484e+00
5.616247653961181641e+00 -inf 5.616247653961181641e+00 6.969104290008544922e+00 6.367717742919921875e+00 6.843940734863281250e+00
5.626786231994628906e+00 -inf 5.626786231994628906e+00 6.968980312347412109e+00 6.371303081512451172e+00 6.842570781707763672e+00
5.646166324615478516e+00 -inf 5.646166324615478516e+00 6.967367172241210938e+00 6.377023220062255859e+00 6.838450908660888672e+00
5.666128158569335938e+00 -inf 5.666128158569335938e+00 6.965645313262939453e+00 6.379837989807128906e+00 6.835150718688964844e+00
5.677918910980224609e+00 -inf 5.677918910980224609e+00 6.964906692504882812e+00 6.376393795013427734e+00 6.835357189178466797e+00
5.689466953277587891e+00 -inf 5.689466953277587891e+00 6.964457511901855469e+00 6.364991664886474609e+00 6.838650703430175781e+00
5.703909397125244141e+00 -inf 5.703909397125244141e+00 6.964018821716308594e+00 6.353364944458007812e+00 6.841907501220703125e+00
5.717101573944091797e+00 -inf 5.717101573944091797e+00 6.962499618530273438e+00 6.332036018371582031e+00 6.846630096435546875e+00
5.732287883758544922e+00 -inf 5.732287883758544922e+00 6.960300922393798828e+00 6.302260398864746094e+00 6.852525711059570312e+00
5.755179405212402344e+00 -inf 5.755179405212402344e+00 6.958847045898437500e+00 6.276331901550292969e+00 6.857724189758300781e+00
5.779892444610595703e+00 -inf 5.779892444610595703e+00 6.957454681396484375e+00 6.255224227905273438e+00 6.861356258392333984e+00
5.803012847900390625e+00 -inf 5.803012847900390625e+00 6.955098152160644531e+00 6.234145164489746094e+00 6.863514423370361328e+00
5.822321891784667969e+00 -inf 5.822321891784667969e+00 6.953767299652099609e+00 6.220669746398925781e+00 6.864985942840576172e+00
5.840752124786376953e+00 -inf 5.840752124786376953e+00 6.952758312225341797e+00 6.214820861816406250e+00 6.865067481994628906e+00
5.862726211547851562e+00 -inf 5.862726211547851562e+00 6.949999332427978516e+00 6.213800907135009766e+00 6.861918926239013672e+00
5.882284641265869141e+00 -inf 5.882284641265869141e+00 6.948632717132568359e+00 6.214838981628417969e+00 6.860009670257568359e+00
5.911903858184814453e+00 -inf 5.911903858184814453e+00 6.946716308593750000e+00 6.204160690307617188e+00 6.860051631927490234e+00
5.937623500823974609e+00 -inf 5.937623500823974609e+00 6.944549083709716797e+00 6.195561885833740234e+00 6.859292507171630859e+00
5.957839488983154297e+00 -inf 5.957839488983154297e+00 6.941817283630371094e+00 6.184784412384033203e+00 6.858285903930664062e+00
5.976183891296386719e+00 -inf 5.976183891296386719e+00 6.939736843109130859e+00 6.174952507019042969e+00 6.857831954956054688e+00
5.998256683349609375e+00 -inf 5.998256683349609375e+00 6.937415122985839844e+00 6.153170108795166016e+00 6.859442710876464844e+00
6.018910884857177734e+00 -inf 6.018910884857177734e+00 6.934911251068115234e+00 6.126893997192382812e+00 6.861464500427246094e+00
6.040205001831054688e+00 -inf 6.040205001831054688e+00 6.932110309600830078e+00 6.099659919738769531e+00 6.863019466400146484e+00
6.061524391174316406e+00 -inf 6.061524391174316406e+00 6.929382324218750000e+00 6.084293365478515625e+00 6.862433910369873047e+00
6.083670139312744141e+00 -inf 6.083670139312744141e+00 6.926206588745117188e+00 6.086435794830322266e+00 6.858365058898925781e+00
6.104370117187500000e+00 -inf 6.104370117187500000e+00 6.923087120056152344e+00 6.100284576416015625e+00 6.852311134338378906e+00
6.124484539031982422e+00 -inf 6.124484539031982422e+00 6.919809818267822266e+00 6.127000331878662109e+00 6.843502044677734375e+00
6.149775981903076172e+00 -inf 6.149775981903076172e+00 6.915543079376220703e+00 6.143437385559082031e+00 6.835142612457275391e+00
6.174927234649658203e+00 1.865091204643249512e+00 6.174905776977539062e+00 6.910972595214843750e+00 6.153476238250732422e+00 6.827539920806884766e+00
6.189248085021972656e+00 -inf 6.189248085021972656e+00 6.908513545989990234e+00 6.160052299499511719e+00 6.823142528533935547e+00
6.197818756103515625e+00 -inf 6.197818756103515625e+00 6.906204700469970703e+00 6.153782367706298828e+00 6.821689605712890625e+00
6.205154418945312500e+00 -inf 6.205154418945312500e+00 6.903952598571777344e+00 6.148501396179199219e+00 6.820085048675537109e+00
6.214766025543212891e+00 -inf 6.214766025543212891e+00 6.900417327880859375e+00 6.133009433746337891e+00 6.819055557250976562e+00
6.223798274993896484e+00 -inf 6.223798274993896484e+00 6.898593902587890625e+00 6.103080272674560547e+00 6.822803497314453125e+00
6.232540130615234375e+00 -inf 6.232540130615234375e+00 6.896846771240234375e+00 6.078402519226074219e+00 6.825294494628906250e+00
6.237428665161132812e+00 -inf 6.237428665161132812e+00 6.895782470703125000e+00 6.075682163238525391e+00 6.824526309967041016e+00
6.243205547332763672e+00 -inf 6.243205547332763672e+00 6.894326686859130859e+00 6.071915626525878906e+00 6.823481082916259766e+00
6.250607490539550781e+00 -inf 6.250607490539550781e+00 6.892725467681884766e+00 6.078348636627197266e+00 6.820440292358398438e+00
6.258978366851806641e+00 -inf 6.258978366851806641e+00 6.889935493469238281e+00 6.083820343017578125e+00 6.816137790679931641e+00
6.266885757446289062e+00 -inf 6.266885757446289062e+00 6.887958526611328125e+00 6.072261810302734375e+00 6.815912246704101562e+00
6.273823261260986328e+00 -inf 6.273823261260986328e+00 6.886052608489990234e+00 6.048098564147949219e+00 6.817903518676757812e+00
6.280363082885742188e+00 2.175314903259277344e+00 6.280328750610351562e+00 6.884463787078857422e+00 6.021937847137451172e+00 6.820354938507080078e+00
6.288731575012207031e+00 -inf 6.288731575012207031e+00 6.882204532623291016e+00 6.008430480957031250e+00 6.819858551025390625e+00
6.296403884887695312e+00 -inf 6.296403884887695312e+00 6.879354476928710938e+00 5.997555732727050781e+00 6.818233966827392578e+00
6.302717685699462891e+00 -inf 6.302717685699462891e+00 6.877593517303466797e+00 5.996742725372314453e+00 6.816329479217529297e+00
6.308722496032714844e+00 -inf 6.308722496032714844e+00 6.875390529632568359e+00 5.989494800567626953e+00 6.814886093139648438e+00
6.317545890808105469e+00 -inf 6.317545890808105469e+00 6.872950077056884766e+00 5.975406646728515625e+00 6.814160346984863281e+00
6.326565742492675781e+00 -inf 6.326565742492675781e+00 6.869594573974609375e+00 5.959826946258544922e+00 6.812548637390136719e+00
6.334304332733154297e+00 -inf 6.334304332733154297e+00 6.867456912994384766e+00 5.928892135620117188e+00 6.814304351806640625e+00
6.340887069702148438e+00 -inf 6.340887069702148438e+00 6.865286827087402344e+00 5.895002841949462891e+00 6.816098213195800781e+00
6.346436023712158203e+00 -inf 6.346436023712158203e+00 6.863424301147460938e+00 5.865677833557128906e+00 6.817415714263916016e+00
6.351164340972900391e+00 -inf 6.351164340972900391e+00 6.862242698669433594e+00 5.840973854064941406e+00 6.818785190582275391e+00
6.354729175567626953e+00 -inf 6.354729175567626953e+00 6.861152172088623047e+00 5.834295749664306641e+00 6.818278789520263672e+00
6.358359336853027344e+00 -inf 6.358359336853027344e+00 6.859726905822753906e+00 5.837413311004638672e+00 6.816379070281982422e+00
6.363509654998779297e+00 2.398101329803466797e+00 6.363462924957275391e+00 6.858130455017089844e+00 5.836493968963623047e+00 6.814711570739746094e+00
6.367348670959472656e+00 2.225894451141357422e+00 6.367317199707031250e+00 6.857230663299560547e+00 5.832936763763427734e+00 6.814090251922607422e+00
6.370465278625488281e+00 1.868420362472534180e+00 6.370451450347900391e+00 6.856894969940185547e+00 5.831829547882080078e+00 6.813835144042968750e+00
6.373240947723388672e+00 -inf 6.373240947723388672e+00 6.856084346771240234e+00 5.829716682434082031e+00 6.813160419464111328e+00
6.374765396118164062e+00 -inf 6.374765396118164062e+00 6.855917930603027344e+00 5.844573497772216797e+00 6.811402797698974609e+00
6.375463962554931641e+00 -inf 6.375463962554931641e+00 6.855926036834716797e+00 5.871316909790039062e+00 6.808424472808837891e+00
6.376025676727294922e+00 -inf 6.376025676727294922e+00 6.856081008911132812e+00 5.903973102569580078e+00 6.804660797119140625e+00
6.376719951629638672e+00 -inf 6.376719951629638672e+00 6.856118202209472656e+00 5.943145275115966797e+00 6.799520015716552734e+00
6.377741336822509766e+00 -inf 6.377741336822509766e+00 6.856070518493652344e+00 5.984838485717773438e+00 6.793330669403076172e+00
6.379179000854492188e+00 -inf 6.379179000854492188e+00 6.855537414550781250e+00 6.017444133758544922e+00 6.787411689758300781e+00
6.378880500793457031e+00 -inf 6.378880500793457031e+00 6.855179309844970703e+00 6.052406311035156250e+00 6.780759811401367188e+00
6.378011703491210938e+00 -inf 6.378011703491210938e+00 6.855681896209716797e+00 6.090923309326171875e+00 6.773771762847900391e+00
6.377661705017089844e+00 -inf 6.377661705017089844e+00 6.856110572814941406e+00 6.125575065612792969e+00 6.766746044158935547e+00
6.376772403717041016e+00 2.008042335510253906e+00 6.376753330230712891e+00 6.856521606445312500e+00 6.160501003265380859e+00 6.758871555328369141e+00
6.378121852874755859e+00 -inf 6.378121852874755859e+00 6.855791568756103516e+00 6.184548377990722656e+00 6.751663684844970703e+00
6.379603385925292969e+00 2.628890752792358398e+00 6.379526138305664062e+00 6.855174064636230469e+00 6.202855587005615234e+00 6.745773792266845703e+00
6.380913257598876953e+00 3.505934953689575195e+00 6.380333900451660156e+00 6.854801177978515625e+00 6.218493461608886719e+00 6.740703105926513672e+00
6.381867885589599609e+00 3.635907649993896484e+00 6.381087779998779297e+00 6.854075431823730469e+00 6.226744651794433594e+00 6.737244129180908203e+00
6.381647109985351562e+00 3.730827808380126953e+00 6.380675792694091797e+00 6.854334831237792969e+00 6.224863529205322266e+00 6.738162040710449219e+00
6.381040573120117188e+00 3.709768772125244141e+00 6.380113601684570312e+00 6.852712631225585938e+00 6.209464550018310547e+00 6.740678787231445312e+00
6.383340835571289062e+00 3.387685060501098633e+00 6.382901668548583984e+00 6.851921081542968750e+00 6.184853553771972656e+00 6.746655464172363281e+00
6.385757446289062500e+00 2.877985239028930664e+00 6.385622501373291016e+00 6.851478099822998047e+00 6.155456542968750000e+00 6.753828048706054688e+00
6.389309406280517578e+00 3.213359594345092773e+00 6.389020442962646484e+00 6.849485397338867188e+00 6.125044822692871094e+00 6.758716106414794922e+00
6.394190788269042969e+00 3.220089197158813477e+00 6.393899440765380859e+00 6.847973823547363281e+00 6.097136974334716797e+00 6.763117313385009766e+00
6.397194862365722656e+00 3.158671855926513672e+00 6.396945476531982422e+00 6.846729278564453125e+00 6.075827598571777344e+00 6.766082763671875000e+00
6.396469116210937500e+00 3.457980155944824219e+00 6.395968437194824219e+00 6.846661090850830078e+00 6.067059040069580078e+00 6.767769336700439453e+00
6.395116806030273438e+00 3.469362258911132812e+00 6.394600868225097656e+00 6.847522735595703125e+00 6.073971748352050781e+00 6.767415523529052734e+00
6.393753051757812500e+00 3.277144432067871094e+00 6.393421173095703125e+00 6.848511219024658203e+00 6.084494113922119141e+00 6.766447544097900391e+00
6.391917705535888672e+00 3.558045625686645508e+00 6.391279220581054688e+00 6.849456787109375000e+00 6.097818851470947266e+00 6.764772891998291016e+00
6.390622138977050781e+00 3.651905775070190430e+00 6.389828681945800781e+00 6.850184440612792969e+00 6.115361213684082031e+00 6.761793613433837891e+00
6.388702869415283203e+00 3.710698843002319336e+00 6.387790203094482422e+00 6.850828170776367188e+00 6.137201786041259766e+00 6.757506847381591797e+00
6.387032985687255859e+00 3.710502862930297852e+00 6.386116981506347656e+00 6.851356983184814453e+00 6.155464649200439453e+00 6.753674030303955078e+00
6.386119842529296875e+00 3.522736072540283203e+00 6.385524749755859375e+00 6.851981639862060547e+00 6.177492141723632812e+00 6.748729705810546875e+00
6.384767055511474609e+00 3.266740322113037109e+00 6.384435653686523438e+00 6.851804256439208984e+00 6.184869766235351562e+00 6.746501922607421875e+00
6.383502960205078125e+00 3.567795038223266602e+00 6.382838726043701172e+00 6.852821350097656250e+00 6.195415973663330078e+00 6.744867324829101562e+00
6.374877929687500000e+00 3.703862667083740234e+00 6.373950481414794922e+00 6.855868816375732422e+00 6.196783065795898438e+00 6.748387813568115234e+00
6.360614776611328125e+00 3.314002990722656250e+00 6.360224723815917969e+00 6.859786510467529297e+00 6.199334621429443359e+00 6.752687931060791016e+00
6.346372604370117188e+00 3.119105339050292969e+00 6.346115112304687500e+00 6.864444732666015625e+00 6.200119018554687500e+00 6.758424282073974609e+00
6.333689689636230469e+00 3.273925781250000000e+00 6.333311080932617188e+00 6.866786003112792969e+00 6.184781074523925781e+00 6.765529155731201172e+00
6.322635173797607422e+00 2.799373865127563477e+00 6.322504997253417969e+00 6.870223522186279297e+00 6.166504383087158203e+00 6.774492740631103516e+00
6.312931060791015625e+00 1.859230637550354004e+00 6.312915802001953125e+00 6.873014926910400391e+00 6.153842926025390625e+00 6.781012058258056641e+00
6.303198337554931641e+00 2.490754127502441406e+00 6.303131580352783203e+00 6.875869750976562500e+00 6.149241447448730469e+00 6.785607337951660156e+00
6.293046474456787109e+00 2.728012800216674805e+00 6.292928695678710938e+00 6.878393650054931641e+00 6.167605400085449219e+00 6.784388542175292969e+00
6.279046535491943359e+00 3.370084285736083984e+00 6.278510570526123047e+00 6.881278514862060547e+00 6.192675113677978516e+00 6.781737327575683594e+00
6.264029979705810547e+00 3.627750873565673828e+00 6.263025283813476562e+00 6.884736061096191406e+00 6.206764221191406250e+00 6.782413959503173828e+00
6.247834682464599609e+00 3.279325246810913086e+00 6.247367858886718750e+00 6.888219356536865234e+00 6.215467929840087891e+00 6.784499645233154297e+00
6.232817649841308594e+00 2.622304677963256836e+00 6.232711791992187500e+00 6.891986370086669922e+00 6.218428611755371094e+00 6.788484096527099609e+00
6.218304157257080078e+00 2.235148906707763672e+00 6.218259334564208984e+00 6.894454002380371094e+00 6.219690799713134766e+00 6.791275501251220703e+00
6.203587055206298828e+00 -inf 6.203587055206298828e+00 6.896678447723388672e+00 6.210942268371582031e+00 6.796395778656005859e+00
6.188372135162353516e+00 -inf 6.188372135162353516e+00 6.899670124053955078e+00 6.193463325500488281e+00 6.804551124572753906e+00
6.172598361968994141e+00 -inf 6.172598361968994141e+00 6.902565479278564453e+00 6.171172618865966797e+00 6.813396453857421875e+00
6.159507274627685547e+00 -inf 6.159507274627685547e+00 6.904922008514404297e+00 6.154476642608642578e+00 6.819981098175048828e+00
6.145629405975341797e+00 -inf 6.145629405975341797e+00 6.907235622406005859e+00 6.156572341918945312e+00 6.822341442108154297e+00
6.134357929229736328e+00 -inf 6.134357929229736328e+00 6.909397125244140625e+00 6.169779777526855469e+00 6.822081089019775391e+00
6.123309612274169922e+00 -inf 6.123309612274169922e+00 6.911383628845214844e+00 6.175153255462646484e+00 6.823309898376464844e+00
6.112123966217041016e+00 -inf 6.112123966217041016e+00 6.913177490234375000e+00 6.174516677856445312e+00 6.825648307800292969e+00
6.102793693542480469e+00 -inf 6.102793693542480469e+00 6.915023803710937500e+00 6.176514625549316406e+00 6.827461719512939453e+00
6.094974994659423828e+00 -inf 6.094974994659423828e+00 6.915890216827392578e+00 6.180924415588378906e+00 6.827531814575195312e+00
6.086840629577636719e+00 -inf 6.086840629577636719e+00 6.917402744293212891e+00 6.195882320404052734e+00 6.825951576232910156e+00
6.079152107238769531e+00 -inf 6.079152107238769531e+00 6.919014930725097656e+00 6.214560031890869141e+00 6.823465824127197266e+00
6.071547031402587891e+00 -inf 6.071547031402587891e+00 6.920285701751708984e+00 6.221884727478027344e+00 6.823233604431152344e+00
6.062236785888671875e+00 -inf 6.062236785888671875e+00 6.921956539154052734e+00 6.236257076263427734e+00 6.821664333343505859e+00
6.053581714630126953e+00 -inf 6.053581714630126953e+00 6.922082901000976562e+00 6.236577033996582031e+00 6.821740627288818359e+00
6.044481754302978516e+00 -inf 6.044481754302978516e+00 6.923607826232910156e+00 6.240682125091552734e+00 6.822592258453369141e+00
6.033738613128662109e+00 -inf 6.033738613128662109e+00 6.925520420074462891e+00 6.249513626098632812e+00 6.822675228118896484e+00
6.023332595825195312e+00 -inf 6.023332595825195312e+00 6.927492618560791016e+00 6.257771492004394531e+00 6.822951793670654297e+00
6.013003826141357422e+00 -inf 6.013003826141357422e+00 6.928708553314208984e+00 6.270408153533935547e+00 6.821006774902343750e+00
6.002385139465332031e+00 -inf 6.002385139465332031e+00 6.930598735809326172e+00 6.293041706085205078e+00 6.816875457763671875e+00
5.990549564361572266e+00 -inf 5.990549564361572266e+00 6.931867599487304688e+00 6.318154335021972656e+00 6.810744762420654297e+00
5.978572845458984375e+00 -inf 5.978572845458984375e+00 6.932915210723876953e+00 6.344804763793945312e+00 6.803225517272949219e+00
5.966682434082031250e+00 -inf 5.966682434082031250e+00 6.934347629547119141e+00 6.370504856109619141e+00 6.795884132385253906e+00
5.954773902893066406e+00 -inf 5.954773902893066406e+00 6.935553073883056641e+00 6.395303249359130859e+00 6.787889003753662109e+00
5.943135261535644531e+00 -inf 5.943135261535644531e+00 6.936834812164306641e+00 6.411721706390380859e+00 6.782886981964111328e+00
5.931532859802246094e+00 -inf 5.931532859802246094e+00 6.937232017517089844e+00 6.427677631378173828e+00 6.776491641998291016e+00
5.922295093536376953e+00 -inf 5.922295093536376953e+00 6.937966823577880859e+00 6.430989742279052734e+00 6.776067256927490234e+00
5.912845611572265625e+00 -inf 5.912845611572265625e+00 6.938574790954589844e+00 6.425364494323730469e+00 6.779461860656738281e+00
5.903615951538085938e+00 -inf 5.903615951538085938e+00 6.939449310302734375e+00 6.406682491302490234e+00 6.788716793060302734e+00
5.894313335418701172e+00 -inf 5.894313335418701172e+00 6.940690994262695312e+00 6.390117645263671875e+00 6.797138214111328125e+00
5.883054733276367188e+00 -inf 5.883054733276367188e+00 6.941650867462158203e+00 6.375769615173339844e+00 6.803950309753417969e+00
5.872960090637207031e+00 -inf 5.872960090637207031e+00 6.942918300628662109e+00 6.372160434722900391e+00 6.807023525238037109e+00
5.861814975738525391e+00 -inf 5.861814975738525391e+00 6.943486213684082031e+00 6.387215137481689453e+00 6.802145004272460938e+00
5.848558425903320312e+00 -inf 5.848558425903320312e+00 6.944624423980712891e+00 6.399798870086669922e+00 6.798799037933349609e+00
5.836176872253417969e+00 -inf 5.836176872253417969e+00 6.945594310760498047e+00 6.402395725250244141e+00 6.799118518829345703e+00
5.825170040130615234e+00 -inf 5.825170040130615234e+00 6.946160793304443359e+00 6.400969028472900391e+00 6.800481319427490234e+00
5.811584472656250000e+00 -inf 5.811584472656250000e+00 6.947628498077392578e+00 6.396518707275390625e+00 6.804286003112792969e+00
5.801796913146972656e+00 -inf 5.801796913146972656e+00 6.948769092559814453e+00 6.400931835174560547e+00 6.804139137268066406e+00
5.792588233947753906e+00 -inf 5.792588233947753906e+00 6.949642181396484375e+00 6.410812377929687500e+00 6.801401138305664062e+00
5.782090187072753906e+00 -inf 5.782090187072753906e+00 6.950174331665039062e+00 6.422978878021240234e+00 6.797109603881835938e+00
5.771016597747802734e+00 -inf 5.771016597747802734e+00 6.950926780700683594e+00 6.436402320861816406e+00 6.792395114898681641e+00
5.760321617126464844e+00 -inf 5.760321617126464844e+00 6.951705455780029297e+00 6.452699184417724609e+00 6.786157608032226562e+00
5.751446723937988281e+00 -inf 5.751446723937988281e+00 6.952164649963378906e+00 6.468275547027587891e+00 6.779417991638183594e+00
5.740307807922363281e+00 -inf 5.740307807922363281e+00 6.952325820922851562e+00 6.478365421295166016e+00 6.774645328521728516e+00
5.731226921081542969e+00 -inf 5.731226921081542969e+00 6.952569007873535156e+00 6.483903884887695312e+00 6.772187232971191406e+00
5.725493907928466797e+00 -inf 5.725493907928466797e+00 6.952569961547851562e+00 6.481549263000488281e+00 6.773396015167236328e+00
5.721068859100341797e+00 -inf 5.721068859100341797e+00 6.953092575073242188e+00 6.472509860992431641e+00 6.778721809387207031e+00
5.712452888488769531e+00 -inf 5.712452888488769531e+00 6.953578472137451172e+00 6.466482162475585938e+00 6.782389640808105469e+00
5.705112457275390625e+00 -inf 5.705112457275390625e+00 6.954204082489013672e+00 6.463040351867675781e+00 6.784966468811035156e+00
5.694366455078125000e+00 -inf 5.694366455078125000e+00 6.954371929168701172e+00 6.466170787811279297e+00 6.783716201782226562e+00
5.688050270080566406e+00 -inf 5.688050270080566406e+00 6.954600334167480469e+00 6.469970226287841797e+00 6.782215595245361328e+00
5.684099674224853516e+00 -inf 5.684099674224853516e+00 6.953764915466308594e+00 6.465476512908935547e+00 6.783151626586914062e+00
5.681067943572998047e+00 -inf 5.681067943572998047e+00 6.953386783599853516e+00 6.445611953735351562e+00 6.791847705841064453e+00
5.674686908721923828e+00 -inf 5.674686908721923828e+00 6.953018665313720703e+00 6.404672145843505859e+00 6.808590412139892578e+00
5.670689582824707031e+00 -inf 5.670689582824707031e+00 6.952733516693115234e+00 6.355290412902832031e+00 6.826245307922363281e+00
5.668092250823974609e+00 -inf 5.668092250823974609e+00 6.952849388122558594e+00 6.316534519195556641e+00 6.838753700256347656e+00
5.663185596466064453e+00 -inf 5.663185596466064453e+00 6.953536033630371094e+00 6.304106712341308594e+00 6.843305110931396484e+00
5.656991958618164062e+00 -inf 5.656991958618164062e+00 6.952486991882324219e+00 6.297761917114257812e+00 6.843773841857910156e+00
5.653198242187500000e+00 -inf 5.653198242187500000e+00 6.951202392578125000e+00 6.288359642028808594e+00 6.844770908355712891e+00
5.650026798248291016e+00 -inf 5.650026798248291016e+00 6.950967311859130859e+00 6.262256145477294922e+00 6.851454257965087891e+00
5.650990962982177734e+00 -inf 5.650990962982177734e+00 6.949869155883789062e+00 6.215880870819091797e+00 6.861289501190185547e+00
5.652875900268554688e+00 -inf 5.652875900268554688e+00 6.949395656585693359e+00 6.157883167266845703e+00 6.872838497161865234e+00
5.656597614288330078e+00 -inf 5.656597614288330078e+00 6.948884010314941406e+00 6.098760604858398438e+00 6.882769584655761719e+00
5.658415317535400391e+00 -inf 5.658415317535400391e+00 6.948758602142333984e+00 6.052126884460449219e+00 6.889836311340332031e+00
5.664461612701416016e+00 -inf 5.664461612701416016e+00 6.948648929595947266e+00 5.998879432678222656e+00 6.896934032440185547e+00
5.670563697814941406e+00 -inf 5.670563697814941406e+00 6.948923587799072266e+00 5.991127014160156250e+00 6.898213386535644531e+00
5.674821853637695312e+00 -inf 5.674821853637695312e+00 6.947981834411621094e+00 6.007591724395751953e+00 6.895065784454345703e+00
5.678544998168945312e+00 -inf 5.678544998168945312e+00 6.948297977447509766e+00 6.054759979248046875e+00 6.888924121856689453e+00
5.679498672485351562e+00 -inf 5.679498672485351562e+00 6.948765277862548828e+00 6.107107162475585938e+00 6.881242752075195312e+00
5.682973861694335938e+00 -inf 5.682973861694335938e+00 6.948903083801269531e+00 6.138608932495117188e+00 6.875874519348144531e+00
5.686647415161132812e+00 -inf 5.686647415161132812e+00 6.948885440826416016e+00 6.168292522430419922e+00 6.870190620422363281e+00
5.689383506774902344e+00 -inf 5.689383506774902344e+00 6.948425769805908203e+00 6.206861495971679688e+00 6.861541748046875000e+00
5.694223880767822266e+00 -inf 5.694223880767822266e+00 6.948451042175292969e+00 6.223632335662841797e+00 6.857769489288330078e+00
5.701629161834716797e+00 -inf 5.701629161834716797e+00 6.947500705718994141e+00 6.231916904449462891e+00 6.854647159576416016e+00
5.704523563385009766e+00 -inf 5.704523563385009766e+00 6.947985172271728516e+00 6.227231502532958984e+00 6.856354236602783203e+00
5.710348606109619141e+00 -inf 5.710348606109619141e+00 6.947923183441162109e+00 6.223224639892578125e+00 6.857213973999023438e+00
5.714481353759765625e+00 -inf 5.714481353759765625e+00 6.946742534637451172e+00 6.224216938018798828e+00 6.855527400970458984e+00
5.713917255401611328e+00 -inf 5.713917255401611328e+00 6.947021007537841797e+00 6.215577602386474609e+00 6.857863903045654297e+00
5.706576824188232422e+00 -inf 5.706576824188232422e+00 6.947097301483154297e+00 6.208264350891113281e+00 6.859606742858886719e+00
5.696177482604980469e+00 -inf 5.696177482604980469e+00 6.947988033294677734e+00 6.209640502929687500e+00 6.860388278961181641e+00
5.688807964324951172e+00 -inf 5.688807964324951172e+00 6.948734283447265625e+00 6.221116542816162109e+00 6.858700752258300781e+00
5.687182426452636719e+00 -inf 5.687182426452636719e+00 6.948781967163085938e+00 6.249987602233886719e+00 6.851828575134277344e+00
5.682168960571289062e+00 -inf 5.682168960571289062e+00 6.949000358581542969e+00 6.284698963165283203e+00 6.842972755432128906e+00
5.681568622589111328e+00 -inf 5.681568622589111328e+00 6.949078559875488281e+00 6.320899009704589844e+00 6.832508563995361328e+00
5.683531761169433594e+00 -inf 5.683531761169433594e+00 6.949397087097167969e+00 6.358191013336181641e+00 6.820779323577880859e+00
5.684623241424560547e+00 -inf 5.684623241424560547e+00 6.949202537536621094e+00 6.386701583862304688e+00 6.810234069824218750e+00
5.683881282806396484e+00 -inf 5.683881282806396484e+00 6.949323654174804688e+00 6.412986278533935547e+00 6.800064563751220703e+00
5.684154033660888672e+00 -inf 5.684154033660888672e+00 6.948674201965332031e+00 6.426831245422363281e+00 6.793327331542968750e+00
5.682617187500000000e+00 -inf 5.682617187500000000e+00 6.948688507080078125e+00 6.433145046234130859e+00 6.790604591369628906e+00
5.681934356689453125e+00 -inf 5.681934356689453125e+00 6.949118137359619141e+00 6.436337947845458984e+00 6.789814949035644531e+00
5.686096668243408203e+00 -inf 5.686096668243408203e+00 6.948976993560791016e+00 6.434080123901367188e+00 6.790607929229736328e+00
5.687827110290527344e+00 -inf 5.687827110290527344e+00 6.947873115539550781e+00 6.428750514984130859e+00 6.791351318359375000e+00
5.689580440521240234e+00 1.978403687477111816e+00 5.689495563507080078e+00 6.947701454162597656e+00 6.423239231109619141e+00 6.793476581573486328e+00
5.690418720245361328e+00 -inf 5.690418720245361328e+00 6.947576045989990234e+00 6.418885707855224609e+00 6.795140743255615234e+00
5.685620784759521484e+00 -inf 5.685620784759521484e+00 6.948027610778808594e+00 6.411058425903320312e+00 6.799027442932128906e+00
5.685142040252685547e+00 -inf 5.685142040252685547e+00 6.947330474853515625e+00 6.402223110198974609e+00 6.801617622375488281e+00
5.681522846221923828e+00 -inf 5.681522846221923828e+00 6.947098731994628906e+00 6.404654502868652344e+00 6.800318717956542969e+00
5.678053379058837891e+00 -inf 5.678053379058837891e+00 6.946831226348876953e+00 6.408739566802978516e+00 6.798289299011230469e+00
5.681840896606445312e+00 -inf 5.681840896606445312e+00 6.945710659027099609e+00 6.405454635620117188e+00 6.798048496246337891e+00
5.688897609710693359e+00 -inf 5.688897609710693359e+00 6.943398952484130859e+00 6.380126953125000000e+00 6.804720878601074219e+00
5.700750827789306641e+00 -inf 5.700750827789306641e+00 6.941920280456542969e+00 6.349396705627441406e+00 6.813755512237548828e+00
5.714958667755126953e+00 -inf 5.714958667755126953e+00 6.938367843627929688e+00 6.311326980590820312e+00 6.821446895599365234e+00
5.736737251281738281e+00 -inf 5.736737251281738281e+00 6.937257289886474609e+00 6.280038833618164062e+00 6.829250335693359375e+00
5.761450767517089844e+00 -inf 5.761450767517089844e+00 6.934756278991699219e+00 6.240302562713623047e+00 6.836709499359130859e+00
5.786637306213378906e+00 -inf 5.786637306213378906e+00 6.931013107299804688e+00 6.197752952575683594e+00 6.842268466949462891e+00
5.807270050048828125e+00 -inf 5.807270050048828125e+00 6.929156303405761719e+00 6.170367717742919922e+00 6.845996379852294922e+00
5.823071002960205078e+00 -inf 5.823071002960205078e+00 6.928068637847900391e+00 6.137937068939208984e+00 6.851244449615478516e+00
5.837962150573730469e+00 -inf 5.837962150573730469e+00 6.926455020904541016e+00 6.082926750183105469e+00 6.859246253967285156e+00
5.847874164581298828e+00 -inf 5.847874164581298828e+00 6.925306320190429688e+00 6.024559974670410156e+00 6.866978645324707031e+00
5.857961654663085938e+00 -inf 5.857961654663085938e+00 6.924584865570068359e+00 5.973505496978759766e+00 6.873035430908203125e+00
5.867156982421875000e+00 -inf 5.867156982421875000e+00 6.923094749450683594e+00 5.949979782104492188e+00 6.874244689941406250e+00
5.872206687927246094e+00 -inf 5.872206687927246094e+00 6.922897338867187500e+00 5.935937881469726562e+00 6.875666141510009766e+00
5.875172615051269531e+00 -inf 5.875172615051269531e+00 6.922834396362304688e+00 5.915627002716064453e+00 6.877870559692382812e+00
5.879113197326660156e+00 -inf 5.879113197326660156e+00 6.922402381896972656e+00 5.882754325866699219e+00 6.880835056304931641e+00
5.883981227874755859e+00 -inf 5.883981227874755859e+00 6.921817779541015625e+00 5.840260505676269531e+00 6.884244441986083984e+00
5.884603977203369141e+00 -inf 5.884603977203369141e+00 6.920645713806152344e+00 5.779743194580078125e+00 6.888057231903076172e+00
5.887117862701416016e+00 -inf 5.887117862701416016e+00 6.921052455902099609e+00 5.737159252166748047e+00 6.891641616821289062e+00
5.887386322021484375e+00 -inf 5.887386322021484375e+00 6.921561717987060547e+00 5.709229469299316406e+00 6.894074916839599609e+00
5.886769771575927734e+00 -inf 5.886769771575927734e+00 6.922054290771484375e+00 5.716420173645019531e+00 6.894125938415527344e+00
5.883634567260742188e+00 -inf 5.883634567260742188e+00 6.922856330871582031e+00 5.715081691741943359e+00 6.895070552825927734e+00
5.878674030303955078e+00 -inf 5.878674030303955078e+00 6.923679828643798828e+00 5.746672630310058594e+00 6.893782138824462891e+00
5.878401756286621094e+00 -inf 5.878401756286621094e+00 6.923702716827392578e+00 5.750206470489501953e+00 6.893553256988525391e+00
