5.048487946623936296e-05
4.360546881798654795e-05
4.535323023446835577e-05
3.703301626956090331e-05
2.826071431627497077e-05
1.880790841823909432e-05
1.267639800062170252e-05
7.929542334750294685e-06
5.157887244422454387e-06
4.343870386946946383e-06
2.641826540639158338e-06
1.530162649032718036e-06
8.995888265417306684e-07
3.114336664111760911e-07
-2.258170184177288320e-07
-5.594840217781893443e-07
0.000000000000000000e+00
0.000000000000000000e+00
0.000000000000000000e+00
0.000000000000000000e+00
0.000000000000000000e+00
0.000000000000000000e+00
0.000000000000000000e+00
0.000000000000000000e+00
0.000000000000000000e+00
0.000000000000000000e+00
0.000000000000000000e+00
0.000000000000000000e+00
0.000000000000000000e+00
0.000000000000000000e+00
0.000000000000000000e+00
0.000000000000000000e+00
0.000000000000000000e+00
0.000000000000000000e+00
0.000000000000000000e+00
0.000000000000000000e+00
0.000000000000000000e+00
0.000000000000000000e+00
0.000000000000000000e+00
0.000000000000000000e+00
0.000000000000000000e+00
1.452971446269657463e-05
4.436376184457913041e-05
1.817524171201512218e-04
2.787653356790542603e-04
8.185175829567015171e-05
3.415436367504298687e-05
1.003156066872179508e-04
4.467052349355071783e-04
4.352268588263541460e-04
6.475114496424794197e-04
6.493667606264352798e-04
5.874747876077890396e-04
6.513683474622666836e-04
6.758804083801805973e-04
6.188460392877459526e-04
5.496434168890118599e-04
5.472583579830825329e-04
5.675242282450199127e-04
5.401241360232234001e-04
5.424541886895895004e-04
5.385395488701760769e-04
6.165119120851159096e-04
6.413632072508335114e-04
5.968273035250604153e-04
5.435443017631769180e-04
4.814791027456521988e-04
4.299666034057736397e-04
3.738146624527871609e-04
2.468487946316599846e-04
1.967171265278011560e-04
2.704711514525115490e-04
3.971420228481292725e-04
2.832392929121851921e-04
1.409568794770166278e-04
1.133954501710832119e-04
1.053012092597782612e-04
7.421457848977297544e-05
4.427540989127010107e-05
3.075419226661324501e-05
2.080019112327136099e-05
8.950632036430761218e-06
5.123865776113234460e-09
-4.121138772461563349e-06
-4.471755346457939595e-06
-1.108616743294987828e-06
-5.605763817584374920e-07
3.704350319821969606e-06
4.825533324037678540e-06
4.975358024239540100e-06
5.459322437673108652e-06
6.134401246526977047e-06
6.389927875716239214e-06
6.047438091627554968e-06
5.026690814702305943e-06
3.649461632448947057e-06
2.358638994337525219e-06
1.281832169297558721e-06
5.793890522909350693e-07
1.791372170600880054e-07
-5.185491858128443710e-08
-1.877291566643179976e-07
-2.604085693747038022e-07
-2.712768321089242818e-08
2.296346337971044704e-06
5.096873792354017496e-06
6.770481832063524053e-06
7.678535439481493086e-06
7.760634616715833545e-06
6.944626875338144600e-06
5.628335202345624566e-06
4.139323209528811276e-06
2.522610429878113791e-06
1.260055000784632284e-06
4.605742276453383965e-07
1.870615733423619531e-07
1.608790284990391228e-06
2.438816636640694924e-06
4.024766894872300327e-06
5.429104930954053998e-06
5.134837010700721294e-06
4.099750185559969395e-06
3.057088633795501664e-06
2.411443801975110546e-06
1.013849782793840859e-06
1.096021939872571238e-08
0.000000000000000000e+00
2.071145210891245370e-08
0.000000000000000000e+00
0.000000000000000000e+00
0.000000000000000000e+00
0.000000000000000000e+00
1.440445521438959986e-05
5.403174327511806041e-06
5.580435754382051528e-06
3.935169661417603493e-05
9.114199201576411724e-05
1.418726315023377538e-04
2.368299465160816908e-04
2.300145279150456190e-04
1.807813823688775301e-04
2.703235368244349957e-04
2.469752798788249493e-04
2.177578862756490707e-04
2.123567974194884300e-04
2.955383970402181149e-04
3.200520877726376057e-04
3.423464368097484112e-04
4.761033342219889164e-04
6.876508123241364956e-04
3.822962462436407804e-04
4.364211345091462135e-04
5.279065226204693317e-04
4.280560824554413557e-04
3.415380488149821758e-04
2.852757752407342196e-04
1.022197830025106668e-04
7.135576015571132302e-05
6.533067062264308333e-05
5.307351239025592804e-05
5.467601658892817795e-05
5.588207568507641554e-05
5.174300167709589005e-05
4.533568426268175244e-05
3.325747093185782433e-05
1.931877886818256229e-05
1.238845743500860408e-05
8.376192454306874424e-06
1.018176317302277312e-05
9.494759069639258087e-06
1.192321906273718923e-05
1.437994615116622299e-05
1.710414835542906076e-05
1.652551509323529899e-05
1.199377402372192591e-05
1.622695344849489629e-05
2.551808938733302057e-05
3.106655640294775367e-05
3.607776670833118260e-05
1.145245369116310030e-05
1.524132926533638965e-07
7.418531140501727350e-07
1.142227347372681834e-06
6.897232651681406423e-06
1.908707054099068046e-05
4.200664989184588194e-05
2.702758320083376020e-05
2.014184065046720207e-05
2.430727181490510702e-05
5.337221227819100022e-05
1.388069067616015673e-04
2.019235835177823901e-04
7.952111627673730254e-05
1.791858958313241601e-04
3.160103515256196260e-04
5.987043841741979122e-04
4.959874204359948635e-04
4.133179318159818649e-04
3.687366843223571777e-04
3.760200925171375275e-04
4.184265853837132454e-04
4.358321602921932936e-04
6.379935657605528831e-04
7.687106262892484665e-04
9.460846194997429848e-04
6.628161063417792320e-04
4.843541537411510944e-04
3.444433095864951611e-04
1.845012011472135782e-04
1.908070116769522429e-04
2.165725600207224488e-04
1.912784355226904154e-04
1.825541839934885502e-04
3.027749771717935801e-04
2.780937647912651300e-04
2.720927877817302942e-04
3.450951771810650826e-04
3.766832232940942049e-04
3.719990490935742855e-04
3.799992846325039864e-04
3.224196843802928925e-04
2.888910239562392235e-04
2.404343831585720181e-04
1.986686111195012927e-04
1.512833405286073685e-04
1.297822454944252968e-04
1.133277837652713060e-04
1.287997292820364237e-04
1.105556511902250350e-04
1.427156530553475022e-04
2.667565131559967995e-04
2.894500503316521645e-04
3.439118736423552036e-04
3.309653839096426964e-04
1.887097314465790987e-04
1.338167639914900064e-04
2.291903510922566056e-04
1.774280390236526728e-04
1.811037654988467693e-04
8.186241757357493043e-05
1.406531519023701549e-04
2.108821499859914184e-04
2.057153324130922556e-04
3.266305429860949516e-04
1.639546972000971437e-04
5.905120051465928555e-04
7.920679636299610138e-04
1.243778504431247711e-03
1.239300356246531010e-03
