7.817795267328619957e-05
7.002516940701752901e-05
5.524553853319957852e-05
4.943073872709646821e-05
3.965853829868137836e-05
3.260524317738600075e-05
2.600548214104492217e-05
2.160592339350841939e-05
1.780343882273882627e-05
1.475359749747440219e-05
1.116062776418402791e-05
8.579100722272414714e-06
6.040950211172457784e-06
4.405301751830847934e-06
3.354524778842460364e-06
3.993223435827530921e-05
3.773133721551857889e-05
2.182318166887853295e-05
2.951749593194108456e-05
2.616112760733813047e-05
2.611789750517345965e-05
1.004920432023936883e-05
5.358299858926329762e-06
0.000000000000000000e+00
4.289438948035240173e-05
1.816761214286088943e-04
3.922057221643626690e-04
8.353454759344458580e-04
1.791596878319978714e-03
4.607126116752624512e-03
7.341210730373859406e-03
8.983457460999488831e-03
1.183034479618072510e-02
1.212597638368606567e-02
1.715991273522377014e-02
1.393133401870727539e-02
1.455048844218254089e-02
1.041529327630996704e-02
1.014139503240585327e-02
1.197255309671163559e-02
1.132477167993783951e-02
1.035654358565807343e-02
1.534509100019931793e-02
1.300451252609491348e-02
1.009556651115417480e-02
1.139789819717407227e-02
1.447087526321411133e-02
1.649907976388931274e-02
1.490832213312387466e-02
1.737131550908088684e-02
1.645016670227050781e-02
1.270792260766029358e-02
9.033014997839927673e-03
8.919226936995983124e-03
9.856969118118286133e-03
1.348652597516775131e-02
1.524587254971265793e-02
1.547560188919305801e-02
2.277716808021068573e-02
2.199920639395713806e-02
1.098486967384815216e-02
1.457189209759235382e-02
1.490625645965337753e-02
1.473895460367202759e-02
1.799385808408260345e-02
2.088940143585205078e-02
1.765349693596363068e-02
1.654533296823501587e-02
1.781532354652881622e-02
1.516777276992797852e-02
1.556899212300777435e-02
1.794401183724403381e-02
2.338228002190589905e-02
1.638820767402648926e-02
1.364740543067455292e-02
5.195493809878826141e-03
9.674006141722202301e-03
7.082915864884853363e-03
8.579295128583908081e-03
9.403932839632034302e-03
8.394040167331695557e-03
9.375348687171936035e-03
1.938550546765327454e-02
1.139090862125158310e-02
1.134828012436628342e-02
1.038121990859508514e-02
1.796120032668113708e-02
1.191634777933359146e-02
1.124319527298212051e-02
1.690632849931716919e-02
1.938961632549762726e-02
1.497575081884860992e-02
1.185392774641513824e-02
1.113859191536903381e-02
1.142758317291736603e-02
1.278527826070785522e-02
7.576108910143375397e-03
5.633987486362457275e-03
7.111581042408943176e-03
1.127170771360397339e-02
7.569296285510063171e-03
1.022786926478147507e-02
6.850158795714378357e-03
1.225960347801446915e-02
1.135968975722789764e-02
1.128879748284816742e-02
7.673512678593397141e-03
6.072254851460456848e-03
9.462544694542884827e-03
6.758390925824642181e-03
3.946605604141950607e-03
5.191747099161148071e-03
5.786289460957050323e-03
7.008689455687999725e-03
4.837960470467805862e-03
5.168919451534748077e-03
3.922267816960811615e-03
1.784916734322905540e-03
5.497563630342483521e-03
5.629407241940498352e-03
2.673196140676736832e-03
3.736231476068496704e-03
6.903781555593013763e-03
2.381112193688750267e-03
7.682463619858026505e-04
2.108332235366106033e-03
3.570144064724445343e-03
2.679715165868401527e-03
1.751594012603163719e-03
9.736728388816118240e-04
7.408815436065196991e-04
4.456884227693080902e-03
4.974751267582178116e-03
1.070681493729352951e-03
2.958672586828470230e-03
1.527844695374369621e-03
2.420212607830762863e-03
1.109831733629107475e-03
1.843474572524428368e-03
1.089208293706178665e-03
1.646132091991603374e-03
8.571741054765880108e-04
1.743327156873419881e-04
0.000000000000000000e+00
0.000000000000000000e+00
0.000000000000000000e+00
9.080725139938294888e-04
0.000000000000000000e+00
0.000000000000000000e+00
0.000000000000000000e+00
0.000000000000000000e+00
2.680661855265498161e-04
1.113217207603156567e-03
6.455445691244676709e-05
9.325302671641111374e-04
2.993692178279161453e-03
2.391322981566190720e-03
8.886015857569873333e-04
2.200550370616838336e-04
0.000000000000000000e+00
0.000000000000000000e+00
0.000000000000000000e+00
0.000000000000000000e+00
0.000000000000000000e+00
0.000000000000000000e+00
0.000000000000000000e+00
0.000000000000000000e+00
0.000000000000000000e+00
0.000000000000000000e+00
0.000000000000000000e+00
0.000000000000000000e+00
0.000000000000000000e+00
0.000000000000000000e+00
0.000000000000000000e+00
0.000000000000000000e+00
0.000000000000000000e+00
0.000000000000000000e+00
0.000000000000000000e+00
0.000000000000000000e+00
0.000000000000000000e+00
0.000000000000000000e+00
0.000000000000000000e+00
0.000000000000000000e+00
0.000000000000000000e+00
0.000000000000000000e+00
0.000000000000000000e+00
0.000000000000000000e+00
0.000000000000000000e+00
0.000000000000000000e+00
0.000000000000000000e+00
0.000000000000000000e+00
0.000000000000000000e+00
0.000000000000000000e+00
0.000000000000000000e+00
0.000000000000000000e+00
0.000000000000000000e+00
0.000000000000000000e+00
0.000000000000000000e+00
0.000000000000000000e+00
0.000000000000000000e+00
0.000000000000000000e+00
0.000000000000000000e+00
0.000000000000000000e+00
0.000000000000000000e+00
0.000000000000000000e+00
0.000000000000000000e+00
0.000000000000000000e+00
0.000000000000000000e+00
0.000000000000000000e+00
0.000000000000000000e+00
0.000000000000000000e+00
0.000000000000000000e+00
0.000000000000000000e+00
0.000000000000000000e+00
0.000000000000000000e+00
0.000000000000000000e+00
0.000000000000000000e+00
0.000000000000000000e+00
0.000000000000000000e+00
0.000000000000000000e+00
0.000000000000000000e+00
0.000000000000000000e+00
0.000000000000000000e+00
