5.048488310421817682e-05
4.385113425087184392e-05
4.824275674764066935e-05
3.955968350055628202e-05
3.192749863956123590e-05
2.249124372610822320e-05
1.613132553757168353e-05
1.089550914912251925e-05
8.487651939503848553e-06
6.070542895031394437e-06
4.463827281142584980e-06
4.178551080258330330e-06
2.886289621528703719e-06
1.677413138168049045e-06
1.064194748323643580e-06
-8.450865607301238924e-08
0.000000000000000000e+00
0.000000000000000000e+00
0.000000000000000000e+00
0.000000000000000000e+00
0.000000000000000000e+00
0.000000000000000000e+00
0.000000000000000000e+00
0.000000000000000000e+00
0.000000000000000000e+00
0.000000000000000000e+00
0.000000000000000000e+00
0.000000000000000000e+00
0.000000000000000000e+00
0.000000000000000000e+00
0.000000000000000000e+00
0.000000000000000000e+00
0.000000000000000000e+00
0.000000000000000000e+00
0.000000000000000000e+00
0.000000000000000000e+00
0.000000000000000000e+00
0.000000000000000000e+00
0.000000000000000000e+00
3.353933948346821655e-07
4.048432856507133693e-06
5.114397936267778955e-05
1.891348074423149228e-05
1.646411874389741570e-05
8.563193841837346554e-05
4.008490941487252712e-04
7.880553603172302246e-04
1.289450563490390778e-03
8.191065862774850022e-04
7.529726717621089112e-04
7.167864823713899743e-04
1.188640482723712921e-03
1.173042692244052887e-03
9.837306570261716843e-04
1.010128529742360115e-03
1.345263328403234482e-03
1.432374352589249611e-03
1.330867991782724857e-03
1.171921961940824986e-03
1.014631357975304127e-03
9.206790709868073463e-04
8.523302385583519936e-04
7.634793873876334321e-04
6.993788410909473896e-04
6.585641531273722649e-04
5.617904826067388058e-04
4.703009617514908314e-04
3.926844801753759384e-04
3.264617407694459504e-04
2.571746299508959055e-04
2.136365073965862393e-04
1.916902547236531973e-04
1.733244571369141611e-04
1.457806793041527271e-04
1.247625041287392378e-04
1.327544741798192263e-04
1.735473488224670291e-04
1.555562776047736406e-04
1.228495384566485882e-04
1.036371613736264408e-04
8.151640940923243761e-05
5.766516551375389099e-05
3.884170291712507606e-05
2.872970071621239185e-05
2.077988392557017505e-05
1.594168861629441381e-05
1.143149165727663785e-05
9.627879990148358047e-06
8.093598808045499027e-06
6.475260761362733319e-06
4.398654255055589601e-06
3.751266604012926109e-06
3.446298251219559884e-06
2.788606025205808692e-06
2.007841430895496160e-06
1.444264853489585433e-06
1.098241909858188592e-06
7.951848601805977523e-07
6.213892902451334521e-07
5.122333845974935684e-07
4.056331306401261827e-07
2.990151415360742249e-07
1.989688769299391424e-07
1.266028419877329725e-07
7.864138495961014996e-08
6.033372557112670620e-08
5.444129413945120839e-08
4.483235471752777812e-08
4.157455890663187099e-08
3.109128599021460104e-08
1.502176161238821805e-08
-3.245342439228693365e-09
-7.629321174817960127e-09
-5.586274109958822837e-09
-4.543197373862994937e-09
-5.237940747804259445e-09
-5.712795569934314699e-09
-4.465102954043232703e-09
-2.542023702645224562e-09
-4.032471023762695950e-10
-1.082404499364031381e-09
-1.602371013653680620e-09
-8.986009158995500457e-10
-1.124976112265585471e-09
-1.470809918302507165e-09
-1.174507047174699892e-09
-8.168727916313400783e-10
-1.971222352015189472e-10
9.452787441688315084e-10
-1.804305316266407999e-11
0.000000000000000000e+00
0.000000000000000000e+00
0.000000000000000000e+00
0.000000000000000000e+00
0.000000000000000000e+00
0.000000000000000000e+00
8.141183283072450649e-10
3.366192213860585980e-09
4.763228034221356211e-09
8.949441188121909363e-09
7.405512647551404370e-09
8.390504291355682653e-09
0.000000000000000000e+00
0.000000000000000000e+00
0.000000000000000000e+00
0.000000000000000000e+00
0.000000000000000000e+00
0.000000000000000000e+00
0.000000000000000000e+00
0.000000000000000000e+00
0.000000000000000000e+00
1.683500340732280165e-05
1.782362960511818528e-05
1.330204395344480872e-05
1.452513060939963907e-05
3.800958074862137437e-05
0.000000000000000000e+00
4.541875096037983894e-04
2.556077088229358196e-04
4.361157771199941635e-04
2.181013260269537568e-04
3.475886478554457426e-04
3.934045962523669547e-04
4.177690134383738041e-04
6.468193023465573788e-04
3.143780049867928570e-04
8.720373734831809998e-04
6.828360492363572121e-04
1.455880701541900852e-03
6.759992684237658978e-04
5.342577933333814144e-04
8.618822321295738220e-04
6.997001473791897297e-04
1.360890455543995120e-03
2.100943587720394135e-03
2.928302157670259909e-03
1.864240504801273346e-03
1.604172633960843303e-03
1.407747156918048859e-03
1.324608339928090572e-03
2.088521840050816536e-03
2.422949997708201408e-03
1.311920699663460255e-03
1.593591528944671154e-03
3.340016352012753487e-03
2.508428879082203345e-03
2.913512755185365677e-03
1.905149780213832855e-03
1.583525678142905235e-03
2.781298710033297539e-03
3.056601155549287796e-03
2.349882852286100388e-03
1.861217198893428066e-03
2.071558963507413864e-03
2.700501121580601172e-03
2.720562042668461800e-03
3.681491827592253685e-03
3.400821238756179810e-03
2.439317526295781569e-03
2.526697935536504225e-03
3.052193904295563698e-03
3.677229396998882294e-03
2.817836822941899300e-03
4.552596714347600937e-03
4.667917732149363431e-03
9.096981957554817200e-03
8.982272818684577942e-03
1.027847360819578171e-02
1.101985294371843338e-02
1.305068936198949987e-02
1.761168427765369415e-02
1.041241921484470367e-02
7.889435626566410065e-03
7.594925351440906525e-03
9.818118065595626831e-03
9.688224643468856812e-03
6.643404718488455686e-03
6.850608624517918500e-03
6.721835583448410034e-03
5.606828723102808866e-03
4.345600493252277374e-03
4.988964647054673109e-03
4.401422105729579926e-03
4.489954095333814621e-03
4.194486420601606369e-03
4.157498013228178024e-03
4.143481142818927765e-03
4.040729720145463943e-03
3.762083128094673157e-03
3.437558887526392937e-03
3.189146518707275391e-03
2.929616253823041916e-03
2.564760623499751091e-03
2.403791295364499092e-03
2.058336045593023300e-03
1.687685959041118839e-03
1.465531764551997402e-03
1.225627958774566650e-03
1.014265115372836590e-03
8.060444379225373268e-04
6.603410001844168794e-04
5.681642214767634869e-04
1.027715159580111504e-03
1.461969572119415023e-03
2.054700162261724472e-03
2.216908847913146019e-03
2.335153985768556595e-03
2.221709582954645157e-03
2.563639776781201363e-03
