5.048488310421817005e-05
4.385153806651942432e-05
4.824629286304116249e-05
3.955883221351541579e-05
3.192144140484742820e-05
2.251994374091736972e-05
1.624889591766986996e-05
1.111071105697192252e-05
8.657844773551914841e-06
6.143073278508381918e-06
4.170334250375162810e-06
3.855431714328005910e-06
2.718072892093914561e-06
1.590349938851431943e-06
1.022723154164850712e-06
-8.277511653886904242e-08
0.000000000000000000e+00
0.000000000000000000e+00
0.000000000000000000e+00
0.000000000000000000e+00
0.000000000000000000e+00
0.000000000000000000e+00
0.000000000000000000e+00
0.000000000000000000e+00
0.000000000000000000e+00
0.000000000000000000e+00
0.000000000000000000e+00
0.000000000000000000e+00
0.000000000000000000e+00
0.000000000000000000e+00
0.000000000000000000e+00
0.000000000000000000e+00
0.000000000000000000e+00
0.000000000000000000e+00
5.635045454255305231e-06
0.000000000000000000e+00
0.000000000000000000e+00
9.811885684030130506e-05
5.961067508906126022e-04
2.341340761631727219e-03
2.088418463245034218e-03
3.912468440830707550e-03
1.016881503164768219e-02
8.192725479602813721e-03
9.770609438419342041e-03
1.676141470670700073e-02
2.111410722136497498e-02
2.571878395974636078e-02
2.684575133025646210e-02
3.631984069943428040e-02
4.723659902811050415e-02
4.370724782347679138e-02
5.634931474924087524e-02
5.732752010226249695e-02
5.979746952652931213e-02
5.807360261678695679e-02
5.734885483980178833e-02
6.536518037319183350e-02
4.606105759739875793e-02
3.871841356158256531e-02
3.667485713958740234e-02
3.253535553812980652e-02
3.891104087233543396e-02
3.786911070346832275e-02
3.383106738328933716e-02
3.462507948279380798e-02
3.756559267640113831e-02
3.359526395797729492e-02
3.100733831524848938e-02
3.407342731952667236e-02
2.944191917777061462e-02
3.396718949079513550e-02
3.855909407138824463e-02
4.017996042966842651e-02
4.084801301360130310e-02
3.663574159145355225e-02
3.443709015846252441e-02
3.360286355018615723e-02
3.312552347779273987e-02
3.688346594572067261e-02
3.574259579181671143e-02
3.777401149272918701e-02
3.459811955690383911e-02
4.234824702143669128e-02
4.302737861871719360e-02
3.759966790676116943e-02
5.020728707313537598e-02
4.380661249160766602e-02
5.026324465870857239e-02
5.396264046430587769e-02
5.486076697707176208e-02
5.890445411205291748e-02
5.012254416942596436e-02
5.286247283220291138e-02
5.942222476005554199e-02
5.947069823741912842e-02
6.121268123388290405e-02
5.155191570520401001e-02
5.043189227581024170e-02
5.365516990423202515e-02
5.966534093022346497e-02
4.789199680089950562e-02
5.326533690094947815e-02
4.399997368454933167e-02
3.720391914248466492e-02
3.913350403308868408e-02
4.255916923284530640e-02
4.542044550180435181e-02
5.710443109273910522e-02
4.489514231681823730e-02
3.876732289791107178e-02
3.422302007675170898e-02
3.214175254106521606e-02
3.003906086087226868e-02
2.800559625029563904e-02
3.651992604136466980e-02
2.908985316753387451e-02
2.992611937224864960e-02
2.610793896019458771e-02
3.792101889848709106e-02
3.258527070283889771e-02
2.597309835255146027e-02
2.812852337956428528e-02
2.668397687375545502e-02
2.742465585470199585e-02
3.306186571717262268e-02
3.292186558246612549e-02
2.566516585648059845e-02
2.384349890053272247e-02
2.036202140152454376e-02
1.700838655233383179e-02
1.509694382548332214e-02
1.347727142274379730e-02
1.238360721617937088e-02
1.300216838717460632e-02
1.526980008929967880e-02
1.838076673448085785e-02
1.400327868759632111e-02
1.520369481295347214e-02
1.481971330940723419e-02
1.775796711444854736e-02
2.240183949470520020e-02
2.397195436060428619e-02
1.894458755850791931e-02
2.144489064812660217e-02
2.155702933669090271e-02
2.550856396555900574e-02
3.234416991472244263e-02
3.719288483262062073e-02
4.043427482247352600e-02
4.100657254457473755e-02
5.055605247616767883e-02
6.950017064809799194e-02
5.930894613265991211e-02
6.733815371990203857e-02
7.220522314310073853e-02
6.570955365896224976e-02
6.379314512014389038e-02
6.131659820675849915e-02
5.302191898226737976e-02
6.018487364053726196e-02
5.889157205820083618e-02
5.935569852590560913e-02
6.137105822563171387e-02
5.715905129909515381e-02
5.611301213502883911e-02
5.901373177766799927e-02
5.269816517829895020e-02
5.107933655381202698e-02
5.604544281959533691e-02
6.077332794666290283e-02
7.404682785272598267e-02
6.373965740203857422e-02
6.568787246942520142e-02
6.414417922496795654e-02
7.609216123819351196e-02
9.220694750547409058e-02
9.968958795070648193e-02
1.080998405814170837e-01
1.104206442832946777e-01
9.876103699207305908e-02
1.095712408423423767e-01
1.046667993068695068e-01
1.152866110205650330e-01
8.963220566511154175e-02
1.009044125676155090e-01
7.033105194568634033e-02
8.115138113498687744e-02
9.606475383043289185e-02
1.338311880826950073e-01
1.473257392644882202e-01
1.483910530805587769e-01
1.105373278260231018e-01
9.867804497480392456e-02
9.643669426441192627e-02
8.486406505107879639e-02
7.315263152122497559e-02
5.449176207184791565e-02
4.536516964435577393e-02
5.580621957778930664e-02
5.073940008878707886e-02
4.401193931698799133e-02
4.094371199607849121e-02
4.951192438602447510e-02
2.965226955711841583e-02
3.078489936888217926e-02
2.211664430797100067e-02
2.082867920398712158e-02
1.492846384644508362e-02
1.230209134519100189e-02
2.251021936535835266e-02
1.931858621537685394e-02
2.118795923888683319e-02
1.600538752973079681e-02
1.750958338379859924e-02
1.352911908179521561e-02
1.798303052783012390e-02
2.332089096307754517e-02
1.596469618380069733e-02
1.704006455838680267e-02
1.768616400659084320e-02
1.617658510804176331e-02
1.203581504523754120e-02
