7.817794539732858539e-05
6.858426058897748590e-05
5.424521077657118440e-05
4.859701220993883908e-05
3.831920912489295006e-05
3.207771806046366692e-05
2.541189860494341701e-05
2.075828160741366446e-05
1.753136530169285834e-05
1.500385224062483927e-05
1.299428913625888696e-05
1.010917912935838103e-05
7.283459126483649862e-06
5.821726517751812935e-06
6.499548362626228482e-06
4.646360685001127422e-05
4.563074253383092582e-05
3.097430453635752201e-05
4.040514613734558225e-05
4.016740422230214558e-05
4.752991299028508365e-05
3.837623808067291975e-05
3.110236502834595740e-05
3.118069071206264198e-05
2.858364678104408085e-05
2.897794183809310198e-05
2.902854976127855819e-05
3.030224615940824490e-05
3.036757698282599449e-05
3.244341496611014009e-05
2.352276715100742877e-05
3.131082121399231255e-05
2.978505835926625878e-05
2.785611832223367285e-05
4.787473153555765748e-05
6.122529157437384129e-05
6.299470260273665190e-05
1.212939678225666285e-04
1.180402032332494855e-04
2.400358498562127352e-04
2.334325690753757954e-04
2.963231527246534824e-04
3.514060517773032188e-04
3.661852097138763016e-04
5.379398935474455357e-04
7.780363084748388421e-04
9.682499803602695465e-04
8.784777019172906876e-04
7.538005011156201363e-04
6.782074342481793057e-04
6.350089097395540368e-04
5.000488599762320518e-04
4.810837563127279824e-04
3.804545558523386717e-04
3.136036102660000324e-04
2.608576323837041855e-04
2.114235976478084922e-04
1.649441983317956328e-04
1.259806449525058270e-04
9.233958553522825241e-05
7.385876961052417755e-05
5.592175511992536485e-05
4.624253779184073210e-05
3.659153662738390267e-05
2.511204911570530385e-05
1.861849159467965703e-05
1.220293052028864792e-05
9.963387128664182330e-06
9.243121894542127848e-06
6.728566404490266842e-06
5.745666385337244719e-06
1.081243681255728006e-05
1.210786285810172558e-05
2.557383049861527979e-05
4.938518395647406578e-05
6.551857222802937031e-05
4.867164898314513266e-05
5.448097363114356995e-05
4.371355316834524274e-05
3.534217103151604533e-05
3.801241109613329172e-05
4.231625644024461508e-05
3.887168713845312595e-05
3.570778426364995539e-05
3.224464671802707016e-05
2.797321940306574445e-05
2.385025436524301767e-05
1.958585198735818267e-05
1.638718640606384724e-05
1.444822009943891317e-05
1.233052353200037032e-05
1.011572294373763725e-05
8.391500159632414579e-06
6.853613740531727672e-06
5.564429557125549763e-06
4.504178832576144487e-06
3.553929900590446778e-06
2.803693860187195665e-06
2.219134785264031962e-06
1.737714455884997945e-06
1.405493662787193898e-06
1.184788516184198670e-06
1.049551656251423992e-06
9.435764241061406210e-07
8.317541642099968158e-07
7.208449801510141697e-07
6.274472639233863447e-07
5.342240001482423395e-07
4.309518146783375943e-07
3.443904290634236531e-07
2.774011136352783069e-07
2.311999622861549142e-07
1.930182662590596010e-07
1.613594520222250139e-07
1.369863298350537661e-07
1.163024450079319782e-07
9.556112701147867483e-08
7.723564010575501015e-08
6.393518248160035000e-08
5.086593191094834765e-08
4.051269897331622567e-08
3.213598631646163994e-08
2.664474862967836419e-08
2.168636470400997496e-08
1.763617518690807628e-08
1.507718394577750587e-08
4.873997028198573389e-08
5.214645852902322076e-07
2.868738874894916503e-06
9.446788681088948454e-06
1.842214260250330310e-05
3.229514913982711732e-05
4.563239417620934546e-05
4.773053660755977035e-05
4.326135967858135700e-05
4.165118298260495067e-05
3.847384505206719041e-05
3.584657315514050424e-05
3.563270365702919662e-05
3.315391222713515162e-05
3.061546158278360963e-05
2.814292383845895868e-05
2.837276406353339892e-05
2.699867400224320929e-05
5.053842869529034942e-06
7.855740477680228651e-06
0.000000000000000000e+00
7.336293492699041963e-07
2.590605163277359679e-06
9.719985428091604263e-06
3.339147951919585466e-05
1.305524347117170691e-04
1.370824174955487251e-04
6.549913086928427219e-05
5.899016832699999213e-05
3.563482459867373109e-05
9.508246876066550612e-05
3.759622341021895409e-04
2.591424272395670414e-04
4.100772202946246212e-04
1.873826549854129553e-04
2.999918651767075062e-04
3.899375442415475845e-04
3.979022440034896135e-04
4.480304778553545475e-04
3.968627424910664558e-04
7.472322322428227555e-04
6.480349693447351456e-04
7.234090007841587067e-04
6.139082252047955990e-04
6.199511699378490448e-04
6.614341400563716888e-04
6.167002138681709766e-04
7.967738201841711998e-04
8.872273610904812813e-04
1.210877206176519394e-03
6.330634932965040207e-04
7.581753889098763466e-04
5.449024029076099396e-04
5.243695923127233982e-04
7.489153649657965791e-04
6.527723162434995174e-04
7.527333218604327332e-04
5.991518264636397362e-04
8.235080167651176453e-04
7.787654176354409348e-04
8.072151103988289833e-04
6.544963689520955086e-04
5.456109065562486649e-04
6.071499665267765522e-04
5.866801366209983826e-04
5.536761018447577953e-04
5.839000805281102657e-04
6.776713998988271844e-04
7.211627671495079994e-04
7.667917525395750999e-04
9.506120113655924797e-04
1.260832068510353565e-03
1.545349135994911194e-03
1.963441492989659309e-03
1.982888905331492424e-03
1.934270723722875118e-03
1.825057435780763626e-03
1.993212616071105003e-03
1.894566230475902557e-03
1.911780447699129581e-03
2.401608042418956757e-03
2.365832682698965506e-03
2.239395631477236748e-03
1.760375918820500591e-03
1.869917497970163822e-03
1.593176973983645439e-03
1.202610670588910580e-03
1.350743812508881092e-03
1.124298083595931530e-03
9.748954325914382935e-04
1.060399459674954414e-03
9.659797069616615772e-04
7.304386817850173604e-04
5.464366404339671135e-04
4.681260907091200352e-04
3.374493098817765713e-04
2.272401761729270491e-04
1.966086856555193663e-04
1.325457997154444456e-04
9.550107643008232117e-05
6.787518941564485431e-05
5.028283339925110340e-05
2.778436100925319236e-05
2.095821400871500373e-05
1.729827636154368520e-05
1.435349076928105375e-05
7.222485692182090133e-06
4.287091996957315132e-06
2.706659415707690641e-06
1.710039782665262464e-06
1.470985694140836131e-06
1.112915356316079851e-06
9.245643468602794350e-07
1.403331953042652458e-05
4.071489456691779874e-05
3.891277447110042654e-05
1.314346882281824946e-04
1.645892625674605641e-04
1.999023661483079195e-04
2.038990496657788754e-04
1.949099678313359618e-04
1.585071004228666425e-04
1.601095427758991718e-04
