8.120072379824705422e-05
7.572895628982223570e-05
1.366828255413565785e-04
6.822953582741320133e-05
9.998492168961092830e-05
1.918154848681297153e-04
6.230521466932259500e-05
4.143245405430207029e-05
2.029842789852409624e-05
1.703014481790887658e-05
2.112385118380188942e-06
2.817459096604579827e-05
6.003773557949898532e-05
2.162836273100765538e-05
2.240667538444540696e-04
4.251954781011590967e-04
4.863758804276585579e-04
1.178746751975268126e-04
2.222022158093750477e-04
2.093931980198249221e-04
4.791521350853145123e-04
2.656211145222187042e-04
3.317324444651603699e-04
3.918241709470748901e-04
4.406179068610072136e-04
3.017317212652415037e-04
2.480315160937607288e-04
4.173766355961561203e-04
3.663022071123123169e-04
2.788157435134053230e-04
1.480251958128064871e-04
1.313905813731253147e-04
1.884461817098781466e-04
2.240665344288572669e-04
1.653063518460839987e-04
2.328667032998055220e-04
2.511604106985032558e-04
3.211346920579671860e-04
4.053672892041504383e-04
5.931245977990329266e-04
6.642934167757630348e-04
6.309131485977559350e-04
5.805050786875654012e-04
4.407252999953925610e-04
3.475469420664012432e-04
2.636728750076144934e-04
1.964969851542264223e-04
1.489149872213602066e-04
1.157469951067469083e-04
8.610011536802630872e-05
6.037487582943867892e-05
4.333165998104959726e-05
2.379402576480060816e-05
1.379433365400473122e-05
1.569357118569314480e-05
1.333704040007432923e-05
7.117829682101728395e-06
4.289034222892951220e-06
2.624845819809706882e-06
9.072938382814754732e-07
2.838314685504883528e-07
2.937978820227726828e-06
6.236763994138527778e-06
9.283193875830875186e-06
1.351905365254424396e-05
7.787102333622897277e-06
3.681278585077052412e-06
2.557099165301224275e-06
2.971674742724417229e-06
1.720329345644699970e-06
3.525295433348674123e-07
1.181776223546648907e-07
5.970531136156864704e-08
-9.980967030642773352e-08
-2.260623335192946115e-07
-7.489365061452701866e-08
-3.394775727194598858e-08
-4.119644403388633691e-09
8.531021777891112379e-09
2.717231514237639090e-07
5.769044623959995732e-07
0.000000000000000000e+00
0.000000000000000000e+00
0.000000000000000000e+00
0.000000000000000000e+00
0.000000000000000000e+00
0.000000000000000000e+00
0.000000000000000000e+00
0.000000000000000000e+00
0.000000000000000000e+00
0.000000000000000000e+00
0.000000000000000000e+00
0.000000000000000000e+00
0.000000000000000000e+00
0.000000000000000000e+00
0.000000000000000000e+00
0.000000000000000000e+00
0.000000000000000000e+00
0.000000000000000000e+00
0.000000000000000000e+00
0.000000000000000000e+00
0.000000000000000000e+00
0.000000000000000000e+00
0.000000000000000000e+00
0.000000000000000000e+00
0.000000000000000000e+00
0.000000000000000000e+00
0.000000000000000000e+00
5.661123395839240402e-06
2.090423123490836588e-07
0.000000000000000000e+00
0.000000000000000000e+00
1.364487388855195604e-06
1.786833763617323712e-06
2.701659923332044855e-06
9.274436706618871540e-06
8.991672984848264605e-06
7.859859579184558243e-06
6.919248335179872811e-06
7.047347935440484434e-06
6.788131031498778611e-06
5.815223630634136498e-06
4.965930202160961926e-06
4.021155746158910915e-06
3.082600414927583188e-06
2.170110747101716697e-06
1.285189227928640321e-06
4.468164434001664631e-07
-4.281795895622053649e-08
-3.088776452386809979e-07
-3.780747590553801274e-07
-3.357120874625252327e-07
9.177403626381419599e-06
9.345391291049054416e-06
-1.538508911380631616e-07
2.487366587899941806e-05
-3.070346821232305956e-08
1.184830612488418922e-05
4.795483619091100991e-06
6.013868551235646009e-05
2.577088889665901661e-04
4.495650046010268852e-06
8.017416257644072175e-05
1.651105267228558660e-04
1.350616366835311055e-04
6.479397416114807129e-05
7.447728421539068222e-05
2.881745604099705815e-05
2.457467780914157629e-04
5.792796218884177506e-05
3.012479282915592194e-05
4.344093031249940395e-05
6.114351890573743731e-06
7.564290717709809542e-05
1.396517764078453183e-04
3.934908454539254308e-05
8.882411202648654580e-05
7.512984302593395114e-05
7.296093099284917116e-05
4.567761061480268836e-05
2.422524084977339953e-05
1.093507889891043305e-04
1.108964424929581583e-04
4.106623600819148123e-05
4.042131695314310491e-05
5.626433630823157728e-05
7.646349695278331637e-05
3.127478994429111481e-04
4.231655329931527376e-04
1.083004026440903544e-04
4.615479847416281700e-04
1.370824640616774559e-03
1.491009956225752831e-03
1.760695129632949829e-03
1.515653333626687527e-03
1.198358600959181786e-03
6.225416436791419983e-04
4.779073642566800117e-04
8.231162864831276238e-04
4.772806933033280075e-04
6.976157164899632335e-04
6.845659918326418847e-04
6.429492095776367933e-04
4.690985952038317919e-04
5.501834675669670105e-04
5.150058859726414084e-04
6.814140651840716600e-04
6.619574560318142176e-04
5.521662678802385926e-04
6.438771506509510800e-04
7.126130039978306741e-04
6.383366344380192459e-04
5.923390053794719279e-04
5.065769400971475989e-04
4.336333950050175190e-04
3.493752847134601325e-04
3.048841463169082999e-04
2.146895203622989357e-04
1.758505641191732138e-04
1.364690906484611332e-04
1.125238159147556871e-04
8.928580427891574800e-05
7.588130392832681537e-05
5.436745050246827304e-05
2.916577795986086130e-05
1.554701793793356046e-05
5.666481456501060165e-06
9.679160939413122833e-08
-2.559959739301120862e-06
-4.098895260540302843e-06
-5.196819415687059518e-06
-5.449919513011991512e-06
-4.478523692341696005e-06
-2.857011395462905057e-06
1.199682628794107586e-06
-2.453090246490319259e-06
-1.809119225981703494e-06
-1.325483935943339020e-06
-9.681133406047592871e-07
-6.794194860049174167e-07
-4.448635309017845429e-07
5.139963107581024815e-05
1.224191956339382159e-05
3.793831707810113585e-05
2.058128039124085262e-04
6.619380707206801162e-05
9.549458680879752137e-05
9.003412869645899264e-05
9.645309579298100289e-05
1.173132805156740233e-04
1.476200694625617871e-04
2.919021984695291394e-04
1.462801153238046936e-04
2.460605225751422154e-04
2.214429646663074180e-04
1.426384908995714795e-04
1.244940890501311515e-04
1.391015377976145828e-04
1.922358026149595389e-04
1.747805013110337313e-04
1.676094545928208390e-04
1.549536968923348468e-04
1.245362486770318355e-04
9.458999909384147031e-05
8.877097252479870804e-05
7.287863257943172357e-05
5.536939715966582298e-05
4.359464335834672966e-05
3.477295096843135980e-05
