0.000000000000000000e+00
0.000000000000000000e+00
0.000000000000000000e+00
0.000000000000000000e+00
0.000000000000000000e+00
0.000000000000000000e+00
0.000000000000000000e+00
0.000000000000000000e+00
0.000000000000000000e+00
0.000000000000000000e+00
0.000000000000000000e+00
0.000000000000000000e+00
0.000000000000000000e+00
0.000000000000000000e+00
0.000000000000000000e+00
0.000000000000000000e+00
0.000000000000000000e+00
0.000000000000000000e+00
0.000000000000000000e+00
0.000000000000000000e+00
0.000000000000000000e+00
0.000000000000000000e+00
0.000000000000000000e+00
0.000000000000000000e+00
0.000000000000000000e+00
0.000000000000000000e+00
0.000000000000000000e+00
0.000000000000000000e+00
1.968783885161837330e-31
4.265956401328105001e-26
1.501933620662789632e-09
2.722148235874332647e-09
6.778921025847332296e-09
6.374105689482472274e-08
2.584059730843575986e-07
4.075099485910859520e-07
2.067532634789563573e-06
3.322951210990696546e-06
4.896527833840577815e-06
9.142556243214100409e-06
1.478839071585094373e-05
2.305787149507341951e-05
2.682670963265967217e-05
2.854988535872329632e-05
3.176854545887918669e-05
3.780781344024841992e-05
4.421773233583995371e-05
6.778794418141690910e-05
4.318091659450848071e-05
3.442775916023507640e-05
3.306987537597104882e-05
3.812858135597254261e-05
4.318841977471925091e-05
3.034793199395816697e-05
3.117063017778618281e-05
3.943744230012956819e-05
4.137318544213558377e-05
3.934187498995631884e-05
3.242541562481179759e-05
2.581494987208978085e-05
2.270248529819951156e-05
2.107663742232560492e-05
1.882809520609355136e-05
1.667390122663142975e-05
1.501775597318066353e-05
1.263845266396817148e-05
1.058785981217096026e-05
8.864417993943160746e-06
7.517612616584151033e-06
6.068939191484174201e-06
5.167027536247457898e-06
4.908225446493918519e-06
4.576253813020018546e-06
4.156577351357651873e-06
3.892496348887781467e-06
4.381407825802252011e-06
4.279521600253558323e-06
4.100769934587898647e-06
3.269658133115285281e-06
2.660660964260465655e-06
2.140657120752473141e-06
1.638225029126750321e-06
1.225805573747106536e-06
1.020685547616246125e-06
8.306660584214319854e-07
6.718959611379525909e-07
5.210266352640433806e-07
4.242013821198892921e-07
3.586576221219922922e-07
3.094026765498360560e-07
2.473811326978536229e-07
2.063829970060293839e-07
1.776904636217386577e-07
1.439723465436964445e-07
1.114626910902584554e-07
8.596041130731222752e-08
6.563729593805671460e-08
4.983613081605164398e-08
3.893807882549816627e-08
3.096001849573978317e-08
2.534594942786208127e-08
2.101774723549447773e-08
1.782281472203801290e-08
1.534207425406280082e-08
1.304189265700617176e-08
1.115498499919859911e-08
9.728965292302999521e-09
8.255440350519446976e-09
6.725862132282108129e-09
5.330602080084343407e-09
4.131626696730004815e-09
3.209091623664131259e-09
2.630532130253256844e-09
2.227970248306664286e-09
1.912750828895366686e-09
1.625770502349561465e-09
1.329217347485603861e-09
1.085572007332755975e-09
9.365500918164288871e-10
7.728848583649950712e-10
5.969913968857686548e-10
4.453014288057687064e-10
3.596612236531449817e-10
2.743375759120343075e-10
2.083933085157581371e-10
1.880458904131810895e-10
1.033288714834844726e-09
1.083656591850571142e-08
5.652220708749680737e-08
1.673128692188804459e-07
3.118072717645487046e-07
5.446404777157841549e-07
7.855643551530582413e-07
9.062518002125016903e-07
1.016838910782158967e-06
9.957565214373542361e-07
8.787038160543703292e-07
7.860744940550175366e-07
7.779611969997865084e-07
7.197063511386018296e-07
6.828609501256102942e-07
6.588199775375153444e-07
7.003501283493747623e-07
1.981706541043975331e-05
3.706913849840132614e-05
6.983042431630169988e-05
7.590624902929578896e-05
6.158543484551566181e-05
6.199887399855642800e-05
7.155771518862524729e-05
8.161145686311183740e-05
8.842523559383379706e-05
1.305545435791395832e-04
1.406150675097177271e-04
1.820293177797944778e-04
2.042111442532650273e-04
2.038461895678130660e-04
2.272834264954855200e-04
2.497414071298516888e-04
2.750609800269041244e-04
2.420793637088763006e-04
3.263388212733094691e-04
3.693130028208229136e-04
3.867942431440385236e-04
4.954837089361146868e-04
4.857920134978437120e-04
5.747878868318475384e-04
5.245190918247565493e-04
6.060717113786361380e-04
5.231041250830869389e-04
5.203059741428919891e-04
6.491422059132015421e-04
6.542606805250098662e-04
6.438229864221870456e-04
6.415641486050678794e-04
6.780793203467942818e-04
4.934372497951469141e-04
4.405289195304693266e-04
3.866569890928427101e-04
3.590074884535070254e-04
4.361956024486757515e-04
4.480648476420051140e-04
3.340246520961242084e-04
3.209038578790683886e-04
4.676070522232309316e-04
3.828515246064955846e-04
4.115032892290539763e-04
2.972924976649870730e-04
2.404241466839052166e-04
3.435202314212076544e-04
3.605019858113159303e-04
3.042748055584803212e-04
2.659466674557556276e-04
2.866745787205490217e-04
3.344761176758826566e-04
3.357344984612195874e-04
4.211008746758648216e-04
4.247262133316344205e-04
3.894835066953766670e-04
4.351172732356378930e-04
4.772050337141930812e-04
5.336238498307541590e-04
4.484063367114906554e-04
5.722164711682899965e-04
5.894446887843236881e-04
9.203390821666020257e-04
9.529150007571096865e-04
1.011801419464060598e-03
1.047592028430925984e-03
1.148135658118415881e-03
1.462448871016898454e-03
9.522247948123767174e-04
7.265533917766076911e-04
6.793092354587542845e-04
8.034211060533491718e-04
7.650202195905767780e-04
5.513362314217906202e-04
5.467121684274008032e-04
5.161674612780346423e-04
4.269124265525032201e-04
3.350011979622698134e-04
3.673355048677057937e-04
3.172364890377386728e-04
3.181942475594555703e-04
2.909057906695774933e-04
2.832633761868524631e-04
2.773879374380523472e-04
2.661974376618268367e-04
2.438715129991702397e-04
2.213559326935448041e-04
2.046962735858866723e-04
1.863067183779719784e-04
1.629094695332042363e-04
1.521507568929678555e-04
1.295720199215847799e-04
1.056021407395106180e-04
9.081074565748044238e-05
7.561780512332916260e-05
6.221752131104073985e-05
5.008392283488746061e-05
4.291882200098513317e-05
3.838389369340434315e-05
7.396133189581557802e-05
1.058116480955649877e-04
1.420147989279407980e-04
1.506338335350898333e-04
1.569907134553522781e-04
1.466490105537085128e-04
1.640395567662692301e-04
