0.000000000000000000e+00
0.000000000000000000e+00
0.000000000000000000e+00
0.000000000000000000e+00
0.000000000000000000e+00
0.000000000000000000e+00
0.000000000000000000e+00
0.000000000000000000e+00
0.000000000000000000e+00
0.000000000000000000e+00
0.000000000000000000e+00
0.000000000000000000e+00
0.000000000000000000e+00
0.000000000000000000e+00
0.000000000000000000e+00
9.561359183862805367e-05
1.851090783020481467e-04
1.290024956688284874e-04
6.380725972121581435e-05
7.027969695627689362e-05
1.092990860342979431e-04
9.515949204796925187e-05
6.216172187123447657e-05
4.007542156614363194e-05
3.877888593706302345e-05
4.252743747201748192e-05
4.310864824219606817e-05
1.118672953452914953e-04
3.309417807031422853e-04
5.591860972344875336e-04
6.639896892011165619e-04
1.137072453275322914e-03
1.080257585272192955e-03
1.397665357217192650e-03
2.315430436283349991e-03
2.818308304995298386e-03
3.301095683127641678e-03
3.482834435999393463e-03
2.828876720741391182e-03
1.940956106409430504e-03
1.870556152425706387e-03
1.538838958367705345e-03
9.638320188969373703e-04
8.832626044750213623e-04
8.844701224006712437e-04
9.629307314753532410e-04
8.273769635707139969e-04
7.364043849520385265e-04
7.096225745044648647e-04
5.151062505319714546e-04
6.190493004396557808e-04
4.861213965341448784e-04
8.250901591964066029e-04
8.893548510968685150e-04
7.842035265639424324e-04
6.693089962936937809e-04
9.826164459809660912e-04
1.422762870788574219e-03
1.640744274482131004e-03
1.652439823374152184e-03
1.797200879082083702e-03
1.852075103670358658e-03
2.358235884457826614e-03
2.969700144603848457e-03
3.830399364233016968e-03
3.442828077822923660e-03
3.138407133519649506e-03
4.013691097497940063e-03
4.006582312285900116e-03
3.080673748627305031e-03
3.738405648618936539e-03
3.348021535202860832e-03
2.835528692230582237e-03
3.027915256097912788e-03
2.893140539526939392e-03
2.923245076090097427e-03
2.816051244735717773e-03
3.272125264629721642e-03
3.051277482882142067e-03
3.044017590582370758e-03
3.160938154906034470e-03
3.417463507503271103e-03
3.276104107499122620e-03
2.955660223960876465e-03
3.002102952450513840e-03
2.753647509962320328e-03
3.008250379934906960e-03
3.687280463054776192e-03
3.568480722606182098e-03
3.899083705618977547e-03
3.644470358267426491e-03
3.899460425600409508e-03
5.116587039083242416e-03
4.781797993928194046e-03
5.958418827503919601e-03
5.572600290179252625e-03
6.122676189988851547e-03
5.804242100566625595e-03
6.166651844978332520e-03
5.737010389566421509e-03
5.568900611251592636e-03
6.063968408852815628e-03
5.633702967315912247e-03
5.750374868512153625e-03
5.687924101948738098e-03
5.582276266068220139e-03
5.750431213527917862e-03
5.027340725064277649e-03
4.872182384133338928e-03
4.689364228397607803e-03
4.204933065921068192e-03
3.819911740720272064e-03
3.980869892984628677e-03
3.798033110797405243e-03
3.660347312688827515e-03
3.319802926853299141e-03
3.616770496591925621e-03
3.737190738320350647e-03
3.478372003883123398e-03
2.908350899815559387e-03
2.301486209034919739e-03
2.514028921723365784e-03
2.267768606543540955e-03
1.753802294842898846e-03
1.476727891713380814e-03
1.261516241356730461e-03
1.097415108233690262e-03
9.553856798447668552e-04
1.097286469303071499e-03
1.199017860926687717e-03
8.843167452141642570e-04
7.950244471430778503e-04
5.713326972909271717e-04
5.383882671594619751e-04
3.717029467225074768e-04
3.417154948692768812e-04
3.648396814242005348e-04
2.432660548947751522e-04
3.973830898758023977e-04
4.828177334275096655e-04
5.348870763555169106e-04
5.016329232603311539e-04
5.255641881376504898e-04
6.319931708276271820e-04
9.921464370563626289e-04
8.700166945345699787e-04
1.051770523190498352e-03
1.240738900378346443e-03
1.290713902562856674e-03
1.173825818113982677e-03
8.748426334932446480e-04
8.711753762327134609e-04
9.306271094828844070e-04
1.358638983219861984e-03
1.479377388022840023e-03
1.221290091052651405e-03
1.528929453343153000e-03
1.492900191806256771e-03
1.699191168881952763e-03
1.890385290607810020e-03
1.650124089792370796e-03
2.229332225397229195e-03
2.382405800744891167e-03
2.559177344664931297e-03
3.035228699445724487e-03
2.627640962600708008e-03
2.802977105602622032e-03
3.359363647177815437e-03
2.927723340690135956e-03
2.814235165715217590e-03
2.989930566400289536e-03
3.381757531315088272e-03
3.404164453968405724e-03
3.162583801895380020e-03
3.476356854662299156e-03
3.453738987445831299e-03
3.362628165632486343e-03
4.500417504459619522e-03
5.160302855074405670e-03
5.861879792064428329e-03
5.986623931676149368e-03
5.770043004304170609e-03
6.513008847832679749e-03
6.217013113200664520e-03
7.364924997091293335e-03
8.057087659835815430e-03
9.029412642121315002e-03
9.427081793546676636e-03
1.101305894553661346e-02
1.021306309849023819e-02
1.068338751792907715e-02
1.106829568743705750e-02
1.281884778290987015e-02
1.448916085064411163e-02
1.449574436992406845e-02
1.461942214518785477e-02
1.521807909011840820e-02
1.460992917418479919e-02
1.447878498584032059e-02
1.456627715378999710e-02
1.483229268342256546e-02
1.500847749412059784e-02
1.534915342926979065e-02
1.534101553261280060e-02
1.455853320658206940e-02
1.458206679672002792e-02
1.431957446038722992e-02
1.484977174550294876e-02
1.398353558033704758e-02
1.305384933948516846e-02
1.406522095203399658e-02
1.352614257484674454e-02
1.363864541053771973e-02
1.373523194342851639e-02
1.391085796058177948e-02
1.325143780559301376e-02
1.332810521125793457e-02
1.369130983948707581e-02
1.364573277533054352e-02
1.342841610312461853e-02
1.279775984585285187e-02
1.216565631330013275e-02
1.227201893925666809e-02
