0.000000000000000000e+00
0.000000000000000000e+00
0.000000000000000000e+00
0.000000000000000000e+00
0.000000000000000000e+00
0.000000000000000000e+00
0.000000000000000000e+00
0.000000000000000000e+00
0.000000000000000000e+00
0.000000000000000000e+00
0.000000000000000000e+00
0.000000000000000000e+00
0.000000000000000000e+00
0.000000000000000000e+00
0.000000000000000000e+00
0.000000000000000000e+00
0.000000000000000000e+00
0.000000000000000000e+00
0.000000000000000000e+00
0.000000000000000000e+00
0.000000000000000000e+00
0.000000000000000000e+00
0.000000000000000000e+00
0.000000000000000000e+00
0.000000000000000000e+00
4.092696657948117795e-27
1.907209199597525995e-13
2.206510907853953540e-05
8.867254655342549086e-05
8.010298915905877948e-05
1.038757764035835862e-04
1.720377331366762519e-04
2.672826230991631746e-04
4.535689367912709713e-04
7.884915685281157494e-04
6.421087309718132019e-04
4.674016963690519333e-04
5.536422831937670708e-04
6.387481116689741611e-04
6.454180693253874779e-04
7.101774681359529495e-04
9.509143419563770294e-04
8.306592935696244240e-04
9.847953915596008301e-04
1.082791946828365326e-03
1.076816348358988762e-03
1.727325143292546272e-03
2.323481254279613495e-03
2.279456937685608864e-03
1.721360720694065094e-03
1.788703491911292076e-03
2.446864265948534012e-03
2.512742998078465462e-03
2.297832397744059563e-03
2.528881188482046127e-03
3.335017478093504906e-03
4.155586473643779755e-03
4.175508394837379456e-03
3.512923372909426689e-03
3.565603867173194885e-03
3.089525969699025154e-03
3.141009714454412460e-03
2.923545660451054573e-03
2.928535453975200653e-03
2.889100462198257446e-03
2.246739808470010757e-03
1.973551698029041290e-03
2.054571872577071190e-03
2.072785980999469757e-03
2.294448204338550568e-03
2.193156164139509201e-03
2.218643669039011002e-03
2.374909352511167526e-03
3.216563258320093155e-03
3.918703645467758179e-03
3.695634193718433380e-03
4.127223044633865356e-03
4.324057139456272125e-03
4.760393407195806503e-03
4.045683424919843674e-03
3.953414037823677063e-03
3.626293269917368889e-03
4.067980684340000153e-03
3.770730458199977875e-03
3.576351329684257507e-03
3.747813170775771141e-03
4.295447841286659241e-03
4.175983369350433350e-03
4.110704641789197922e-03
3.830629400908946991e-03
4.384045954793691635e-03
5.004752427339553833e-03
4.346256144344806671e-03
4.934294149279594421e-03
5.633460357785224915e-03
7.643219549208879471e-03
6.820112932473421097e-03
5.648443475365638733e-03
5.106026306748390198e-03
5.727200768887996674e-03
5.993351340293884277e-03
4.676003009080886841e-03
4.303050693124532700e-03
4.300664644688367844e-03
4.871523473411798477e-03
4.902809858322143555e-03
4.945538006722927094e-03
5.372530780732631683e-03
5.969059653580188751e-03
5.534738302230834961e-03
4.721319302916526794e-03
4.964114166796207428e-03
5.242550745606422424e-03
5.841687321662902832e-03
5.747223272919654846e-03
5.894770845770835876e-03
9.645001031458377838e-03
1.162651740014553070e-02
8.531682193279266357e-03
8.613632991909980774e-03
1.169957593083381653e-02
1.199479401111602783e-02
1.216492243111133575e-02
1.489826943725347519e-02
1.208060607314109802e-02
1.143744587898254395e-02
8.848137222230434418e-03
7.604666519910097122e-03
8.239332586526870728e-03
6.864552851766347885e-03
7.285024039447307587e-03
7.133382838219404221e-03
6.881972774863243103e-03
5.420139990746974945e-03
5.162558052688837051e-03
5.356030538678169250e-03
4.856488667428493500e-03
5.495179444551467896e-03
5.593542009592056274e-03
6.740040145814418793e-03
8.449134416878223419e-03
8.124792948365211487e-03
9.619152173399925232e-03
1.008397992700338364e-02
1.204540207982063293e-02
1.108482480049133301e-02
9.144064970314502716e-03
5.992881953716278076e-03
6.083120591938495636e-03
6.642185617238283157e-03
6.891105789691209793e-03
8.841602131724357605e-03
6.107908673584461212e-03
6.340031512081623077e-03
6.913453340530395508e-03
6.976224482059478760e-03
7.354764733463525772e-03
9.662000462412834167e-03
1.106696948409080505e-02
1.217951066792011261e-02
1.189235597848892212e-02
1.357764936983585358e-02
1.189939677715301514e-02
8.632980287075042725e-03
8.465608581900596619e-03
9.977748617529869080e-03
1.286509633064270020e-02
1.508565898984670639e-02
1.364034321159124374e-02
1.182519085705280304e-02
1.419262215495109558e-02
1.526311784982681274e-02
1.334604062139987946e-02
1.259929873049259186e-02
1.224146597087383270e-02
1.173635944724082947e-02
1.062073372304439545e-02
9.104711934924125671e-03
8.826548233628273010e-03
9.688645601272583008e-03
1.219047699123620987e-02
1.321314647793769836e-02
1.690664701163768768e-02
1.578390970826148987e-02
2.234206534922122955e-02
2.517916634678840637e-02
3.443529084324836731e-02
3.454499691724777222e-02
3.250830620527267456e-02
3.213436901569366455e-02
3.119461610913276672e-02
3.013119101524353027e-02
3.259017318487167358e-02
3.490260988473892212e-02
3.403235599398612976e-02
3.133204579353332520e-02
2.758759073913097382e-02
2.655879221856594086e-02
3.137436509132385254e-02
2.890556119382381439e-02
3.529319539666175842e-02
2.714434638619422913e-02
2.810653299093246460e-02
3.980337083339691162e-02
2.826728671789169312e-02
2.406092733144760132e-02
1.866122893989086151e-02
1.929705403745174408e-02
2.046157233417034149e-02
1.771304197609424591e-02
1.530484296381473541e-02
1.574747264385223389e-02
1.802655681967735291e-02
1.776802912354469299e-02
1.810221187770366669e-02
1.740490645170211792e-02
2.643895149230957031e-02
1.439093146473169327e-02
1.602123305201530457e-02
1.466248836368322372e-02
1.858473569154739380e-02
1.590617932379245758e-02
1.602893695235252380e-02
1.463687885552644730e-02
1.551884319633245468e-02
1.553634088486433029e-02
1.430948637425899506e-02
1.544946152716875076e-02
1.337710022926330566e-02
1.265963166952133179e-02
1.499551348388195038e-02
1.313757244497537613e-02
1.534881256520748138e-02
1.387589797377586365e-02
1.282211858779191971e-02
1.290014013648033142e-02
1.353610120713710785e-02
1.234624069184064865e-02
1.229678280651569366e-02
1.020040735602378845e-02
1.020040921866893768e-02
1.020041387528181076e-02
1.020041666924953461e-02
1.020042039453983307e-02
1.020042225718498230e-02
1.020042225718498230e-02
1.020042225718498230e-02
1.020042225718498230e-02
1.020042225718498230e-02
