0.000000000000000000e+00
0.000000000000000000e+00
0.000000000000000000e+00
0.000000000000000000e+00
0.000000000000000000e+00
0.000000000000000000e+00
0.000000000000000000e+00
0.000000000000000000e+00
0.000000000000000000e+00
0.000000000000000000e+00
0.000000000000000000e+00
0.000000000000000000e+00
0.000000000000000000e+00
0.000000000000000000e+00
0.000000000000000000e+00
9.476208651904016733e-05
1.833987043937668204e-04
1.285937323700636625e-04
6.440078868763521314e-05
7.179476233432069421e-05
1.081339214579202235e-04
9.525439963908867403e-05
6.113523704698309302e-05
3.546094740158878267e-05
2.958822733489796858e-05
3.246049163863062859e-05
3.663331881398335099e-05
4.137906216783449054e-05
6.555371510330587626e-05
6.703840335831046104e-05
1.914516906253993511e-04
2.318823244422674179e-04
3.191689611412584782e-04
4.256538522895425558e-04
3.912099055014550686e-04
3.710781456902623177e-04
6.059274310246109962e-04
5.961461574770510197e-04
6.582872592844069004e-04
6.623733206652104855e-04
7.701372960582375526e-04
7.492959848605097424e-04
6.814966909587383270e-04
5.466576549224555492e-04
3.793603682424873114e-04
3.102635382674634457e-04
1.618492533452808857e-04
5.596081609837710857e-05
1.746875932440161705e-05
2.276442683069035411e-05
2.775987195491325110e-05
1.918074121931567788e-05
1.356663415208458900e-05
5.302140380081254989e-06
2.837454303517006338e-06
1.010998630590620451e-06
1.275885264107046169e-08
0.000000000000000000e+00
0.000000000000000000e+00
0.000000000000000000e+00
0.000000000000000000e+00
0.000000000000000000e+00
0.000000000000000000e+00
0.000000000000000000e+00
0.000000000000000000e+00
0.000000000000000000e+00
0.000000000000000000e+00
0.000000000000000000e+00
0.000000000000000000e+00
0.000000000000000000e+00
0.000000000000000000e+00
0.000000000000000000e+00
0.000000000000000000e+00
0.000000000000000000e+00
0.000000000000000000e+00
6.563846000062767416e-07
1.028665437274867145e-07
1.798894459170696791e-06
6.310919616225874051e-06
5.231665454630274326e-06
2.497951300028944812e-06
2.008336394965226646e-07
3.421040561946142589e-09
0.000000000000000000e+00
0.000000000000000000e+00
0.000000000000000000e+00
4.467347380909814092e-09
6.927881379681366525e-09
1.515572556343158794e-08
0.000000000000000000e+00
0.000000000000000000e+00
0.000000000000000000e+00
0.000000000000000000e+00
0.000000000000000000e+00
-6.425440735036147544e-11
-2.134637189232790888e-10
-9.493639208102422344e-11
-7.259043366403261643e-11
-3.054430874893654391e-10
-2.916509256323251975e-10
-2.694253986579298044e-10
-1.527736270823254472e-10
-5.839567718268767749e-11
-8.183328320532368139e-11
-1.808022898064365336e-10
-2.128394960276835945e-10
-2.598803949815930991e-10
-1.047859368719095130e-10
-1.452581388505791696e-10
-1.195584742319510951e-10
-5.620416979046360950e-11
-3.565622797019329937e-11
-3.806316806881371306e-12
-3.010722964338907737e-12
-2.632775941702192717e-12
-6.941456524162115924e-12
-2.432761023879459472e-12
-3.523804078392478445e-12
-3.506063148139837438e-11
-1.170762931046454014e-10
-1.778212715963789492e-10
-1.295427931591319748e-10
-7.060197565467163372e-11
-4.492040767134497514e-11
-3.243678763087398664e-12
8.251482830345935326e-11
5.705991679150201890e-09
3.973408624347030789e-08
1.275642347309258184e-07
1.816221981698618038e-07
2.493564750238874694e-07
8.247386062976147514e-08
1.086620358137224684e-07
2.145949551390913257e-08
3.955600735849884586e-09
0.000000000000000000e+00
0.000000000000000000e+00
0.000000000000000000e+00
0.000000000000000000e+00
0.000000000000000000e+00
0.000000000000000000e+00
0.000000000000000000e+00
0.000000000000000000e+00
4.877361352555454319e-04
7.423018687404692173e-04
1.029878389090299606e-03
9.323165286332368851e-04
7.834357093088328838e-04
8.173877140507103097e-04
9.650634601712226868e-04
9.925664635375142097e-04
9.781640255823731422e-04
1.396358478814363480e-03
1.417321385815739848e-03
1.930266967974603176e-03
2.180833602324128151e-03
2.182842232286930084e-03
2.091102069243788719e-03
2.405436243861913681e-03
2.399703720584511757e-03
2.080728765577077866e-03
2.747458172962069511e-03
2.901226282119750977e-03
3.130126977339386940e-03
3.907647915184497833e-03
3.844562685117125511e-03
3.965282812714576721e-03
3.479473991319537163e-03
3.521833568811416626e-03
3.170775016769766808e-03
3.199138212949037552e-03
3.974847029894590378e-03
4.265722818672657013e-03
3.501045983284711838e-03
2.802215516567230658e-03
2.342874649912118912e-03
2.107198582962155342e-03
1.789629459381103516e-03
1.674162456765770912e-03
1.485103857703506947e-03
1.355927786789834499e-03
1.266004750505089760e-03
1.098879263736307621e-03
9.797827806323766708e-04
8.156750700436532497e-04
6.778895622119307518e-04
5.572436493821442127e-04
4.859359178226441145e-04
4.121554666198790615e-04
3.263734979555010796e-04
3.346331068314611912e-04
4.250070778653025627e-04
4.827140655834228342e-04
4.529021680355072021e-04
4.062695370521396399e-04
3.696373605635017157e-04
3.859958087559789419e-04
4.730476648546755314e-04
7.036399329081177711e-04
7.657570531591774117e-04
8.301376365125179291e-04
1.007168204523622990e-03
9.866432519629597664e-04
7.922647055238485336e-04
9.333021007478237152e-04
9.712186292745172977e-04
1.194008742459118583e-03
9.988176170736551285e-04
8.958369144238531590e-04
9.074052795767784119e-04
8.554870728403329849e-04
1.153425895608961582e-03
8.983531151898205280e-04
5.711693083867430687e-04
3.908399376086890697e-04
2.689972752705216408e-04
2.198883157689124346e-04
1.516371557954698801e-04
8.865659037837758660e-05
5.160641740076243877e-05
3.053401451325044036e-05
1.620715556782670319e-05
1.048177182383369654e-05
2.131489054590929300e-06
7.443729828082723543e-07
0.000000000000000000e+00
0.000000000000000000e+00
0.000000000000000000e+00
0.000000000000000000e+00
0.000000000000000000e+00
0.000000000000000000e+00
0.000000000000000000e+00
0.000000000000000000e+00
0.000000000000000000e+00
0.000000000000000000e+00
2.223602690865078816e-10
0.000000000000000000e+00
0.000000000000000000e+00
0.000000000000000000e+00
0.000000000000000000e+00
1.090640608936155464e-07
1.276077091461047530e-05
3.373954314156435430e-05
4.828128294320777736e-05
5.335878086043522440e-05
5.095755477668717504e-05
3.679430665215477347e-05
2.958041659439913929e-05
2.120341741829179566e-05
