7.817794539732858539e-05
6.858322740299627185e-05
5.423508628155104816e-05
4.859528780798427761e-05
3.830971036222763360e-05
3.203954838681966066e-05
2.529480843804776669e-05
2.052199488389305770e-05
1.726789923850446939e-05
1.483108098909724504e-05
1.326202618656679988e-05
1.044892360368976370e-05
7.577913947898196056e-06
6.098324774939101189e-06
6.871894129290012643e-06
4.664691005018539727e-05
4.542131864582188427e-05
3.009784813912119716e-05
4.112440728931687772e-05
3.975054278271272779e-05
4.534022809821180999e-05
3.765603469219058752e-05
3.119798202533274889e-05
3.047888276341836900e-05
2.666639738890808076e-05
3.326463047415018082e-05
2.953130388050340116e-05
2.558863343438133597e-05
1.134521789936115965e-05
5.854245046066353098e-06
3.672108050523092970e-06
0.000000000000000000e+00
1.408864818586152978e-06
1.721068315418960992e-06
2.545678580645471811e-05
4.843918759434018284e-07
1.416371378581970930e-05
9.201360080623999238e-05
4.829697718378156424e-04
1.020742347463965416e-03
1.141695771366357803e-03
1.782682491466403008e-03
2.028128830716013908e-03
2.538146683946251869e-03
2.802516566589474678e-03
3.634284250438213348e-03
3.492918796837329865e-03
2.617593854665756226e-03
1.801430713385343552e-03
1.294006244279444218e-03
1.528069027699530125e-03
1.767063862644135952e-03
2.147434046491980553e-03
3.066610079258680344e-03
2.393991919234395027e-03
2.019929233938455582e-03
2.077386947348713875e-03
3.200421808287501335e-03
2.807187149301171303e-03
1.951176556758582592e-03
1.819733064621686935e-03
2.882907632738351822e-03
3.954157233238220215e-03
4.024052061140537262e-03
3.420038148760795593e-03
4.299841821193695068e-03
4.970416892319917679e-03
4.428301006555557251e-03
4.879552870988845825e-03
4.951784852892160416e-03
3.902827855199575424e-03
3.722698194906115532e-03
3.345476230606436729e-03
3.807938192039728165e-03
4.352278076112270355e-03
2.995537128299474716e-03
3.038802184164524078e-03
2.964316867291927338e-03
4.066987428814172745e-03
2.911825664341449738e-03
4.721813369542360306e-03
4.090634174644947052e-03
2.981998957693576813e-03
2.533704973757266998e-03
3.082673065364360809e-03
3.745091147720813751e-03
3.493297379463911057e-03
3.309175604954361916e-03
3.723693545907735825e-03
4.266392439603805542e-03
4.353277385234832764e-03
5.287942476570606232e-03
5.221708212047815323e-03
6.201674696058034897e-03
6.048718467354774475e-03
5.899505224078893661e-03
7.241672836244106293e-03
5.217382684350013733e-03
3.645049175247550011e-03
4.546165931969881058e-03
5.623479839414358139e-03
5.861196666955947876e-03
4.363428801298141479e-03
4.644000902771949768e-03
3.449238138273358345e-03
3.816889133304357529e-03
4.788435995578765869e-03
4.227208439260721207e-03
4.677491262555122375e-03
4.554418381303548813e-03
5.427322350442409515e-03
3.320837859064340591e-03
3.081439761444926262e-03
3.030775813385844231e-03
2.509349258616566658e-03
3.243566257879137993e-03
4.100253805518150330e-03
4.494269844144582748e-03
3.443058580160140991e-03
3.459815168753266335e-03
2.797701861709356308e-03
2.915580756962299347e-03
2.541155088692903519e-03
2.003539586439728737e-03
1.408301875926554203e-03
1.673262799158692360e-03
1.411500503309071064e-03
1.274707494303584099e-03
1.296019181609153748e-03
1.370954560115933418e-03
1.326046069152653217e-03
9.285100968554615974e-04
1.075929729267954826e-03
1.138503430411219597e-03
9.821591665968298912e-04
7.582996040582656860e-04
6.885136244818568230e-04
7.107360288500785828e-04
1.292344182729721069e-03
1.070562284439802170e-03
1.036025700159370899e-03
1.418340369127690792e-03
1.451112795621156693e-03
1.859651179984211922e-03
2.052096650004386902e-03
1.551382010802626610e-03
2.188388491049408913e-03
2.371305599808692932e-03
2.277411520481109619e-03
2.177856396883726120e-03
2.033814322203397751e-03
1.807817723602056503e-03
2.826827345415949821e-03
3.202234394848346710e-03
3.078041598200798035e-03
3.418029053136706352e-03
3.776253433898091316e-03
3.531371708959341049e-03
3.748036222532391548e-03
4.571402445435523987e-03
3.841663012281060219e-03
4.904299974441528320e-03
6.365110166370868683e-03
6.298937369138002396e-03
4.803982563316822052e-03
4.343363456428050995e-03
4.714191425591707230e-03
3.511350136250257492e-03
4.142243880778551102e-03
3.388807643204927444e-03
5.220727529376745224e-03
5.575717426836490631e-03
4.854362457990646362e-03
4.309631884098052979e-03
4.706418607383966446e-03
4.509671591222286224e-03
5.317859351634979248e-03
7.155399769544601440e-03
7.825669832527637482e-03
8.326563052833080292e-03
6.743422243744134903e-03
8.163448423147201538e-03
7.921680808067321777e-03
8.390223607420921326e-03
8.664893917739391327e-03
9.209943003952503204e-03
8.103454485535621643e-03
9.804558008909225464e-03
1.319395098835229874e-02
1.254813559353351593e-02
1.048520766198635101e-02
1.141784340143203735e-02
1.188641227781772614e-02
1.037238352000713348e-02
9.875223040580749512e-03
9.013012051582336426e-03
8.051298558712005615e-03
8.586978539824485779e-03
6.958412937819957733e-03
7.742060348391532898e-03
5.333137232810258865e-03
5.699179135262966156e-03
6.395683623850345612e-03
5.373459309339523315e-03
3.930361010134220123e-03
3.556925337761640549e-03
2.778675872832536697e-03
3.220160026103258133e-03
3.773127682507038116e-03
2.443490317091345787e-03
3.927861340343952179e-03
2.752157393842935562e-03
3.665794618427753448e-03
3.201193641871213913e-03
4.484932869672775269e-03
2.143407007679343224e-03
3.737074555829167366e-03
3.416071878746151924e-03
2.184081822633743286e-03
2.535734791308641434e-03
2.073350595310330391e-03
2.019449602812528610e-03
1.611809246242046356e-03
