0.000000000000000000e+00
0.000000000000000000e+00
0.000000000000000000e+00
0.000000000000000000e+00
0.000000000000000000e+00
0.000000000000000000e+00
0.000000000000000000e+00
0.000000000000000000e+00
0.000000000000000000e+00
0.000000000000000000e+00
0.000000000000000000e+00
0.000000000000000000e+00
0.000000000000000000e+00
0.000000000000000000e+00
0.000000000000000000e+00
0.000000000000000000e+00
0.000000000000000000e+00
0.000000000000000000e+00
0.000000000000000000e+00
0.000000000000000000e+00
0.000000000000000000e+00
0.000000000000000000e+00
0.000000000000000000e+00
0.000000000000000000e+00
0.000000000000000000e+00
0.000000000000000000e+00
0.000000000000000000e+00
0.000000000000000000e+00
0.000000000000000000e+00
0.000000000000000000e+00
3.026814842243367351e-34
4.315616287402865206e-34
4.406276439085563860e-29
2.685553307122505031e-27
6.081671379804485385e-25
1.332310653815749811e-23
2.309349634777389381e-17
2.387522504002835772e-16
3.545446453750414253e-16
1.637853347057457087e-16
1.056935851041143485e-16
1.441362085024752715e-16
1.244971805201228817e-16
1.169064285888544649e-16
1.235634193400036215e-16
1.526901957134494379e-16
1.346942925347621831e-16
1.133914800857655338e-16
1.044572478733680912e-16
1.919564064517824582e-16
3.327653371885448295e-16
4.170461477617521794e-16
4.188012794378018948e-16
6.973565609416307060e-16
1.147798464956541371e-15
8.175010906087199544e-16
4.954483114529982697e-16
3.563565811981163822e-16
2.911211476252443652e-16
2.268782513780971764e-16
1.953823370860708827e-16
1.609622797716655325e-16
1.156279647038721070e-16
7.603995423747635725e-17
4.513391236642897830e-17
2.021456867203821076e-17
3.230415908599675739e-17
4.203582265800177853e-14
4.648766181031271927e-13
4.088381380402267284e-13
4.556326019602985333e-13
4.529516139332306901e-13
5.553052592408014299e-13
8.810083196829354701e-13
1.885296389489421465e-12
1.169542435987269702e-12
1.210370345616773591e-12
8.726577945504521150e-13
1.058992845671957728e-12
1.559244812258941959e-12
1.827032015261353948e-12
2.686751428976341671e-12
3.104118524721588557e-12
2.559733458182278376e-12
2.333749513083738236e-12
2.381164276171743310e-12
2.758422396748061445e-12
3.379695828753526143e-12
4.518213494314471390e-12
4.832678094507381061e-12
5.016670672625123117e-12
5.364297981508281410e-12
5.355080094637809651e-12
4.275985381746449931e-12
5.304802604133573851e-12
6.399392300793227406e-12
5.683667078648646509e-12
6.385892249022306899e-12
2.182437697229033802e-08
1.026517040259022906e-07
1.984783892794439453e-07
2.267423155899450649e-07
2.469834612384147476e-07
2.568719992268597707e-07
3.767525811326777330e-07
5.273253123050380964e-07
8.390837820115848444e-07
1.283467895518697333e-06
1.235631771123735234e-06
1.316696284447971266e-06
1.534074726805556566e-06
2.200634526161593385e-06
2.728087793002487160e-06
2.429872893117135391e-06
2.771835852399817668e-06
3.141005663565010764e-06
2.281286015204386786e-06
2.201514007538207807e-06
2.037238573393551633e-06
1.929957079482846893e-06
1.735297132654523011e-06
1.684635321907990146e-06
1.747809619701001793e-06
1.744495875755092129e-06
1.966261379493516870e-06
2.141024424417992122e-06
1.574225507283699699e-06
2.487446181476116180e-06
1.993965724977897480e-06
1.810983121686149389e-06
1.820515990402782336e-06
1.365390289720380679e-06
1.143539293479989283e-06
1.213375185216136742e-06
1.428346195098129101e-06
1.724170260786195286e-06
1.602892325536231510e-06
1.362749117106432095e-06
1.188498686133243609e-06
1.088144017558079213e-06
9.732999615152948536e-07
8.253065288954530843e-07
6.644944505751482211e-07
5.047680815550847910e-07
3.568995623481896473e-07
2.323934893411205849e-07
1.365491186788858613e-07
7.496903720038972097e-08
4.208303749919650727e-08
2.251416120202520688e-08
1.572129804117139429e-07
2.956563776024268009e-07
3.827886985163786449e-07
5.230708666204009205e-07
5.143089083503582515e-07
4.842587486564298160e-07
5.063745334155100863e-07
4.742046826322621200e-07
4.268790405603795080e-07
5.504752493834530469e-07
7.541522677456669044e-07
6.872884341646567918e-07
5.385206804930930957e-07
5.473995088323135860e-07
6.419531928258948028e-07
7.759791742500965483e-07
1.657403799981693737e-06
1.991152657865313813e-06
2.078338184219319373e-06
1.924638581840554252e-06
1.777540092007257044e-06
1.711442678242747206e-06
2.106391093548154458e-06
3.453025783528573811e-06
2.910024704760871828e-06
2.596260856080334634e-06
2.218316694779787213e-06
2.043529548245714977e-06
1.944752511917613447e-06
1.961919679160928354e-06
1.838474418036639690e-06
1.630513679629075341e-06
1.385083578497869894e-06
1.426158178219338879e-06
1.745723920976161025e-06
1.567129856994142756e-06
1.343100734629842918e-06
1.230763700732495636e-06
1.131379690377798397e-06
9.681212986833998002e-07
8.296497640003508423e-07
7.205716769931314047e-07
6.719597536175569985e-07
1.479719458075123839e-06
1.787234396033454686e-06
1.536147351544059347e-06
1.295746756113658193e-06
1.197741767100524157e-06
1.201365535052900668e-06
1.878004468380822800e-06
2.260008386656409130e-06
2.030137920883134939e-06
1.702257691249542404e-06
3.045567382287117653e-06
3.096954515058314428e-06
2.241727770524448715e-06
1.952329739651759155e-06
2.881840600821305998e-06
2.957097876787884161e-06
2.310599029442528263e-06
2.617756081235711463e-06
2.578941121100797318e-06
4.263684331817785278e-06
3.242276306991698220e-06
2.586003802207414992e-06
2.217924247815972194e-06
1.822509602789068595e-06
1.645616521273041144e-06
1.465427658331464045e-06
1.282710741179471370e-06
1.775397322489880025e-06
2.015792233578395098e-06
1.559502834425074980e-06
1.232050294674991164e-06
1.081780510503449477e-06
9.909776963468175381e-07
1.538157903269166127e-06
1.530442887087701820e-06
1.715569851512555033e-06
1.503516955381201115e-06
1.498274173172831070e-06
2.074425083264941350e-06
1.754392769726109691e-06
1.798556468202150427e-06
1.752494881657185033e-06
1.618003807379864156e-06
1.519813508821243886e-06
1.572670271343667991e-06
3.168418970744824037e-06
3.932186700694728643e-06
4.657182216760702431e-06
3.636526116679306142e-06
2.750958628894295543e-06
2.383316314080730081e-06
2.021273758145980537e-06
1.717436362014268525e-06
1.503069597674766555e-06
1.285624648517114110e-06
1.488520183556829579e-06
