0.000000000000000000e+00
0.000000000000000000e+00
0.000000000000000000e+00
0.000000000000000000e+00
0.000000000000000000e+00
0.000000000000000000e+00
0.000000000000000000e+00
0.000000000000000000e+00
0.000000000000000000e+00
0.000000000000000000e+00
0.000000000000000000e+00
0.000000000000000000e+00
0.000000000000000000e+00
0.000000000000000000e+00
0.000000000000000000e+00
1.129035808844491839e-04
2.029286988545209169e-04
1.266555045731365681e-04
6.043032044544816017e-05
7.037220348138362169e-05
1.189395406981930137e-04
8.525529847247526050e-05
4.996040297555737197e-05
3.582741919672116637e-05
3.397145337658002973e-05
4.725436883745715022e-05
9.986296936403959990e-05
7.429711986333131790e-04
1.061541493982076645e-03
1.124582835473120213e-03
1.686288043856620789e-03
2.210583304986357689e-03
2.821962814778089523e-03
3.876774339005351067e-03
4.062150605022907257e-03
3.168890252709388733e-03
3.060565097257494926e-03
3.033391200006008148e-03
2.935788594186306000e-03
3.101466922089457512e-03
2.391563262790441513e-03
1.646811724640429020e-03
1.643639989197254181e-03
1.861339434981346130e-03
1.687008421868085861e-03
1.608842518180608749e-03
1.580391079187393188e-03
1.508112065494060516e-03
1.489726128056645393e-03
1.249730354174971581e-03
6.730699678882956505e-04
6.999835604801774025e-04
8.194333058781921864e-04
6.262144306674599648e-04
5.837713833898305893e-04
5.463066627271473408e-04
8.082626154646277428e-04
9.826474124565720558e-04
8.835475891828536987e-04
5.849828594364225864e-04
5.810540169477462769e-04
5.496760131791234016e-04
6.920311134308576584e-04
9.066860657185316086e-04
1.188167720101773739e-03
1.397286891005933285e-03
1.452236203476786613e-03
1.701266737654805183e-03
1.900905626825988293e-03
1.281137112528085709e-03
1.235150964930653572e-03
1.177836442366242409e-03
7.615541107952594757e-04
1.292347908020019531e-03
1.329111400991678238e-03
1.158904284238815308e-03
1.328718150034546852e-03
1.487093395553529263e-03
1.185922184959053993e-03
1.435497542843222618e-03
1.827511005103588104e-03
1.619727583602070808e-03
2.212433610111474991e-03
2.129065105691552162e-03
1.513848896138370037e-03
1.290338346734642982e-03
1.353533472865819931e-03
1.489803311415016651e-03
1.261361874639987946e-03
9.559853351674973965e-04
1.553048728965222836e-03
1.258972100913524628e-03
1.116928644478321075e-03
1.017402857542037964e-03
1.374344108626246452e-03
1.465937122702598572e-03
1.540045719593763351e-03
2.052148804068565369e-03
1.937950379215180874e-03
1.553176436573266983e-03
1.905641634948551655e-03
1.790959853678941727e-03
2.009617863222956657e-03
2.211753744632005692e-03
1.845077727921307087e-03
1.918761292472481728e-03
1.657199463807046413e-03
1.737845712341368198e-03
2.301113214343786240e-03
1.834332710132002831e-03
1.797951990738511086e-03
1.773286145180463791e-03
1.140511943958699703e-03
9.772824123501777649e-04
1.406593248248100281e-03
1.384485512971878052e-03
1.794125884771347046e-03
2.587145660072565079e-03
2.480296650901436806e-03
2.680350793525576591e-03
2.798866014927625656e-03
3.930232953280210495e-03
4.491682164371013641e-03
4.535557236522436142e-03
5.179498344659805298e-03
5.687944591045379639e-03
6.566715426743030548e-03
5.560066550970077515e-03
5.183228291571140289e-03
5.483229644596576691e-03
5.227579269558191299e-03
6.212221924215555191e-03
4.227634519338607788e-03
4.240647889673709869e-03
3.728059818968176842e-03
4.340087063610553741e-03
3.974532242864370346e-03
4.085978493094444275e-03
3.659860230982303619e-03
3.887774189934134483e-03
3.948878962546586990e-03
3.377747489139437675e-03
3.723949426785111427e-03
3.395754145458340645e-03
3.503089537844061852e-03
3.079293295741081238e-03
3.327075159177184105e-03
2.882365137338638306e-03
2.827512333169579506e-03
2.526333089917898178e-03
2.546189818531274796e-03
2.674075774848461151e-03
2.994732465595006943e-03
2.417907118797302246e-03
2.946050371974706650e-03
3.130214521661400795e-03
3.457678481936454773e-03
4.005602095276117325e-03
4.273048136383295059e-03
4.221561364829540253e-03
4.442377947270870209e-03
5.791677162051200867e-03
6.121371872723102570e-03
5.029530264437198639e-03
4.976629279553890228e-03
3.903092117980122566e-03
4.071566276252269745e-03
5.128176882863044739e-03
4.339380189776420593e-03
4.382038023322820663e-03
4.575586412101984024e-03
4.745562560856342316e-03
4.071590490639209747e-03
4.092835355550050735e-03
3.839475568383932114e-03
4.601350519806146622e-03
4.778610542416572571e-03
3.811259521171450615e-03
3.162596840411424637e-03
2.521113026887178421e-03
1.820176723413169384e-03
2.504270058125257492e-03
2.916042227298021317e-03
2.685092156752943993e-03
3.104086033999919891e-03
3.869624342769384384e-03
5.679248832166194916e-03
7.398563437163829803e-03
7.203259039670228958e-03
7.264449261128902435e-03
8.747981861233711243e-03
9.188246913254261017e-03
1.026770472526550293e-02
1.033217459917068481e-02
1.246172841638326645e-02
1.309989392757415771e-02
1.314669474959373474e-02
1.422986947000026703e-02
1.586017757654190063e-02
1.495590619742870331e-02
1.607620902359485626e-02
1.424551568925380707e-02
1.480486989021301270e-02
1.653909310698509216e-02
1.869545876979827881e-02
1.888002641499042511e-02
1.666611991822719574e-02
1.610171794891357422e-02
1.706967689096927643e-02
1.600955426692962646e-02
1.795618049800395966e-02
2.014442533254623413e-02
1.719075441360473633e-02
1.885311864316463470e-02
1.891792938113212585e-02
1.839907281100749969e-02
1.921113394200801849e-02
1.692028902471065521e-02
1.640957221388816833e-02
1.386465691030025482e-02
1.593888923525810242e-02
1.628405041992664337e-02
1.621145009994506836e-02
1.602085866034030914e-02
1.601329818367958069e-02
1.589724235236644745e-02
1.506713777780532837e-02
1.471157092601060867e-02
1.363008283078670502e-02
1.376128941774368286e-02
1.421137992292642593e-02
1.443090289831161499e-02
1.505398750305175781e-02
1.392889302223920822e-02
1.291700825095176697e-02
1.326322183012962341e-02
1.303561218082904816e-02
1.234624069184064865e-02
1.229678280651569366e-02
1.020040735602378845e-02
1.020040921866893768e-02
1.020041387528181076e-02
1.020041666924953461e-02
1.020042039453983307e-02
1.020042225718498230e-02
1.020042225718498230e-02
1.020042225718498230e-02
1.020042225718498230e-02
1.020042225718498230e-02
