0.000000000000000000e+00
0.000000000000000000e+00
0.000000000000000000e+00
0.000000000000000000e+00
0.000000000000000000e+00
0.000000000000000000e+00
0.000000000000000000e+00
0.000000000000000000e+00
0.000000000000000000e+00
0.000000000000000000e+00
0.000000000000000000e+00
0.000000000000000000e+00
0.000000000000000000e+00
0.000000000000000000e+00
0.000000000000000000e+00
0.000000000000000000e+00
0.000000000000000000e+00
0.000000000000000000e+00
0.000000000000000000e+00
0.000000000000000000e+00
1.518648624197708527e-22
6.535568900289945304e-06
3.185073001077398658e-05
8.698340388946235180e-05
1.699784043012186885e-04
2.395299088675528765e-04
4.806839860975742340e-04
5.649434751830995083e-04
6.880772998556494713e-04
1.217449549585580826e-03
1.704020658507943153e-03
2.785392804071307182e-03
4.822845570743083954e-03
6.069412454962730408e-03
8.565649390220642090e-03
9.200358763337135315e-03
9.758938103914260864e-03
7.265861146152019501e-03
7.147892378270626068e-03
7.246620021760463715e-03
6.613632664084434509e-03
7.610365748405456543e-03
9.341560304164886475e-03
9.375298395752906799e-03
9.578250348567962646e-03
1.174742262810468674e-02
1.550945453345775604e-02
1.275454834103584290e-02
1.233305782079696655e-02
1.207629498094320297e-02
1.258897781372070312e-02
1.143404655158519745e-02
1.147439423948526382e-02
1.435734983533620834e-02
1.605716347694396973e-02
1.592260599136352539e-02
1.775927469134330750e-02
1.848700270056724548e-02
1.818946748971939087e-02
1.764146983623504639e-02
1.029330026358366013e-02
1.354432012885808945e-02
1.063527446240186691e-02
1.675087213516235352e-02
1.651890203356742859e-02
1.785651966929435730e-02
1.797410473227500916e-02
1.729922927916049957e-02
1.322280149906873703e-02
1.657862216234207153e-02
1.652613282203674316e-02
1.869229599833488464e-02
2.242478542029857635e-02
2.039583213627338409e-02
1.857963204383850098e-02
9.674670174717903137e-03
1.161902863532304764e-02
1.171811111271381378e-02
1.692890375852584839e-02
1.310301944613456726e-02
1.459026150405406952e-02
1.326756924390792847e-02
1.718562096357345581e-02
1.546982955187559128e-02
1.347934268414974213e-02
1.354698836803436279e-02
1.812648586928844452e-02
2.134792692959308624e-02
1.773147657513618469e-02
2.074058726429939270e-02
2.488360367715358734e-02
1.730199158191680908e-02
2.115548588335514069e-02
1.888456195592880249e-02
1.637374982237815857e-02
2.226855233311653137e-02
1.740870252251625061e-02
1.532343961298465729e-02
1.855383627116680145e-02
2.015005238354206085e-02
1.883235573768615723e-02
1.956177130341529846e-02
1.669773645699024200e-02
1.946556195616722107e-02
1.979555562138557434e-02
1.730191707611083984e-02
1.838302239775657654e-02
1.781264692544937134e-02
2.012468129396438599e-02
2.050452120602130890e-02
2.217236161231994629e-02
2.097172476351261139e-02
1.866090670228004456e-02
2.231060713529586792e-02
1.851369254291057587e-02
2.047355473041534424e-02
2.072441577911376953e-02
1.640851609408855438e-02
2.035462483763694763e-02
2.083327621221542358e-02
1.802307926118373871e-02
1.769470795989036560e-02
2.313429489731788635e-02
1.876597106456756592e-02
1.634154468774795532e-02
1.823220774531364441e-02
1.986200176179409027e-02
2.201813086867332458e-02
1.767632365226745605e-02
1.648948714137077332e-02
1.758131943643093109e-02
1.895372942090034485e-02
2.276000007987022400e-02
1.767994649708271027e-02
1.860844343900680542e-02
1.781349629163742065e-02
1.841942965984344482e-02
1.798615045845508575e-02
1.940326951444149017e-02
1.891089603304862976e-02
1.950743421912193298e-02
1.864917948842048645e-02
1.816295087337493896e-02
1.812780089676380157e-02
1.826329156756401062e-02
1.854835078120231628e-02
1.856977120041847229e-02
1.842522993683815002e-02
1.860838755965232849e-02
1.893657818436622620e-02
1.904531195759773254e-02
1.957657933235168457e-02
2.011823654174804688e-02
1.955803297460079193e-02
2.016731537878513336e-02
1.652309298515319824e-02
1.755000092089176178e-02
1.566956564784049988e-02
1.481137238442897797e-02
1.442770846188068390e-02
1.442771404981613159e-02
1.442771963775157928e-02
1.442772243171930313e-02
1.442772150039672852e-02
1.442771963775157928e-02
1.442772056907415390e-02
1.442771963775157928e-02
1.442771963775157928e-02
1.442771963775157928e-02
1.442771870642900467e-02
1.442771870642900467e-02
1.442771870642900467e-02
1.442771777510643005e-02
1.442771777510643005e-02
1.442771777510643005e-02
1.442771777510643005e-02
1.442771777510643005e-02
1.442771777510643005e-02
1.442771777510643005e-02
1.442771777510643005e-02
1.442771777510643005e-02
1.442771684378385544e-02
1.442771684378385544e-02
1.442771777510643005e-02
1.442771684378385544e-02
1.442771591246128082e-02
1.442771591246128082e-02
1.442771591246128082e-02
1.442771591246128082e-02
1.442771591246128082e-02
1.442771591246128082e-02
1.442771684378385544e-02
1.442771591246128082e-02
1.442771684378385544e-02
1.442771684378385544e-02
1.442771684378385544e-02
1.442771684378385544e-02
1.442771684378385544e-02
1.442771777510643005e-02
1.442771684378385544e-02
1.442771777510643005e-02
1.442771777510643005e-02
1.442771777510643005e-02
1.442771777510643005e-02
1.442771777510643005e-02
1.442771777510643005e-02
1.442771777510643005e-02
1.442771870642900467e-02
1.442771870642900467e-02
1.442771963775157928e-02
1.442771870642900467e-02
1.442771870642900467e-02
1.442771963775157928e-02
1.442771870642900467e-02
1.442771870642900467e-02
1.442771963775157928e-02
1.442771963775157928e-02
1.442771963775157928e-02
1.442771963775157928e-02
1.442771963775157928e-02
1.442771963775157928e-02
1.442772056907415390e-02
1.442771963775157928e-02
