7.817795267328619957e-05
7.002213533269241452e-05
5.524823063751682639e-05
4.942932719131931663e-05
3.968419696320779622e-05
3.261342499172315001e-05
2.585746915428899229e-05
2.131087967427447438e-05
1.736553349473979324e-05
1.460644034523284063e-05
1.125247035815846175e-05
8.717921446077525616e-06
6.157915777293965220e-06
4.521260962064843625e-06
3.427620413276599720e-06
3.968228702433407307e-05
3.763290806091390550e-05
2.210279853898100555e-05
2.946512904600240290e-05
2.570137075963430107e-05
2.694697286642622203e-05
2.414346636214759201e-05
1.917780537041835487e-05
1.609931496204808354e-05
1.449113642593147233e-05
1.254656490345951170e-05
1.628772406547795981e-05
7.198908065220166463e-07
0.000000000000000000e+00
1.876163047143108997e-08
0.000000000000000000e+00
1.605067882337607443e-05
1.615269284229725599e-04
4.683015868067741394e-04
8.074360666796565056e-04
7.890192791819572449e-04
5.336699541658163071e-04
1.185586559586226940e-03
1.172666437923908234e-03
1.542272279039025307e-03
1.754763303324580193e-03
2.310936106368899345e-03
2.063930965960025787e-03
3.027014434337615967e-03
2.447645412757992744e-03
2.232045633718371391e-03
1.894892659038305283e-03
2.995030488818883896e-03
2.426415216177701950e-03
2.248703269287943840e-03
2.222238807007670403e-03
2.245469018816947937e-03
3.136093262583017349e-03
2.684700768440961838e-03
1.683554030023515224e-03
1.538582262583076954e-03
2.691160654649138451e-03
3.431206103414297104e-03
2.865578047931194305e-03
2.185155171900987625e-03
2.307007322087883949e-03
2.439114265143871307e-03
2.119079930707812309e-03
2.284785965457558632e-03
2.625486813485622406e-03
2.872967626899480820e-03
3.103844355791807175e-03
3.533848794177174568e-03
3.721857676282525063e-03
3.062898758798837662e-03
2.258154796436429024e-03
1.605875557288527489e-03
1.940430025570094585e-03
2.581187058240175247e-03
4.197819624096155167e-03
2.247216179966926575e-03
3.626585006713867188e-03
3.646163037046790123e-03
2.729180268943309784e-03
2.615250181406736374e-03
4.024125169962644577e-03
3.924797289073467255e-03
4.676807671785354614e-03
3.492515766993165016e-03
2.357863821089267731e-03
2.268298063427209854e-03
2.943660132586956024e-03
3.915285691618919373e-03
3.727965522557497025e-03
2.767480676993727684e-03
4.546456970274448395e-03
4.724259488284587860e-03
2.781311981379985809e-03
3.486449830234050751e-03
3.543668426573276520e-03
4.250560887157917023e-03
4.475412424653768539e-03
4.666873253881931305e-03
4.750358872115612030e-03
4.007574170827865601e-03
5.137983709573745728e-03
3.093865700066089630e-03
2.953784074634313583e-03
2.195511944591999054e-03
3.291141474619507790e-03
3.507961984723806381e-03
2.905523870140314102e-03
2.786657307296991348e-03
4.078274127095937729e-03
3.559448989108204842e-03
3.640374634414911270e-03
3.263761987909674644e-03
2.972062211483716965e-03
4.375311080366373062e-03
4.177659749984741211e-03
6.143976002931594849e-03
6.041689775884151459e-03
8.524334058165550232e-03
5.863583646714687347e-03
5.774138495326042175e-03
7.705643307417631149e-03
9.198196232318878174e-03
8.144254796206951141e-03
1.109800860285758972e-02
9.064424782991409302e-03
9.355060756206512451e-03
6.970024667680263519e-03
6.028979085385799408e-03
5.539054982364177704e-03
5.507837980985641479e-03
5.883134901523590088e-03
5.750994663685560226e-03
5.597036331892013550e-03
3.726741531863808632e-03
3.845227649435400963e-03
4.364120308309793472e-03
3.801042214035987854e-03
4.379821009933948517e-03
4.683120176196098328e-03
6.761835422366857529e-03
6.746244616806507111e-03
5.213784985244274139e-03
6.796618923544883728e-03
6.781095638871192932e-03
6.825753953307867050e-03
5.256254225969314575e-03
5.167239345610141754e-03
2.998311538249254227e-03
4.135684110224246979e-03
3.715435042977333069e-03
4.003246314823627472e-03
6.256196647882461548e-03
4.623540211468935013e-03
3.966204822063446045e-03
4.113812465220689774e-03
5.144927185028791428e-03
6.166154518723487854e-03
6.250579841434955597e-03
8.094924502074718475e-03
8.524209260940551758e-03
8.865744806826114655e-03
9.362474083900451660e-03
7.104526273906230927e-03
3.872288856655359268e-03
4.640449769794940948e-03
5.390832200646400452e-03
6.124160252511501312e-03
7.675581611692905426e-03
5.936542525887489319e-03
3.933853935450315475e-03
5.626719444990158081e-03
5.553082562983036041e-03
5.024960730224847794e-03
3.172645578160881996e-03
4.724781028926372528e-03
5.735901650041341782e-03
3.570401575416326523e-03
4.097871482372283936e-03
3.439527703449130058e-03
4.678505938500165939e-03
5.781240295618772507e-03
7.746847346425056458e-03
8.382786065340042114e-03
6.364889442920684814e-03
9.176735766232013702e-03
8.153593167662620544e-03
1.227244641631841660e-02
1.324907504022121429e-02
1.203969679772853851e-02
1.125415787100791931e-02
1.218508929014205933e-02
1.084429956972599030e-02
1.267244853079319000e-02
1.266224961727857590e-02
1.263909228146076202e-02
1.249609701335430145e-02
1.155787799507379532e-02
1.319939922541379929e-02
1.720006577670574188e-02
1.101223193109035492e-02
1.419494487345218658e-02
1.105287577956914902e-02
1.089600101113319397e-02
1.299771014600992203e-02
1.490714214742183685e-02
1.253598090261220932e-02
7.958103902637958527e-03
6.890987977385520935e-03
6.695655640214681625e-03
5.773621611297130585e-03
4.609496798366308212e-03
4.387838765978813171e-03
6.545882672071456909e-03
6.275772117078304291e-03
5.027423612773418427e-03
5.245603621006011963e-03
8.087934926152229309e-03
3.364187199622392654e-03
2.154998946934938431e-03
1.579899340867996216e-03
3.220983315259218216e-03
4.012106452137231827e-03
3.194860415533185005e-03
1.254020724445581436e-03
2.338256221264600754e-03
1.956533174961805344e-03
1.987633761018514633e-03
4.196367226541042328e-03
1.388119300827383995e-03
6.295164930634200573e-04
1.301431562751531601e-03
6.572896963916718960e-04
1.868467661552131176e-03
1.858403091318905354e-03
6.110515678301453590e-04
5.428550648503005505e-04
7.137231295928359032e-04
0.000000000000000000e+00
0.000000000000000000e+00
0.000000000000000000e+00
0.000000000000000000e+00
0.000000000000000000e+00
0.000000000000000000e+00
0.000000000000000000e+00
0.000000000000000000e+00
0.000000000000000000e+00
0.000000000000000000e+00
0.000000000000000000e+00
0.000000000000000000e+00
