0.000000000000000000e+00
0.000000000000000000e+00
0.000000000000000000e+00
0.000000000000000000e+00
0.000000000000000000e+00
0.000000000000000000e+00
0.000000000000000000e+00
0.000000000000000000e+00
0.000000000000000000e+00
0.000000000000000000e+00
0.000000000000000000e+00
0.000000000000000000e+00
0.000000000000000000e+00
0.000000000000000000e+00
0.000000000000000000e+00
0.000000000000000000e+00
0.000000000000000000e+00
0.000000000000000000e+00
0.000000000000000000e+00
0.000000000000000000e+00
0.000000000000000000e+00
0.000000000000000000e+00
0.000000000000000000e+00
0.000000000000000000e+00
0.000000000000000000e+00
0.000000000000000000e+00
0.000000000000000000e+00
0.000000000000000000e+00
2.119134820709390370e-16
1.000119292937640125e-10
1.244638042408041656e-06
1.305944124396773987e-06
1.091005856324045453e-06
1.076180296877282672e-06
9.299892553826794028e-07
2.029674305958906189e-06
1.322077605436788872e-05
1.358657027594745159e-05
1.312060248892521486e-05
1.777179568307474256e-05
2.342574771319050342e-05
3.146963717881590128e-05
2.597348429844714701e-05
2.266253068228252232e-05
2.554827369749546051e-05
1.857076676969882101e-05
1.765152774169109762e-05
1.968768083315808326e-05
3.369942714925855398e-05
3.268785803811624646e-05
3.501446190057322383e-05
3.289252344984561205e-05
2.753825174295343459e-05
2.651642716955393553e-05
2.585998299764469266e-05
2.357562334509566426e-05
1.998716834350489080e-05
1.853147477959282696e-05
1.918555426527746022e-05
1.801312100724317133e-05
1.778905789251439273e-05
1.758152211550623178e-05
1.956980668182950467e-05
1.990773489524144679e-05
1.818018063204362988e-05
1.607688682270236313e-05
1.395828257955145091e-05
1.251294816029258072e-05
1.188367969007231295e-05
2.319588384125381708e-05
1.683243317529559135e-05
1.555673588882200420e-05
1.474678447266342118e-05
1.113001690100645646e-05
8.099208571366034448e-06
5.819420493935467675e-06
4.432626610650913790e-06
3.006430233654100448e-06
1.976454086616286077e-06
1.497019866292248480e-06
1.148324486166529823e-06
7.641056640750321094e-07
4.766861252392118331e-07
3.117420988019148353e-07
3.341608021401043516e-07
4.892998504146817140e-07
4.794524102180730551e-07
5.832920351167558692e-07
5.711443691325257532e-07
5.293410936246800702e-07
4.969480187355657108e-07
4.769307224705698900e-07
4.362091772236453835e-07
3.821565996986464597e-07
3.141159936603798997e-07
2.389917312939360272e-07
1.664134288148488849e-07
1.064514947302086512e-07
6.442609645773700322e-08
4.005772780146799050e-08
3.172642948356951820e-08
3.120597824590731761e-08
3.395392411675857147e-08
6.415875475340726553e-08
1.667310982611525105e-07
2.868272872547095176e-07
3.478050700778112514e-07
3.662578365037916228e-07
3.523191480780951679e-07
3.131524692889797734e-07
2.592452403860079357e-07
2.341853502230151207e-07
4.880117216998769436e-07
1.337522689937031828e-06
2.415412609479972161e-06
2.923145530075998977e-06
3.212565843568881974e-06
3.348477093823021278e-06
3.154930709570180625e-06
2.676435315152048133e-06
2.156636810468626209e-06
1.692847035883460194e-06
1.348125692857138347e-06
2.275895212733303197e-06
2.328731534362304956e-05
3.261322854086756706e-05
5.017366129322908819e-05
3.891310552717186511e-05
4.819665991817601025e-05
8.824640826787799597e-05
7.924923556856811047e-05
7.740721048321574926e-05
8.743547368794679642e-05
1.049853890435770154e-04
9.138922905549407005e-05
9.633936861064285040e-05
8.236758003477007151e-05
7.954454486025497317e-05
7.511072908528149128e-05
6.430382200051099062e-05
5.646744102705270052e-05
5.784588211099617183e-05
4.979769073543138802e-05
4.312655073590576649e-05
5.077374225948005915e-05
6.715842755511403084e-05
8.659237937536090612e-05
9.632266301196068525e-05
1.043251832015812397e-04
1.049835409503430128e-04
7.857632590457797050e-05
7.695102249272167683e-05
7.755908882245421410e-05
7.525319961132481694e-05
6.016105544404126704e-05
4.789984086528420448e-05
2.823297654686030000e-05
2.177791066060308367e-05
2.037845843005925417e-05
1.952889215317554772e-05
1.830105975386686623e-05
1.720321051834616810e-05
1.501701353845419362e-05
1.310174502577865496e-05
1.102904207073152065e-05
8.367250302399042994e-06
7.052746695990208536e-06
5.972874532744754106e-06
9.334256901638582349e-06
1.388758300890913233e-05
1.902137410070281476e-05
2.025204776145983487e-05
2.267643139930441976e-05
2.169857543776743114e-05
1.749830335029400885e-05
1.614907523617148399e-05
1.723790956020820886e-05
1.498092751717194915e-05
1.378706929244799539e-05
1.160160900326445699e-04
1.094733670470304787e-04
9.643012890592217445e-05
1.172345218947157264e-04
1.273095404030755162e-04
1.017795584630221128e-04
8.496468217344954610e-05
7.718007691437378526e-05
8.628097566543146968e-05
1.099857909139245749e-04
1.264065067516639829e-04
1.830579421948641539e-04
1.773792173480615020e-04
1.480244536651298404e-04
1.633566280361264944e-04
1.501213992014527321e-04
1.806834188755601645e-04
1.373573177261278033e-04
1.065330434357747436e-04
9.176204912364482880e-05
8.126976899802684784e-05
7.678906695218756795e-05
7.714374078204855323e-05
9.742652036948129535e-05
1.089544966816902161e-04
1.202857019961811602e-04
9.160897752735763788e-05
7.039251067908480763e-05
5.188643990550190210e-05
3.416767140151932836e-05
3.267594001954421401e-05
3.518281300785019994e-05
9.876455442281439900e-05
7.617969095008447766e-05
6.936984573258087039e-05
6.203174416441470385e-05
6.320869579212740064e-05
6.618379848077893257e-05
6.702607788611203432e-05
6.548601231770589948e-05
6.147296517156064510e-05
5.118994886288419366e-05
4.464003359316848218e-05
4.000590706709772348e-05
3.577500319806858897e-05
3.803529398282989860e-05
5.193963443161919713e-05
5.047323793405666947e-05
5.562273872783407569e-05
7.878143514972180128e-05
9.441791189601644874e-05
1.028216356644406915e-04
9.984617645386606455e-05
1.079512294381856918e-04
1.290224172407761216e-04
1.219236728502437472e-04
1.065195538103580475e-04
1.158499944722279906e-04
1.150745374616235495e-04
1.307437487412244081e-04
1.485198881709948182e-04
2.033233758993446827e-04
1.874658046290278435e-04
1.606121222721412778e-04
1.576004433445632458e-04
1.332935498794540763e-04
1.750595110934227705e-04
1.806399086490273476e-04
2.056050725514069200e-04
2.051059273071587086e-04
