5.048487946623936296e-05
4.361839819466695189e-05
4.535798871074803174e-05
3.703162292367778718e-05
2.831942038028500974e-05
1.883133154478855431e-05
1.288242583541432396e-05
7.986889613675884902e-06
4.966052529198350385e-06
3.956625732826068997e-06
2.447216047585243359e-06
1.270441089218365960e-06
7.390998462142306380e-07
2.144186055375030264e-07
-2.369817195813084254e-07
-5.080572691440465860e-07
0.000000000000000000e+00
0.000000000000000000e+00
0.000000000000000000e+00
0.000000000000000000e+00
0.000000000000000000e+00
0.000000000000000000e+00
0.000000000000000000e+00
0.000000000000000000e+00
0.000000000000000000e+00
1.251559733645990491e-04
1.102320456993766129e-04
3.567189269233494997e-04
8.903714478947222233e-04
3.998921252787113190e-03
6.782762706279754639e-03
2.812486700713634491e-02
5.341514572501182556e-02
6.679975986480712891e-02
9.155236184597015381e-02
1.108264997601509094e-01
1.270439922809600830e-01
9.784173965454101562e-02
9.476999938488006592e-02
8.960277587175369263e-02
8.347415924072265625e-02
1.002894043922424316e-01
1.216597631573677063e-01
1.306039839982986450e-01
1.375724971294403076e-01
1.728093624114990234e-01
2.222433239221572876e-01
1.711282134056091309e-01
1.518944054841995239e-01
1.430648267269134521e-01
1.531714051961898804e-01
1.350687444210052490e-01
1.393516957759857178e-01
1.866093724966049194e-01
2.153760045766830444e-01
1.830430924892425537e-01
2.054116427898406982e-01
2.079306542873382568e-01
1.706010252237319946e-01
1.405881345272064209e-01
6.307130306959152222e-02
9.823812544345855713e-02
5.958896502852439880e-02
1.251435577869415283e-01
1.300840079784393311e-01
1.490757018327713013e-01
1.558058112859725952e-01
1.251065582036972046e-01
7.455632090568542480e-02
1.107466667890548706e-01
1.043357476592063904e-01
1.311313509941101074e-01
1.556441187858581543e-01
1.275670826435089111e-01
1.056887358427047729e-01
2.175801619887351990e-02
3.437975421547889709e-02
3.578038886189460754e-02
9.202285110950469971e-02
4.790886119008064270e-02
6.254178285598754883e-02
5.284849181771278381e-02
6.755958497524261475e-02
6.378389149904251099e-02
4.317281395196914673e-02
4.346662014722824097e-02
6.826272606849670410e-02
1.045023947954177856e-01
8.586937189102172852e-02
9.321135282516479492e-02
1.082765534520149231e-01
5.290839821100234985e-02
9.225156158208847046e-02
7.137942314147949219e-02
4.799015820026397705e-02
8.787970989942550659e-02
4.549892619252204895e-02
2.893273718655109406e-02
4.801135882735252380e-02
5.170718580484390259e-02
5.365464091300964355e-02
4.118648171424865723e-02
2.757274359464645386e-02
3.406624123454093933e-02
3.890347853302955627e-02
1.564012467861175537e-02
2.790631167590618134e-02
1.650092564523220062e-02
3.088475763797760010e-02
4.226491600275039673e-02
5.911650508642196655e-02
5.197153240442276001e-02
2.260264940559864044e-02
4.900534451007843018e-02
1.877264678478240967e-02
3.229815140366554260e-02
3.555700555443763733e-02
6.373511161655187607e-03
2.565969899296760559e-02
3.066884167492389679e-02
1.594779081642627716e-02
7.231166120618581772e-03
3.121719695627689362e-02
1.298666838556528091e-02
2.074585994705557823e-03
9.754328988492488861e-03
1.402982883155345917e-02
3.122295439243316650e-02
5.262035876512527466e-03
5.680323811247944832e-04
4.058142658323049545e-03
7.597950287163257599e-03
3.107465244829654694e-02
3.205459099262952805e-03
5.034025292843580246e-03
2.962339902296662331e-03
4.518563859164714813e-03
2.658616751432418823e-03
6.382510531693696976e-03
6.473887246102094650e-03
8.469548076391220093e-03
4.196752328425645828e-03
5.655261920765042305e-04
0.000000000000000000e+00
0.000000000000000000e+00
0.000000000000000000e+00
6.810182821936905384e-05
0.000000000000000000e+00
0.000000000000000000e+00
0.000000000000000000e+00
0.000000000000000000e+00
2.182119496865198016e-04
1.305275596678256989e-03
3.808710607700049877e-04
6.722551770508289337e-04
6.342179141938686371e-03
1.150443963706493378e-02
5.190518219023942947e-03
1.792440074495971203e-03
0.000000000000000000e+00
0.000000000000000000e+00
0.000000000000000000e+00
0.000000000000000000e+00
0.000000000000000000e+00
0.000000000000000000e+00
0.000000000000000000e+00
0.000000000000000000e+00
0.000000000000000000e+00
0.000000000000000000e+00
0.000000000000000000e+00
0.000000000000000000e+00
0.000000000000000000e+00
0.000000000000000000e+00
0.000000000000000000e+00
0.000000000000000000e+00
0.000000000000000000e+00
0.000000000000000000e+00
0.000000000000000000e+00
0.000000000000000000e+00
0.000000000000000000e+00
0.000000000000000000e+00
0.000000000000000000e+00
0.000000000000000000e+00
0.000000000000000000e+00
0.000000000000000000e+00
0.000000000000000000e+00
0.000000000000000000e+00
0.000000000000000000e+00
0.000000000000000000e+00
0.000000000000000000e+00
0.000000000000000000e+00
0.000000000000000000e+00
0.000000000000000000e+00
0.000000000000000000e+00
0.000000000000000000e+00
0.000000000000000000e+00
0.000000000000000000e+00
0.000000000000000000e+00
0.000000000000000000e+00
0.000000000000000000e+00
0.000000000000000000e+00
0.000000000000000000e+00
0.000000000000000000e+00
0.000000000000000000e+00
0.000000000000000000e+00
0.000000000000000000e+00
0.000000000000000000e+00
0.000000000000000000e+00
0.000000000000000000e+00
0.000000000000000000e+00
0.000000000000000000e+00
0.000000000000000000e+00
0.000000000000000000e+00
0.000000000000000000e+00
0.000000000000000000e+00
0.000000000000000000e+00
0.000000000000000000e+00
0.000000000000000000e+00
0.000000000000000000e+00
0.000000000000000000e+00
0.000000000000000000e+00
0.000000000000000000e+00
0.000000000000000000e+00
