5.048487946623936296e-05
4.360603270470164716e-05
4.534246181719936430e-05
3.703322727233171463e-05
2.828184005920775235e-05
1.884177072497550398e-05
1.278674972127191722e-05
7.934943823784124106e-06
5.101905571791576222e-06
4.298849489714484662e-06
2.656808646861463785e-06
1.524346544101717882e-06
9.031375611812109128e-07
3.071076832839025883e-07
-2.396371314716816414e-07
-5.800274038847419433e-07
0.000000000000000000e+00
0.000000000000000000e+00
0.000000000000000000e+00
0.000000000000000000e+00
0.000000000000000000e+00
0.000000000000000000e+00
0.000000000000000000e+00
0.000000000000000000e+00
0.000000000000000000e+00
0.000000000000000000e+00
0.000000000000000000e+00
0.000000000000000000e+00
0.000000000000000000e+00
0.000000000000000000e+00
0.000000000000000000e+00
0.000000000000000000e+00
0.000000000000000000e+00
0.000000000000000000e+00
0.000000000000000000e+00
0.000000000000000000e+00
0.000000000000000000e+00
0.000000000000000000e+00
0.000000000000000000e+00
0.000000000000000000e+00
0.000000000000000000e+00
0.000000000000000000e+00
0.000000000000000000e+00
0.000000000000000000e+00
0.000000000000000000e+00
0.000000000000000000e+00
0.000000000000000000e+00
0.000000000000000000e+00
9.676969057181850076e-07
1.088628960133064538e-05
1.105975115933688357e-05
6.567864147655200213e-06
9.428202247363515198e-06
1.660709131101612002e-05
2.645478161866776645e-05
2.139320531568955630e-05
1.615811561350710690e-05
1.265074934053700417e-05
9.424765266885515302e-06
6.851030775578692555e-06
5.495357981999404728e-06
4.163382072874810547e-06
3.078299869230249897e-06
2.137302544724661857e-06
1.231331225426401943e-06
3.356458364578429610e-07
-3.322808197481208481e-07
-3.310538545520103071e-07
0.000000000000000000e+00
0.000000000000000000e+00
1.161617547040805221e-06
3.839472384470354882e-08
0.000000000000000000e+00
0.000000000000000000e+00
2.630975473039143253e-07
1.027434848310804227e-07
0.000000000000000000e+00
0.000000000000000000e+00
0.000000000000000000e+00
0.000000000000000000e+00
0.000000000000000000e+00
0.000000000000000000e+00
0.000000000000000000e+00
0.000000000000000000e+00
0.000000000000000000e+00
3.391585323697654530e-07
0.000000000000000000e+00
0.000000000000000000e+00
0.000000000000000000e+00
0.000000000000000000e+00
0.000000000000000000e+00
0.000000000000000000e+00
1.057491317624226213e-06
3.625762929004849866e-06
4.604743935487931594e-06
4.896408881904790178e-06
3.812198656305554323e-06
1.159146222562412731e-06
0.000000000000000000e+00
0.000000000000000000e+00
5.327514145392342471e-07
0.000000000000000000e+00
0.000000000000000000e+00
0.000000000000000000e+00
0.000000000000000000e+00
0.000000000000000000e+00
0.000000000000000000e+00
0.000000000000000000e+00
0.000000000000000000e+00
0.000000000000000000e+00
0.000000000000000000e+00
0.000000000000000000e+00
9.491448508924804628e-06
6.620013664360158145e-06
0.000000000000000000e+00
1.018537077470682561e-04
0.000000000000000000e+00
0.000000000000000000e+00
3.151182227156823501e-06
1.164853438240243122e-05
4.849552169616799802e-06
0.000000000000000000e+00
2.033262353506870568e-05
4.444809746928513050e-05
1.134218473453074694e-04
1.483293308410793543e-04
1.046912875608541071e-04
2.942545397672802210e-04
1.483021478634327650e-04
7.534326869063079357e-05
1.247322070412337780e-04
7.196681690402328968e-05
4.993158654542639852e-05
6.832728104200214148e-05
1.348685909761115909e-04
2.173384418711066246e-04
2.229394012829288840e-04
1.962108071893453598e-04
1.700880093267187476e-04
1.636645029066130519e-04
1.485648972447961569e-04
1.312873937422409654e-04
1.076484186341986060e-04
7.935081521281972528e-05
5.121401773067191243e-05
2.831393248925451189e-05
1.250181321665877476e-05
3.717329036589944735e-06
8.983386123873060569e-08
-1.733445401441713329e-06
-3.065875716856680810e-06
-3.016089976881630719e-06
-7.778587587381480262e-07
7.192804332589730620e-06
1.217804401676403359e-05
9.914405382005497813e-06
5.994884304527658969e-06
2.329847575310850516e-06
9.623930736779584549e-07
3.273586557384078333e-08
9.773558673487059423e-08
-2.599201209818602365e-08
1.829911070672096685e-06
3.587047331166104414e-06
4.270767476555192843e-06
0.000000000000000000e+00
6.976887334531056695e-08
0.000000000000000000e+00
0.000000000000000000e+00
0.000000000000000000e+00
0.000000000000000000e+00
0.000000000000000000e+00
0.000000000000000000e+00
0.000000000000000000e+00
0.000000000000000000e+00
0.000000000000000000e+00
0.000000000000000000e+00
0.000000000000000000e+00
0.000000000000000000e+00
0.000000000000000000e+00
0.000000000000000000e+00
0.000000000000000000e+00
0.000000000000000000e+00
0.000000000000000000e+00
1.353951574856182560e-06
0.000000000000000000e+00
0.000000000000000000e+00
0.000000000000000000e+00
0.000000000000000000e+00
0.000000000000000000e+00
0.000000000000000000e+00
0.000000000000000000e+00
2.656249264987309289e-08
0.000000000000000000e+00
7.979239740052435081e-07
0.000000000000000000e+00
0.000000000000000000e+00
0.000000000000000000e+00
2.325815330550540239e-06
2.044403117906767875e-06
1.034941192301630508e-06
1.053322830557590351e-05
1.048869762598769739e-05
7.366616046056151390e-07
7.586389756397693418e-07
3.329438982291321736e-07
1.689160882278883946e-07
2.953640887426445261e-06
0.000000000000000000e+00
2.478274836903437972e-06
0.000000000000000000e+00
0.000000000000000000e+00
0.000000000000000000e+00
0.000000000000000000e+00
0.000000000000000000e+00
0.000000000000000000e+00
0.000000000000000000e+00
0.000000000000000000e+00
0.000000000000000000e+00
0.000000000000000000e+00
0.000000000000000000e+00
0.000000000000000000e+00
0.000000000000000000e+00
0.000000000000000000e+00
0.000000000000000000e+00
0.000000000000000000e+00
0.000000000000000000e+00
0.000000000000000000e+00
0.000000000000000000e+00
0.000000000000000000e+00
0.000000000000000000e+00
0.000000000000000000e+00
0.000000000000000000e+00
0.000000000000000000e+00
0.000000000000000000e+00
0.000000000000000000e+00
0.000000000000000000e+00
0.000000000000000000e+00
0.000000000000000000e+00
0.000000000000000000e+00
0.000000000000000000e+00
0.000000000000000000e+00
0.000000000000000000e+00
0.000000000000000000e+00
0.000000000000000000e+00
0.000000000000000000e+00
0.000000000000000000e+00
0.000000000000000000e+00
0.000000000000000000e+00
