1.523711325717158616e-04
2.079115147353149951e-04
2.016252110479399562e-04
1.123197944252751768e-04
1.093244100047741085e-04
1.343925650871824473e-04
9.695034714241046458e-05
6.540413596667349339e-05
6.668697460554540157e-05
3.502745494188275188e-05
6.188267434481531382e-05
1.321033296335372142e-04
2.348578527744393796e-04
2.730814221649779938e-04
3.848629132789938012e-04
4.118244796700309962e-04
5.375310865929350257e-04
4.086961780558340251e-04
3.211918065062491223e-04
4.394373390823602676e-04
5.003041078452952206e-04
2.883348497562110424e-04
2.572824960225261748e-04
2.506831842765677720e-04
2.960954861919162795e-04
2.243418048237799667e-04
2.138190993719035760e-04
1.922000210470287129e-04
1.675347557466011494e-04
1.565234579175012186e-04
1.801920570869697258e-04
1.548381897009676322e-04
1.825452204684552271e-04
2.098057523198804120e-04
2.004642046813387424e-04
2.035480811173329130e-04
1.893914668471552432e-04
1.531351808807812631e-04
1.417881594534264877e-04
1.447929680580273271e-04
1.291873304580803961e-04
1.154172277892939746e-04
1.100156950997188687e-04
5.711081757908686996e-05
5.308131585479713976e-05
6.723643127770628780e-05
6.376686724252067506e-05
5.624426557915285230e-05
4.478367918636649847e-05
4.626210966307553463e-05
6.124557330622337759e-05
6.639036837441381067e-05
6.357112943078391254e-05
5.779607181466417387e-05
5.259513181954389438e-05
4.836639072891557589e-05
4.524364067037822679e-05
3.881940210703760386e-05
3.125275179627351463e-05
2.782185629257583059e-05
1.651527727517532185e-04
1.162942753580864519e-04
9.621126127967727371e-05
7.691941755183506757e-05
5.470902215165551752e-05
4.599625162882148288e-05
3.465245720235543558e-05
2.663923402224099846e-05
2.405116160275611037e-05
2.019784487572451326e-05
1.460864057634125857e-05
1.179361777126075594e-05
9.937364261247694230e-06
8.912324659604564658e-06
3.063972567929340585e-05
4.034465017355159944e-05
3.923173770203902677e-05
3.962917614330763172e-05
3.687937868335211533e-05
3.544716589942709106e-05
2.979960038373974385e-05
3.404496555958758108e-05
2.541222056606784463e-05
2.229945857834536582e-05
2.940290141850709915e-05
2.388393659202847630e-05
2.145399412256665528e-05
1.801067929818600533e-05
1.740495372359873727e-05
1.741036624025582569e-05
2.685120034584542736e-05
5.006836181564722210e-05
8.134884228638838977e-05
1.255444658454507589e-04
1.362852331112662796e-04
1.425280936473427573e-04
1.550543620396638289e-04
5.925945242779562250e-05
5.063265368221436802e-05
4.204152355669066310e-05
6.462657802330795676e-05
6.801207280204835115e-05
8.003366383491083980e-05
9.454124665353447199e-05
8.819151844363659620e-05
8.870510646374896169e-05
7.429831020999699831e-05
6.547047814819961786e-05
7.888444815762341022e-05
7.474139420082792640e-05
5.835024421685375273e-05
4.762746539199724793e-05
4.873386569670401514e-05
5.906242586206644773e-05
6.288264557952061296e-05
5.587566556641831994e-05
4.459340198081918061e-05
4.148382868152111769e-05
4.334846016718074679e-05
4.619459650712087750e-05
4.408691529533825815e-05
4.197147791273891926e-05
3.764617576962336898e-05
3.235043550375849009e-05
2.578008570708334446e-05
2.026040419877972454e-05
1.558654548716731369e-05
1.147368857346009463e-05
1.190394891636969987e-05
1.096460164262680337e-05
1.929611789819318801e-05
3.122176985925761983e-05
6.369720722432248294e-05
9.735547655509435572e-05
6.843790015409467742e-05
1.438800481992075220e-04
1.478908088756725192e-04
2.075776355923153460e-04
2.710301632760092616e-04
3.022185264853760600e-04
4.205501900287345052e-04
2.689179527806118131e-04
3.672715829452499747e-04
3.510935639496892691e-04
3.650627913884818554e-04
3.195173485437408090e-04
1.945853218785487115e-04
1.873877918114885688e-04
2.004142006626352668e-04
1.815621144487522542e-04
1.604859462531749159e-04
1.122079920605756342e-04
1.135731317845056765e-04
1.823838833843183238e-04
1.185424871437135153e-04
1.783945551778742811e-04
1.826571242418140173e-04
1.932466548169031739e-04
1.159143430413678288e-04
7.779823158671206329e-05
3.344323340570554137e-05
9.111440158449113369e-05
1.255817915080115199e-04
1.181418629130348563e-04
1.648967590881511569e-04
3.452391247265040874e-04
4.870916600339114666e-04
7.522859377786517143e-04
6.940508192201377824e-04
8.129576453939080238e-04
1.000454153654573020e-03
1.364459516480565071e-03
1.024770201183855534e-03
6.745038554072380066e-04
5.815401091240346432e-04
3.576045855879783630e-04
2.569012649473734200e-04
2.512168537407433178e-04
2.770814026007428765e-04
3.205930806871037930e-04
3.349087892274837941e-04
3.319369043310871348e-04
3.631303770816884935e-04
3.255346600781194866e-04
2.746171867329394445e-04
2.965186577057465911e-04
3.075607382925227284e-04
3.335143264848738909e-04
3.487530921120196581e-04
3.392781945876777172e-04
3.445333568379282951e-04
2.718812029343098402e-04
2.207721190643496811e-04
1.759787191986106336e-04
1.533201648271642625e-04
1.365292337140999734e-04
1.096084670280106366e-04
9.220328865922056139e-05
7.914560046629048884e-05
6.743903213646262884e-05
5.090442573418840766e-05
4.292796074878424406e-05
3.662489143607672304e-05
3.121682311757467687e-05
2.900181698350934312e-05
3.351523309902404435e-05
2.978368536332709482e-05
2.479002620248138555e-05
2.132806682197951886e-05
1.996155933170484786e-05
1.784681391114872895e-05
1.543928439140529463e-05
1.885154220815365989e-05
2.262209917525126457e-05
3.846173471089286977e-05
2.442169216010370292e-05
4.186121222460315039e-05
4.921429216864225964e-05
7.940698637298737594e-05
7.228612676257739622e-05
1.204694170340303572e-04
2.918522427002301356e-04
1.842971453189790054e-04
2.733676314008448571e-04
3.578226224050240489e-04
2.215421130031813846e-04
2.355688225819108084e-04
2.369381594622410603e-04
2.535601343716109568e-04
2.291453148970390430e-04
2.515600052372946038e-04
1.864187432971675662e-04
2.158751001388736768e-04
1.959128167072776705e-04
1.849422496889019385e-04
1.661798996792640537e-04
1.583906168889370747e-04
1.472937510698102415e-04
1.375013762299204245e-04
1.313254724664147943e-04
1.240932642758707516e-04
1.089804172806907445e-04
9.209858399117365479e-05
8.203956167562864721e-05
6.785403229514486156e-05
5.573914040724048391e-05
4.717054389402619563e-05
3.983221040471107699e-05
3.280438386354944669e-05
