0.000000000000000000e+00
0.000000000000000000e+00
0.000000000000000000e+00
0.000000000000000000e+00
0.000000000000000000e+00
0.000000000000000000e+00
0.000000000000000000e+00
0.000000000000000000e+00
0.000000000000000000e+00
0.000000000000000000e+00
0.000000000000000000e+00
0.000000000000000000e+00
0.000000000000000000e+00
0.000000000000000000e+00
0.000000000000000000e+00
0.000000000000000000e+00
0.000000000000000000e+00
0.000000000000000000e+00
0.000000000000000000e+00
0.000000000000000000e+00
0.000000000000000000e+00
0.000000000000000000e+00
0.000000000000000000e+00
0.000000000000000000e+00
1.967675477415400272e-25
2.961246008422318102e-22
2.529159782090405177e-19
3.740080066650671537e-16
2.662457291080499999e-06
1.158330633188597858e-05
9.781591870705597103e-06
2.248567943752277642e-05
2.855173261195886880e-05
3.691277379402890801e-05
7.911417196737602353e-05
1.570790773257613182e-04
2.203537442255765200e-04
3.595801535993814468e-04
3.634394379332661629e-04
4.589135060086846352e-04
4.491379368118941784e-04
6.150064291432499886e-04
1.041908864863216877e-03
9.212973527610301971e-04
9.863780578598380089e-04
1.532101654447615147e-03
1.805825857445597649e-03
2.154330955818295479e-03
2.184486947953701019e-03
2.587079070508480072e-03
3.448216244578361511e-03
3.661706112325191498e-03
4.902774933725595474e-03
5.178865045309066772e-03
5.180751904845237732e-03
4.946956411004066467e-03
4.693178925663232803e-03
5.350721068680286407e-03
3.901123534888029099e-03
3.288375912234187126e-03
3.078800626099109650e-03
2.848188858479261398e-03
3.442991292104125023e-03
3.521217266097664833e-03
3.299637231975793839e-03
3.345246426761150360e-03
3.568357089534401894e-03
3.460572566837072372e-03
3.297306131571531296e-03
3.475499805063009262e-03
3.136935643851757050e-03
3.455225611105561256e-03
3.592171939089894295e-03
3.783514257520437241e-03
3.754044882953166962e-03
3.274515271186828613e-03
3.150634467601776123e-03
3.124801907688379288e-03
3.222493221983313560e-03
3.325329395011067390e-03
3.457395359873771667e-03
3.678901586681604385e-03
3.345848759636282921e-03
3.831319976598024368e-03
4.023234359920024872e-03
3.607743419706821442e-03
4.542568232864141464e-03
4.270710982382297516e-03
4.843323957175016403e-03
5.539975129067897797e-03
5.481747444719076157e-03
6.239347625523805618e-03
5.691615398973226547e-03
6.287612020969390869e-03
7.041192613542079926e-03
7.099300622940063477e-03
7.727268151938915253e-03
6.550191435962915421e-03
6.379313301295042038e-03
6.605255883187055588e-03
7.406265940517187119e-03
6.511312443763017654e-03
6.615331862121820450e-03
5.939223803579807281e-03
5.164186935871839523e-03
5.642973817884922028e-03
6.035735365003347397e-03
6.110456772148609161e-03
7.087151519954204559e-03
5.923000164330005646e-03
5.544162355363368988e-03
4.865739028900861740e-03
4.681828897446393967e-03
4.410322755575180054e-03
4.001085180789232254e-03
5.069496575742959976e-03
4.545820411294698715e-03
4.759563598781824112e-03
4.170183558017015457e-03
5.432969424873590469e-03
4.627082496881484985e-03
3.839619457721710205e-03
3.952700644731521606e-03
3.630643943324685097e-03
3.497836412861943245e-03
4.106588661670684814e-03
4.010683391243219376e-03
3.203199245035648346e-03
3.007499035447835922e-03
2.725962549448013306e-03
2.293467521667480469e-03
1.975129824131727219e-03
1.772661576978862286e-03
1.643839757889509201e-03
1.690705772489309311e-03
1.912560779601335526e-03
2.304750494658946991e-03
1.747871399857103825e-03
2.004824113100767136e-03
1.967262011021375656e-03
2.324705943465232849e-03
3.081379458308219910e-03
3.229487221688032150e-03
2.701000543311238289e-03
3.122279187664389610e-03
3.164677415043115616e-03
3.901856020092964172e-03
4.816704895347356796e-03
5.392699036747217178e-03
5.727923009544610977e-03
5.795825272798538208e-03
7.166697643697261810e-03
9.942906908690929413e-03
8.678901940584182739e-03
9.715928696095943451e-03
1.037960499525070190e-02
9.805654175579547882e-03
9.681346826255321503e-03
9.620016440749168396e-03
8.847597986459732056e-03
9.615422226488590240e-03
9.732114151120185852e-03
1.058526337146759033e-02
1.096581574529409409e-02
1.014340110123157501e-02
9.806176647543907166e-03
1.061802729964256287e-02
9.331569075584411621e-03
9.355080313980579376e-03
9.880485013127326965e-03
1.135622244328260422e-02
1.389610394835472107e-02
1.220235973596572876e-02
1.244958397001028061e-02
1.240145042538642883e-02
1.427730917930603027e-02
1.705395057797431946e-02
1.916591078042984009e-02
2.107930555939674377e-02
2.219267562031745911e-02
1.999459043145179749e-02
2.294130064547061920e-02
2.214362286031246185e-02
2.533258497714996338e-02
2.134003303945064545e-02
2.454697899520397186e-02
1.757227070629596710e-02
2.081748843193054199e-02
2.633734233677387238e-02
3.448330238461494446e-02
3.637655451893806458e-02
3.754630684852600098e-02
3.040532208979129791e-02
2.882853522896766663e-02
2.819915115833282471e-02
2.688353136181831360e-02
2.502455003559589386e-02
2.099857479333877563e-02
1.878732442855834961e-02
2.165308594703674316e-02
1.992583833634853363e-02
1.876012980937957764e-02
1.903512701392173767e-02
2.157836593687534332e-02
1.673596724867820740e-02
1.696162670850753784e-02
1.458247657865285873e-02
1.510400231927633286e-02
1.412068679928779602e-02
1.282159984111785889e-02
1.606943830847740173e-02
1.490274071693420410e-02
1.561500784009695053e-02
1.419204473495483398e-02
1.524044293910264969e-02
1.378293335437774658e-02
1.513699814677238464e-02
1.688257791101932526e-02
1.476979069411754608e-02
1.480594556778669357e-02
1.444640569388866425e-02
1.363289635628461838e-02
1.228101365268230438e-02
