7.817795267328619957e-05
7.001807534834370017e-05
5.525287269847467542e-05
4.943315798300318420e-05
3.971675323555245996e-05
3.262078098487108946e-05
2.612649404909461737e-05
2.166977719753049314e-05
1.770351991581264883e-05
1.438337130821309984e-05
1.084926771000027657e-05
8.141985745169222355e-06
5.613860139419557527e-06
4.013180387119064108e-06
3.063059011765290052e-06
3.963519338867627084e-05
3.776708035729825497e-05
2.263487294840160757e-05
2.944036532426252961e-05
2.730761843849904835e-05
2.880727697629481554e-05
2.462435440975241363e-05
1.920190334203653038e-05
1.753711330820806324e-05
1.581154720042832196e-05
1.356215580017305911e-05
1.444086956325918436e-05
1.359493398922495544e-05
1.389477984048426151e-05
1.258635802514618263e-05
1.287847408093512058e-05
9.750715435075107962e-06
6.794753971917089075e-06
1.795783100533299148e-05
2.074086114589590579e-05
6.907108763698488474e-05
6.331722397590056062e-05
4.423298378242179751e-05
6.641856452915817499e-05
8.031020115595310926e-05
1.085502954083494842e-04
1.251881185453385115e-04
1.093165774364024401e-04
9.383673022966831923e-05
1.014777953969314694e-04
1.022697833832353354e-04
9.745454008225351572e-05
8.798435737844556570e-05
7.650928455404937267e-05
6.809225305914878845e-05
5.931968917138874531e-05
4.998668009648099542e-05
4.217492096358910203e-05
3.673452374641783535e-05
2.913885509769897908e-05
2.456369111314415932e-05
2.068353569484315813e-05
1.726545087876729667e-05
1.386771873512770981e-05
1.063555737346177921e-05
8.130222340696491301e-06
6.126863809186033905e-06
4.199381692160386592e-06
2.822323494910961017e-06
1.807360376915312372e-06
1.096189862437313423e-06
8.026929208426736295e-06
8.228383376263082027e-05
7.908517727628350258e-05
9.396822861162945628e-05
1.114229817176237702e-04
1.033892476698383689e-04
1.262270670849829912e-04
1.057661283994093537e-04
5.214457632973790169e-05
1.453265394957270473e-05
2.725209196796640754e-05
2.837136526068206877e-05
2.777394365693908185e-05
3.448891948210075498e-05
2.736811620707157999e-05
6.460680742748081684e-05
8.182816236512735486e-05
9.146434604190289974e-05
8.136294491123408079e-05
7.367863145191222429e-05
7.605777500430122018e-05
8.134261588566005230e-05
6.192405271576717496e-05
5.945657903794199228e-05
5.796531331725418568e-05
4.876360617345198989e-05
4.169923340668901801e-05
3.598111288738436997e-05
3.475295670796185732e-05
3.049532460863701999e-05
2.929273614427074790e-05
2.841784953488968313e-05
1.894188426376786083e-05
1.929768041009083390e-05
2.328016489627771080e-05
7.231583367683924735e-06
5.723288268200121820e-06
1.212998631672235206e-05
1.593012711964547634e-05
2.797847992042079568e-05
4.349492519395425916e-05
3.619980998337268829e-05
1.557998803036753088e-05
2.945828236988745630e-05
3.154976730002090335e-05
4.975765477865934372e-05
4.946712942910380661e-05
3.866507540806196630e-05
2.834912720572901890e-06
6.084638152970001101e-05
7.041268418106483296e-06
4.531192189460853115e-06
4.570363671518862247e-05
9.196358587360009551e-05
5.351881191018037498e-05
9.836730896495282650e-05
1.243071164935827255e-04
1.017759059322997928e-04
1.799248566385358572e-04
2.401809324510395527e-04
1.798084995243698359e-04
1.526849518995732069e-04
1.405231305398046970e-04
1.613316708244383335e-04
1.673898368608206511e-04
1.706035982351750135e-04
1.870356936706230044e-04
1.989867450902238488e-04
1.890194107545539737e-04
1.683535811025649309e-04
1.294364046771079302e-04
1.003799770842306316e-04
9.144100476987659931e-05
7.898900366853922606e-05
6.888077768962830305e-05
5.549571869778446853e-05
4.454654845176264644e-05
3.640840441221371293e-05
3.048939652217086405e-05
2.490753831807523966e-05
1.895931927720084786e-05
1.385656196362106130e-05
9.915100235957652330e-06
7.034598638711031526e-06
9.755458449944853783e-06
4.841890040552243590e-05
6.016110273776575923e-05
8.370567957172170281e-05
8.234140841523185372e-05
6.650254363194108009e-05
6.792664498789235950e-05
6.890933582326397300e-05
5.996402614982798696e-05
5.784021050203591585e-05
6.209175626281648874e-05
5.915527435718104243e-05
5.640188464894890785e-05
4.101711601833812892e-05
3.928399019059725106e-05
3.947834193240851164e-05
2.707367457333020866e-05
3.288252264610491693e-05
2.298739491379819810e-05
1.483042706240667030e-05
1.725340916891582310e-05
1.710411379463039339e-05
2.244534334749914706e-05
3.231383016100153327e-05
1.462009277020115405e-05
2.284092988702468574e-05
2.458068229316268116e-05
2.543850496294908226e-05
3.056033165194094181e-05
4.037825419800356030e-05
5.934643559157848358e-05
7.224037108244374394e-05
7.008864486124366522e-05
7.231933705043047667e-05
6.217378540895879269e-05
8.993256778921931982e-05
9.348020103061571717e-05
1.027043035719543695e-04
1.042742442223243415e-04
9.755369683261960745e-05
8.809089922579005361e-05
8.745225204620510340e-05
8.931475167628377676e-05
7.063166412990540266e-05
1.138976003858260810e-04
9.690028673503547907e-05
1.061114817275665700e-04
1.262252917513251305e-04
1.426567323505878448e-04
1.672598300501704216e-04
1.160170286311767995e-04
1.129279407905414701e-04
8.380463987123221159e-05
4.217742389300838113e-05
1.626610901439562440e-05
2.537407635827548802e-05
2.412746471236459911e-05
2.604042310849763453e-05
1.735137630021199584e-05
1.047306614054832608e-05
5.579261141974711791e-06
6.406472493836190552e-06
0.000000000000000000e+00
0.000000000000000000e+00
0.000000000000000000e+00
0.000000000000000000e+00
2.633742042235098779e-07
0.000000000000000000e+00
0.000000000000000000e+00
3.666257043732912280e-06
3.316353968330076896e-06
0.000000000000000000e+00
2.840328647835121956e-07
3.182553882652428001e-06
4.100116711924783885e-06
1.491194325353717431e-06
3.087525556111359037e-06
0.000000000000000000e+00
0.000000000000000000e+00
0.000000000000000000e+00
0.000000000000000000e+00
0.000000000000000000e+00
0.000000000000000000e+00
0.000000000000000000e+00
0.000000000000000000e+00
2.834966608133981936e-07
3.993402515334310010e-07
5.138227265888417605e-07
9.310757604907848872e-07
1.219069304170261603e-06
0.000000000000000000e+00
0.000000000000000000e+00
0.000000000000000000e+00
0.000000000000000000e+00
2.499690481272409670e-07
0.000000000000000000e+00
4.549365826278517488e-07
4.494175698255276075e-07
1.055625716617214493e-06
