5.048487946623936296e-05
4.361034370958805084e-05
4.535339030553586781e-05
3.702767571667209268e-05
2.830298217304516584e-05
1.883880395325832069e-05
1.302871714869979769e-05
8.264294592663645744e-06
5.331524334906134754e-06
4.029572664876468480e-06
2.355948026888654567e-06
1.172943484561983496e-06
7.232659413602959830e-07
1.955400534825457726e-07
-2.673331209734897129e-07
-5.494322294907760806e-07
0.000000000000000000e+00
0.000000000000000000e+00
0.000000000000000000e+00
0.000000000000000000e+00
0.000000000000000000e+00
0.000000000000000000e+00
0.000000000000000000e+00
0.000000000000000000e+00
0.000000000000000000e+00
0.000000000000000000e+00
0.000000000000000000e+00
0.000000000000000000e+00
0.000000000000000000e+00
0.000000000000000000e+00
0.000000000000000000e+00
0.000000000000000000e+00
8.255687134806066751e-05
9.148917888524010777e-05
9.530811221338808537e-04
8.283957722596824169e-04
7.215139921754598618e-04
4.067367699462920427e-04
2.418466843664646149e-03
3.823309205472469330e-03
3.393712453544139862e-03
7.205288391560316086e-03
7.123875431716442108e-03
8.822223171591758728e-03
1.167482323944568634e-02
9.820651262998580933e-03
1.826015487313270569e-02
2.529354020953178406e-02
2.586349472403526306e-02
1.888797618448734283e-02
2.053760737180709839e-02
2.949837408959865570e-02
2.939209342002868652e-02
2.749880775809288025e-02
3.199553489685058594e-02
4.350249841809272766e-02
5.212818458676338196e-02
5.239760503172874451e-02
4.509931802749633789e-02
4.799039661884307861e-02
4.230348393321037292e-02
4.355043917894363403e-02
4.006080701947212219e-02
4.048849269747734070e-02
3.918756172060966492e-02
2.873712219297885895e-02
2.469731122255325317e-02
2.452580630779266357e-02
2.395863831043243408e-02
2.774359472095966339e-02
2.752789855003356934e-02
2.944847196340560913e-02
3.285135328769683838e-02
4.203423112630844116e-02
5.128084123134613037e-02
5.119147896766662598e-02
5.641417950391769409e-02
5.839464813470840454e-02
6.522370874881744385e-02
5.471885204315185547e-02
5.079417303204536438e-02
4.612476378679275513e-02
4.883840680122375488e-02
4.587861150503158569e-02
4.623334109783172607e-02
4.864398762583732605e-02
5.646215379238128662e-02
5.304780229926109314e-02
5.226480960845947266e-02
4.903710633516311646e-02
5.180018395185470581e-02
5.931486934423446655e-02
5.481822788715362549e-02
6.142842769622802734e-02
7.015912979841232300e-02
9.863041341304779053e-02
8.606798201799392700e-02
6.780498474836349487e-02
5.813618376851081848e-02
6.579470634460449219e-02
6.688286364078521729e-02
5.275276303291320801e-02
4.753107205033302307e-02
4.748445749282836914e-02
5.258001014590263367e-02
4.910906404256820679e-02
5.052124708890914917e-02
5.764338374137878418e-02
6.040778011083602905e-02
5.359299480915069580e-02
4.598212987184524536e-02
4.993178695440292358e-02
5.273236706852912903e-02
5.542202293872833252e-02
5.112035572528839111e-02
4.842244461178779602e-02
8.147612959146499634e-02
8.891446888446807861e-02
6.849527359008789062e-02
6.801857054233551025e-02
8.986125141382217407e-02
8.822390437126159668e-02
8.838594704866409302e-02
1.075835153460502625e-01
8.459544926881790161e-02
7.384732365608215332e-02
5.538438260555267334e-02
4.506006836891174316e-02
4.825502634048461914e-02
3.751857578754425049e-02
3.951627016067504883e-02
3.666406869888305664e-02
3.595387935638427734e-02
2.841006964445114136e-02
2.647389099001884460e-02
2.545207738876342773e-02
2.289944514632225037e-02
2.386610209941864014e-02
2.543195523321628571e-02
2.883287146687507629e-02
4.071002081036567688e-02
4.387312382459640503e-02
5.243961513042449951e-02
5.553309991955757141e-02
7.157844305038452148e-02
6.593707203865051270e-02
5.238296464085578918e-02
3.278963640332221985e-02
3.208709880709648132e-02
3.615206480026245117e-02
3.793238848447799683e-02
4.688689857721328735e-02
3.017440065741539001e-02
3.307268396019935608e-02
3.504850715398788452e-02
3.423504158854484558e-02
3.506396338343620300e-02
4.911818355321884155e-02
5.400731414556503296e-02
5.986939370632171631e-02
5.426200851798057556e-02
5.933426693081855774e-02
4.963222891092300415e-02
3.442800417542457581e-02
3.174573183059692383e-02
4.146578162908554077e-02
5.963872000575065613e-02
6.717474013566970825e-02
6.204904243350028992e-02
5.424633249640464783e-02
6.326228380203247070e-02
6.966832280158996582e-02
6.211002916097640991e-02
6.175147742033004761e-02
5.745275318622589111e-02
5.174104124307632446e-02
4.642782360315322876e-02
3.975731879472732544e-02
3.987950459122657776e-02
4.249091073870658875e-02
5.417679250240325928e-02
5.599195510149002075e-02
6.865595281124114990e-02
6.705161929130554199e-02
9.311399608850479126e-02
1.051308140158653259e-01
1.411308646202087402e-01
1.429290175437927246e-01
1.339690238237380981e-01
1.297708153724670410e-01
1.203000247478485107e-01
1.181093901395797729e-01
1.200847476720809937e-01
1.312103271484375000e-01
1.232028007507324219e-01
1.086158081889152527e-01
8.912310749292373657e-02
7.804378867149353027e-02
8.850471675395965576e-02
8.274202048778533936e-02
1.015871912240982056e-01
7.557332515716552734e-02
7.311573624610900879e-02
1.132937222719192505e-01
6.426882743835449219e-02
4.251481592655181885e-02
2.871878445148468018e-02
3.154714405536651611e-02
3.433424979448318481e-02
2.521838992834091187e-02
1.395820081233978271e-02
1.216982677578926086e-02
1.823751628398895264e-02
1.807554811239242554e-02
1.754280366003513336e-02
1.344641670584678650e-02
3.960464894771575928e-02
4.522771108895540237e-03
1.451023947447538376e-02
1.022029016166925430e-02
1.878177188336849213e-02
7.935568690299987793e-03
1.076163072139024734e-02
7.792435586452484131e-03
8.998656645417213440e-03
1.128231920301914215e-02
6.349181290715932846e-03
6.651087198406457901e-03
2.745692618191242218e-03
4.731029039248824120e-04
6.803597323596477509e-03
8.726242231205105782e-04
5.122564733028411865e-03
2.282126108184456825e-03
7.890539709478616714e-04
3.841840079985558987e-04
2.164915669709444046e-03
0.000000000000000000e+00
0.000000000000000000e+00
0.000000000000000000e+00
0.000000000000000000e+00
0.000000000000000000e+00
0.000000000000000000e+00
0.000000000000000000e+00
0.000000000000000000e+00
0.000000000000000000e+00
0.000000000000000000e+00
0.000000000000000000e+00
0.000000000000000000e+00
