5.669284146279096603e-04
4.451872664503753185e-04
4.053611482959240675e-04
5.076435627415776253e-04
4.922791849821805954e-04
3.693663165904581547e-04
3.465295594651252031e-04
4.221193958073854446e-04
5.385555559769272804e-04
9.602119680494070053e-04
8.244206546805799007e-04
6.346739246509969234e-04
4.597542574629187584e-04
5.274437717162072659e-04
5.043261335231363773e-04
5.758519255323335528e-04
8.288099343189969659e-04
6.942123291082680225e-04
4.973937902832403779e-04
4.562606554827652872e-04
5.526993918465450406e-04
4.290904616937041283e-04
2.761008436209522188e-04
1.759351362125016749e-04
1.172693991975393146e-04
1.033921980706509203e-04
1.398470558342523873e-04
1.906225406855810434e-04
2.212258841609582305e-04
3.716650535352528095e-04
4.900526546407490969e-04
4.660339618567377329e-04
6.512108520837500691e-04
5.419082735897973180e-04
4.161226752330549061e-04
3.739544990821741521e-04
4.442258868948556483e-04
4.559217522910330445e-04
3.894674664479680359e-04
3.885850428559933789e-04
3.159242556307617633e-04
2.270212235657709243e-04
1.735230325721204281e-04
1.486439286964014173e-04
1.175281140604056418e-04
7.938364433357492089e-05
5.376082117436453700e-05
4.322845052229240537e-05
3.633030792116187513e-05
2.843127549567725509e-05
2.128417690983042121e-05
1.695938772172667086e-05
1.507666934230655897e-05
1.122729493374663434e-05
7.974693289725109935e-06
5.128503289597574621e-06
3.436281531321583316e-06
2.382258116995217279e-06
1.473295696996501647e-06
1.775794355012294545e-04
3.781129277058425942e-05
2.527741389712900855e-05
2.345175184359504783e-05
1.815744348121484109e-05
1.421291048853134953e-05
1.007481324499792663e-05
8.116786115230922860e-06
6.333121722601475767e-06
4.101179456483805552e-06
2.929012225649785250e-06
1.768854872352676466e-06
8.170960654751979746e-07
3.731313427124405280e-07
3.391284735698718578e-06
1.969844197446946055e-05
2.115039023919962347e-05
1.789023372111842036e-05
1.142359906225465238e-05
6.938953902135835961e-06
3.945237949665170163e-06
6.626577123824972659e-05
2.233205304946750402e-04
2.361053193453699350e-04
3.077822402701713145e-04
1.847996682045049965e-04
1.911486069730017334e-04
2.268375992571236566e-04
2.639715276018250734e-04
2.910851899287081324e-04
3.194703531335107982e-04
3.675569023471325636e-04
3.572353016352280974e-04
3.260035300627350807e-04
2.985115716001018882e-04
6.275123450905084610e-04
6.082034087739884853e-04
5.494535434991121292e-04
8.653653785586357117e-04
7.823710620868951082e-04
7.994176121428608894e-04
5.751405551563948393e-04
5.122959264554083347e-04
5.174434045329689980e-04
5.529203772312030196e-04
6.186409736983478069e-04
5.275809162412770092e-04
4.726569677586667240e-04
4.040137500851415098e-04
4.301690059946849942e-04
4.194598441245034337e-04
3.816756507148966193e-04
4.221231065457686782e-04
3.760258259717375040e-04
3.224266984034329653e-04
3.342662275827024132e-04
3.364662989042699337e-04
4.838534368900582194e-04
5.100152939121471718e-04
5.902555094507988542e-04
7.484681600544718094e-04
9.139708022303238977e-04
8.822549184515082743e-04
8.975543363476390368e-04
7.712087930258348933e-04
7.739036489624595561e-04
1.155525254915801270e-03
1.024534535446264272e-03
8.867118405646579049e-04
8.236910061540925199e-04
9.495916515493973975e-04
8.537325064659206930e-04
7.112490711733698845e-04
6.260420195758342743e-04
5.617149872705340385e-04
7.579532684758305550e-04
7.070692422814772726e-04
5.899871284782420844e-04
4.779365399372181855e-04
3.763625682040583342e-04
3.143163958156947047e-04
3.306791904833517037e-04
5.561488778766943142e-04
5.433216865640133619e-04
4.773630062118172646e-04
5.218533187871798873e-04
8.259841852122917771e-04
8.505185833200812340e-04
9.569142130203545094e-04
8.797696646070107818e-04
7.651065243408083916e-04
6.676327902823686600e-04
7.584277482237666845e-04
9.633120789658278227e-04
1.050321501679718494e-03
1.045955490553751588e-03
1.003024372039362788e-03
1.352703664451837540e-03
1.335209177341312170e-03
1.039372815284878016e-03
9.180919150821864605e-04
1.024053199216723442e-03
1.522138743894174695e-03
1.337364345090463758e-03
1.158625062089413404e-03
1.340117480140179396e-03
1.260519697098061442e-03
1.698508625850081444e-03
1.756508892867714167e-03
1.644106057938188314e-03
1.518683217000216246e-03
1.668228826019912958e-03
1.382872898830100894e-03
1.118298881920054555e-03
9.953854896593838930e-04
1.023576973238959908e-03
9.638106857892125845e-04
8.188517531380057335e-04
8.593790407758206129e-04
8.825209515634924173e-04
7.020112243480980396e-04
6.580181652680039406e-04
5.717918975278735161e-04
5.172293313080444932e-04
6.159859767649322748e-04
5.081919953227043152e-04
3.975773142883554101e-04
3.174458979628980160e-04
3.337320158607326448e-04
3.859522412312799133e-04
2.795711010890045145e-04
2.010616652796670678e-04
1.662700421576346343e-04
1.263645099243149161e-04
1.021896086967899464e-04
7.008572316635763855e-05
5.108814714560594439e-05
4.345153138274326921e-05
6.291719910223037004e-05
6.277867942117154598e-05
4.561083187581971288e-05
3.569654290913604200e-05
2.804138603096362203e-05
2.087454777210950851e-05
1.716051519906613976e-05
4.571876343106850982e-05
9.187719842884689569e-05
9.233317541657015681e-05
6.868457421660423279e-05
5.285519728204235435e-05
4.272253863746300340e-05
3.661493974504992366e-05
7.464562077075242996e-05
2.941315178759396076e-04
5.972687504254281521e-04
7.965848781168460846e-04
7.157261716201901436e-04
6.671025184914469719e-04
7.079828064888715744e-04
7.136554922908544540e-04
1.092484453693032265e-03
9.708635625429451466e-04
9.411377832293510437e-04
1.080054906196892262e-03
8.755718262963146925e-04
6.137996968608033788e-04
5.048337208058556458e-04
4.962653579632814865e-04
4.503306396833080391e-04
3.987172689556043540e-04
4.068928543066607935e-04
3.423305461183190346e-04
2.842869434971362352e-04
2.412595313579235512e-04
1.895540057510192167e-04
1.418186996367115649e-04
9.651167029578466838e-05
6.750521896536909594e-05
4.027209129486841732e-05
2.719534747284979570e-05
1.521086414868477732e-05
9.835988748818635941e-06
4.760955562232993543e-06
1.257236817764351144e-06
4.775574780069291592e-07
2.556450340307492297e-07
7.025015236195031321e-08
0.000000000000000000e+00
0.000000000000000000e+00
1.295086633490427630e-07
