0.000000000000000000e+00
0.000000000000000000e+00
0.000000000000000000e+00
0.000000000000000000e+00
0.000000000000000000e+00
0.000000000000000000e+00
0.000000000000000000e+00
0.000000000000000000e+00
0.000000000000000000e+00
0.000000000000000000e+00
0.000000000000000000e+00
0.000000000000000000e+00
0.000000000000000000e+00
0.000000000000000000e+00
0.000000000000000000e+00
1.107064308598637581e-04
2.012643672060221434e-04
1.255475217476487160e-04
6.125263462308794260e-05
7.076840847730636597e-05
1.172399643110111356e-04
8.614404941909015179e-05
5.118564149597659707e-05
3.450863732723519206e-05
2.522167596907820553e-05
2.639480771904345602e-05
3.831562571576796472e-05
6.574470899067819118e-05
1.104224065784364939e-04
1.672109356150031090e-04
2.771827857941389084e-04
2.935321535915136337e-04
2.926524903159588575e-04
2.599201397970318794e-04
2.980676363222301006e-04
3.598432522267103195e-04
7.285149185918271542e-04
6.313980557024478912e-04
6.901519955135881901e-04
8.556033135391771793e-04
7.857760647311806679e-04
6.637106998823583126e-04
4.782155447173863649e-04
3.490247763693332672e-04
2.949197951238602400e-04
1.750049268594011664e-04
1.029154955176636577e-04
6.426514300983399153e-05
2.945347296190448105e-05
2.057995152426883578e-05
7.828743036952801049e-06
2.200820290454430506e-06
2.759583708211721387e-07
3.529753556108516932e-08
0.000000000000000000e+00
0.000000000000000000e+00
0.000000000000000000e+00
0.000000000000000000e+00
0.000000000000000000e+00
0.000000000000000000e+00
0.000000000000000000e+00
0.000000000000000000e+00
0.000000000000000000e+00
0.000000000000000000e+00
0.000000000000000000e+00
0.000000000000000000e+00
0.000000000000000000e+00
0.000000000000000000e+00
3.560488403309136629e-05
4.390848698676563799e-05
1.591385989740956575e-05
5.502885414898628369e-06
7.784908120811451226e-06
7.187746814452111721e-05
5.267494998406618834e-05
2.690697692742105573e-05
1.825100480346009135e-05
1.720593536447267979e-05
1.200704082293668762e-05
9.428764315089210868e-06
8.225691090046893805e-06
6.532566658279392868e-06
5.819059424538863823e-06
4.726255610876251012e-06
3.197802925569703802e-06
2.131976089003728703e-06
1.619376917005865835e-06
1.011095264402683824e-06
6.236459739739075303e-07
3.850420569051493658e-07
1.171218428908105125e-07
5.533461333584455133e-08
2.547168875821625988e-08
1.307677877093738061e-08
8.149326546913471248e-09
6.545711972449907989e-09
6.741136537868896994e-09
9.863903471796220401e-09
1.290452367186389893e-08
2.697087531089437107e-08
2.810834942579276685e-08
1.399650884081893309e-08
0.000000000000000000e+00
0.000000000000000000e+00
0.000000000000000000e+00
0.000000000000000000e+00
0.000000000000000000e+00
0.000000000000000000e+00
0.000000000000000000e+00
0.000000000000000000e+00
0.000000000000000000e+00
0.000000000000000000e+00
0.000000000000000000e+00
8.049615729532888508e-08
7.628448202012805268e-07
8.305811434183851816e-07
8.154091801770846359e-07
8.473226671412703581e-07
9.352052074973471463e-07
1.067515654540329706e-06
1.468649884373007808e-06
1.825870867833145894e-06
1.480697619626880623e-06
3.301123797427862883e-05
1.798482990125194192e-04
3.217347257304936647e-04
4.122413229197263718e-04
2.787470584735274315e-04
4.023803630843758583e-04
7.560940575785934925e-04
7.439273176714777946e-04
6.520840106531977654e-04
6.973125855438411236e-04
1.008726190775632858e-03
7.959806825965642929e-04
7.334014517255127430e-04
5.721569759771227837e-04
4.690675414167344570e-04
3.968591627199202776e-04
3.144311194773763418e-04
2.702107885852456093e-04
2.177291025873273611e-04
1.457401958759874105e-04
1.158023515017703176e-04
2.153673849534243345e-04
2.471926854923367500e-04
3.188890404999256134e-04
3.003489400725811720e-04
2.880557440221309662e-04
2.340638166060671210e-04
2.162255404982715845e-04
1.854728616308420897e-04
2.045977307716384530e-04
2.595563419163227081e-04
2.016995858866721392e-04
1.467949186917394400e-04
1.066535915015265346e-04
8.260681352112442255e-05
6.508027581730857491e-05
5.665899880114011467e-05
3.814219235209748149e-05
2.282053719682153314e-05
1.427049210178665817e-05
8.914392310543917120e-06
5.546335160033777356e-06
1.470833353778289165e-06
4.923362553199694958e-07
8.057852340925819590e-08
8.489672836731187999e-06
2.184355253120884299e-05
2.616788151499349624e-05
1.428155701432842761e-05
1.819050885387696326e-05
8.180772056221030653e-06
2.668402430572314188e-06
6.749234216840704903e-06
8.215392881538718939e-06
5.434450940811075270e-06
3.497357738524442539e-06
5.254387506283819675e-04
5.352603038772940636e-04
5.680300528183579445e-04
7.551892194896936417e-04
9.115257416851818562e-04
6.656149053014814854e-04
5.203155451454222202e-04
4.630402254406362772e-04
5.553745431825518608e-04
6.797357928007841110e-04
7.133284816518425941e-04
9.882097365334630013e-04
8.703299681656062603e-04
8.453966584056615829e-04
8.107924950309097767e-04
5.990747013129293919e-04
4.845210933126509190e-04
4.390924586914479733e-04
3.855443210341036320e-04
2.954790543299168348e-04
2.037445665337145329e-04
1.295576948905363679e-04
8.432955655734986067e-05
6.955124263186007738e-05
6.443925667554140091e-05
6.030570511939004064e-05
4.496724432101473212e-05
3.297751391073688865e-05
2.318766019016038626e-05
1.597266236785799265e-05
1.656186577747575939e-05
1.593005072209052742e-05
3.991728299297392368e-04
3.600282361730933189e-04
2.223046612925827503e-04
1.984260306926444173e-04
1.757905993144959211e-04
1.549412409076467156e-04
1.461359206587076187e-04
1.729283249005675316e-04
1.385396317346021533e-04
1.228227920364588499e-04
1.210340633406303823e-04
1.302972232224419713e-04
1.340525341220200062e-04
2.209619851782917976e-04
3.528759116306900978e-04
2.801113587338477373e-04
2.417524665361270308e-04
4.800333117600530386e-04
5.360079230740666389e-04
5.473029450513422489e-04
4.879045300185680389e-04
5.674638669006526470e-04
7.395613938570022583e-04
7.457627798430621624e-04
6.572591373696923256e-04
6.551919505000114441e-04
6.958231679163873196e-04
8.291105041280388832e-04
1.086746109649538994e-03
1.315522124059498310e-03
1.013661501929163933e-03
8.777499897405505180e-04
7.072064909152686596e-04
5.632066167891025543e-04
3.905464254785329103e-04
2.584291505627334118e-04
2.122200967278331518e-04
2.090082125505432487e-04
