7.817795267328619957e-05
7.002909842412918806e-05
5.526101813302375376e-05
4.943082603858783841e-05
3.972208651248365641e-05
3.263779581175185740e-05
2.623486034281086177e-05
2.166976082662586123e-05
1.763549153110943735e-05
1.434191017324337736e-05
1.085264739231206477e-05
8.122277904476504773e-06
5.612397217191755772e-06
4.018513209302909672e-06
3.078293730141012929e-06
3.963956623920239508e-05
3.792470670305192471e-05
2.247079828521236777e-05
2.940363265224732459e-05
2.723146099015139043e-05
2.906815097958315164e-05
2.465982470312155783e-05
1.904384043882600963e-05
1.758124744810629636e-05
1.552182220621034503e-05
1.278802483284380287e-05
1.194458400277653709e-05
1.354742107650963590e-05
1.920637623697984964e-05
1.841066841734573245e-05
7.158119842642918229e-06
8.868792065186426044e-06
7.572145477752201259e-06
9.354531357530504465e-06
9.083006261789705604e-06
1.713120582280680537e-05
1.053230334946420044e-05
4.327482201915699989e-06
8.920992513594683260e-06
4.394165443954989314e-06
6.695062620565295219e-05
1.983895781449973583e-04
1.703391608316451311e-04
2.222253388026729226e-04
3.144041402265429497e-04
3.245033149141818285e-04
3.252352471463382244e-04
3.506871580611914396e-04
3.696760977618396282e-04
4.175521316938102245e-04
4.197765956632792950e-04
3.760073741432279348e-04
3.168110270053148270e-04
2.439581148792058229e-04
1.865827071014791727e-04
1.352846738882362843e-04
1.165453140856698155e-04
1.110670418711379170e-04
1.015980087686330080e-04
9.267522545997053385e-05
8.302516653202474117e-05
8.051715849433094263e-05
6.578995089512318373e-05
5.123580558574758470e-05
3.834715971606783569e-05
3.031794403796084225e-05
2.371567461523227394e-05
1.529967084934469312e-05
1.725247420836240053e-05
5.771201103925704956e-04
4.264943418093025684e-04
3.205952816642820835e-04
1.556494535179808736e-04
8.301696652779355645e-05
1.227000029757618904e-04
8.552359213354066014e-05
5.018056253902614117e-05
2.885496542148757726e-05
2.424007834633812308e-05
2.090650923491921276e-05
1.730919939291197807e-05
1.569357846165075898e-05
1.404680278938030824e-05
1.233422881341539323e-05
1.236633488588267937e-05
1.296864138566888869e-05
1.251540561497677118e-05
1.142292239819653332e-05
1.041085397446295246e-05
9.521060746919829398e-06
8.512498425261583179e-06
7.330485914280870929e-06
5.911152584303636104e-06
4.702536443801363930e-06
3.868939529638737440e-06
3.275081780884647742e-06
2.668067736522061750e-06
2.160836402254062705e-06
1.704511646494211163e-06
1.400854671373963356e-06
1.498658775744843297e-06
1.660571911088482011e-06
1.794016384337737691e-06
2.491218992872745730e-06
3.086795459239510819e-06
3.437930445215897635e-06
3.373120534888585098e-06
2.845846665877616033e-06
2.241814172521117143e-06
1.900246957120543811e-06
1.725447418721159920e-06
2.858917241610470228e-06
1.287422310269903392e-05
4.599864769261330366e-05
7.304881728487089276e-05
8.505974255967885256e-05
8.823847019812092185e-05
8.850549056660383940e-05
8.011837780941277742e-05
6.506709905806928873e-05
5.093300933367572725e-05
3.934834603569470346e-05
3.160801134072244167e-05
2.610165392979979515e-05
4.775300840265117586e-05
7.373422704404219985e-05
5.069997860118746758e-05
3.654065949376672506e-05
3.492942414595745504e-05
1.305249224969884381e-05
5.293588765198364854e-05
1.083363022189587355e-04
1.247104664798825979e-04
8.279566827695816755e-05
1.729586510919034481e-04
3.509919915813952684e-04
3.083132323808968067e-04
3.265478881075978279e-04
2.883523411583155394e-04
2.542568545322865248e-04
2.389552391832694411e-04
2.400475204922258854e-04
2.372910676058381796e-04
2.137010160367935896e-04
1.688757911324501038e-04
2.706149243749678135e-04
4.034024896100163460e-04
4.745443584397435188e-04
4.832645063288509846e-04
4.110534209758043289e-04
3.296888316981494427e-04
2.996486146003007889e-04
2.229606761829927564e-04
2.354714961256831884e-04
1.864753430709242821e-04
1.470522111048921943e-04
1.153051271103322506e-04
9.509437950327992439e-05
1.063111412804573774e-04
1.180043836939148605e-04
1.219491023221053183e-04
1.240051642525941133e-04
1.131832395913079381e-04
1.030681742122396827e-04
9.334398055216297507e-05
7.655939407413825393e-05
6.925546040292829275e-05
6.140327604953199625e-05
8.762573997955769300e-05
1.214598014485090971e-04
1.774139818735420704e-04
2.128873165929690003e-04
2.491777995601296425e-04
2.503977739252150059e-04
2.082123537547886372e-04
1.847777166403830051e-04
1.901840587379410863e-04
1.600813557161018252e-04
1.431132986908778548e-04
1.599426177563145757e-04
9.019620483741164207e-05
1.280491414945572615e-04
9.684792894404381514e-05
8.183659520000219345e-05
1.464034867240116000e-04
1.342563773505389690e-04
1.336507120868191123e-04
1.020041672745719552e-04
1.425566733814775944e-04
2.564137976150959730e-04
3.982817288488149643e-04
3.907055943273007870e-04
2.519932459108531475e-04
3.838522243313491344e-04
3.947844088543206453e-04
5.894126370549201965e-04
3.281001700088381767e-04
1.882204087451100349e-04
1.910720020532608032e-04
2.035082143265753984e-04
2.132736990461125970e-04
2.592027303762733936e-04
2.851444005500525236e-04
2.789767750073224306e-04
2.429221058264374733e-04
2.319727209396660328e-04
2.002177061513066292e-04
1.537529024062678218e-04
1.409038814017549157e-04
1.197877791128121316e-04
1.215136799146421254e-04
4.348832007963210344e-04
2.629327937029302120e-04
2.305876114405691624e-04
2.110566711053252220e-04
2.551726356614381075e-04
2.414726623101159930e-04
2.229003584943711758e-04
1.997498184209689498e-04
1.845749502535909414e-04
1.444772788090631366e-04
1.113871112465858459e-04
1.007485989248380065e-04
9.381619020132347941e-05
9.652819426264613867e-05
1.355895219603553414e-04
1.844706421252340078e-04
2.414988412056118250e-04
1.885554229374974966e-04
2.438345400150865316e-04
2.506682067178189754e-04
2.519063418731093407e-04
2.317863545613363385e-04
2.857623621821403503e-04
3.303815028630197048e-04
2.858157386071980000e-04
2.881016698665916920e-04
2.370743604842573404e-04
2.340098435524851084e-04
2.272467536386102438e-04
3.713861806318163872e-04
4.911415162496268749e-04
4.281830915715545416e-04
4.709015483967959881e-04
5.603731842711567879e-04
7.213831413537263870e-04
7.420031470246613026e-04
6.621456705033779144e-04
6.663877284154295921e-04
