0.000000000000000000e+00
0.000000000000000000e+00
0.000000000000000000e+00
0.000000000000000000e+00
0.000000000000000000e+00
0.000000000000000000e+00
0.000000000000000000e+00
0.000000000000000000e+00
0.000000000000000000e+00
0.000000000000000000e+00
0.000000000000000000e+00
0.000000000000000000e+00
0.000000000000000000e+00
0.000000000000000000e+00
0.000000000000000000e+00
1.127462601289153099e-04
2.031592302955687046e-04
1.272428489755839109e-04
6.092221155995503068e-05
6.993870192673057318e-05
1.896658213809132576e-04
3.724540001712739468e-04
1.027800375595688820e-03
2.315142657607793808e-03
2.696066163480281830e-03
3.622869262471795082e-03
6.429726723581552505e-03
5.680893547832965851e-03
5.755214020609855652e-03
7.650824263691902161e-03
6.356177385896444321e-03
4.945931490510702133e-03
5.476566962897777557e-03
5.657616071403026581e-03
6.567256059497594833e-03
6.254648789763450623e-03
5.835221149027347565e-03
5.680319853127002716e-03
5.836046300828456879e-03
6.476467009633779526e-03
6.062785629183053970e-03
7.457950152456760406e-03
7.450820878148078918e-03
6.584469228982925415e-03
6.816091481596231461e-03
7.812273688614368439e-03
9.358007460832595825e-03
1.032986585050821304e-02
1.136361435055732727e-02
1.090133655816316605e-02
1.248072274029254913e-02
1.080953422933816910e-02
1.040288805961608887e-02
1.009126938879489899e-02
1.043053716421127319e-02
1.282814703881740570e-02
1.548159681260585785e-02
1.666904613375663757e-02
1.676473207771778107e-02
2.031260356307029724e-02
1.664015650749206543e-02
1.783401705324649811e-02
1.811734959483146667e-02
1.604540459811687469e-02
1.437531039118766785e-02
1.625386252999305725e-02
1.598940417170524597e-02
2.143785916268825531e-02
2.057108655571937561e-02
2.100399136543273926e-02
2.343884482979774475e-02
2.240201458334922791e-02
2.529946714639663696e-02
2.348036691546440125e-02
2.306171692907810211e-02
2.076249383389949799e-02
2.175951004028320312e-02
2.297374233603477478e-02
1.977008208632469177e-02
2.323794364929199219e-02
2.301057614386081696e-02
2.072580531239509583e-02
2.263325266540050507e-02
2.383610419929027557e-02
2.296432852745056152e-02
2.358834072947502136e-02
2.711155451834201813e-02
2.343216910958290100e-02
2.162959612905979156e-02
2.417895197868347168e-02
2.492501586675643921e-02
2.404105849564075470e-02
2.480311319231987000e-02
2.501268684864044189e-02
2.545337751507759094e-02
2.557374723255634308e-02
2.481305040419101715e-02
2.482829615473747253e-02
2.300594747066497803e-02
2.499323710799217224e-02
2.795789018273353577e-02
2.920586243271827698e-02
2.983802370727062225e-02
3.502007946372032166e-02
2.894990891218185425e-02
2.994053997099399567e-02
2.840133756399154663e-02
2.878883853554725647e-02
2.812849730253219604e-02
2.719252184033393860e-02
2.414425835013389587e-02
2.456240914762020111e-02
2.551813796162605286e-02
2.425833418965339661e-02
2.347640693187713623e-02
2.356962487101554871e-02
2.357638627290725708e-02
2.439433149993419647e-02
2.788650617003440857e-02
2.425242960453033447e-02
2.435051649808883667e-02
2.411114424467086792e-02
2.518179826438426971e-02
2.104556933045387268e-02
2.091816440224647522e-02
1.975985616445541382e-02
2.298208698630332947e-02
2.175096608698368073e-02
2.164394222199916840e-02
2.079325541853904724e-02
2.157972380518913269e-02
2.031882852315902710e-02
2.014869265258312225e-02
2.201096341013908386e-02
2.245174348354339600e-02
2.093537338078022003e-02
1.942934095859527588e-02
1.842410117387771606e-02
1.918926090002059937e-02
1.882002130150794983e-02
1.896211504936218262e-02
1.915129274129867554e-02
2.014048770070075989e-02
1.944954320788383484e-02
1.929357275366783142e-02
2.057968825101852417e-02
1.959505304694175720e-02
1.911314576864242554e-02
1.905633881688117981e-02
1.957681402564048767e-02
1.962771080434322357e-02
2.085702680051326752e-02
2.143736183643341064e-02
2.019005082547664642e-02
2.172813937067985535e-02
1.667636819183826447e-02
1.700855419039726257e-02
1.505688764154911041e-02
1.454450096935033798e-02
1.442770846188068390e-02
1.442771404981613159e-02
1.442771963775157928e-02
1.442772243171930313e-02
1.442772150039672852e-02
1.442771963775157928e-02
1.442772056907415390e-02
1.442771963775157928e-02
1.442771963775157928e-02
1.442771963775157928e-02
1.442771870642900467e-02
1.442771870642900467e-02
1.442771870642900467e-02
1.442771777510643005e-02
1.442771777510643005e-02
1.442771777510643005e-02
1.442771777510643005e-02
1.442771777510643005e-02
1.442771777510643005e-02
1.442771777510643005e-02
1.442771777510643005e-02
1.442771777510643005e-02
1.442771684378385544e-02
1.442771684378385544e-02
1.442771777510643005e-02
1.442771684378385544e-02
1.442771591246128082e-02
1.442771591246128082e-02
1.442771591246128082e-02
1.442771591246128082e-02
1.442771591246128082e-02
1.442771591246128082e-02
1.442771684378385544e-02
1.442771591246128082e-02
1.442771684378385544e-02
1.442771684378385544e-02
1.442771684378385544e-02
1.442771684378385544e-02
1.442771684378385544e-02
1.442771777510643005e-02
1.442771684378385544e-02
1.442771777510643005e-02
1.442771777510643005e-02
1.442771777510643005e-02
1.442771777510643005e-02
1.442771777510643005e-02
1.442771777510643005e-02
1.442771777510643005e-02
1.442771870642900467e-02
1.442771870642900467e-02
1.442771963775157928e-02
1.442771870642900467e-02
1.442771870642900467e-02
1.442771963775157928e-02
1.442771870642900467e-02
1.442771870642900467e-02
1.442771963775157928e-02
1.442771963775157928e-02
1.442771963775157928e-02
1.442771963775157928e-02
1.442771963775157928e-02
1.442771963775157928e-02
1.442772056907415390e-02
1.442771963775157928e-02
