0.000000000000000000e+00
0.000000000000000000e+00
0.000000000000000000e+00
0.000000000000000000e+00
0.000000000000000000e+00
0.000000000000000000e+00
0.000000000000000000e+00
0.000000000000000000e+00
0.000000000000000000e+00
0.000000000000000000e+00
0.000000000000000000e+00
0.000000000000000000e+00
0.000000000000000000e+00
0.000000000000000000e+00
0.000000000000000000e+00
1.103254617191851139e-04
2.007893635891377926e-04
1.253740629181265831e-04
6.121252954471856356e-05
7.089191058184951544e-05
1.171618641819804907e-04
8.634953701402992010e-05
5.124061863170936704e-05
3.720942549989558756e-05
3.101659240201115608e-05
6.416706310119479895e-05
1.532766036689281464e-04
1.819071767386049032e-04
1.599077077116817236e-04
1.439435436623170972e-04
2.095944655593484640e-04
2.601359446998685598e-04
2.780149807222187519e-04
2.888500457629561424e-04
2.529278281144797802e-04
1.816629228414967656e-04
1.542872923891991377e-04
3.237543860450387001e-04
3.017190610989928246e-04
2.059597609331831336e-04
1.296555856242775917e-04
6.310708704404532909e-05
4.076752520631998777e-05
3.392541475477628410e-05
1.959272412932477891e-05
1.306011563428910449e-05
9.436984328203834593e-06
4.908046321361325681e-06
3.543410684869741090e-06
1.115699888032395393e-06
5.517092631635023281e-07
1.888114269377183518e-07
1.828476214882357453e-08
0.000000000000000000e+00
0.000000000000000000e+00
0.000000000000000000e+00
0.000000000000000000e+00
0.000000000000000000e+00
0.000000000000000000e+00
0.000000000000000000e+00
0.000000000000000000e+00
0.000000000000000000e+00
0.000000000000000000e+00
0.000000000000000000e+00
0.000000000000000000e+00
0.000000000000000000e+00
2.947974053313373588e-06
1.333437830908223987e-04
1.586403668625280261e-04
1.444733788957819343e-04
1.113824910135008395e-04
9.738033986650407314e-05
6.332978955470025539e-05
1.398128952132537961e-04
3.545438521541655064e-04
2.722350764088332653e-04
2.624373591970652342e-04
2.195379784097895026e-04
2.144393802154809237e-04
3.077780129387974739e-04
3.775958030018955469e-04
4.125692357774823904e-04
3.836068790405988693e-04
2.544502494856715202e-04
1.998557127080857754e-04
1.856780727393925190e-04
1.859915500972419977e-04
1.966609270311892033e-04
1.750604715198278427e-04
1.447897666366770864e-04
1.195015356643125415e-04
1.021087373374029994e-04
8.647106733405962586e-05
7.615807408001273870e-05
6.804188888054341078e-05
6.419250712497159839e-05
5.574398528551682830e-05
4.990928573533892632e-05
4.809506935998797417e-04
4.652457137126475573e-04
3.746687434613704681e-04
3.144420334137976170e-04
2.796458138618618250e-04
3.054300614167004824e-04
4.005729279015213251e-04
4.588331212289631367e-04
5.214591510593891144e-04
7.308357744477689266e-04
6.654947064816951752e-04
6.286957068368792534e-04
6.704844417981803417e-04
8.898313390091061592e-04
9.877326665446162224e-04
8.519518887624144554e-04
8.851939346641302109e-04
7.997493958100676537e-04
7.400526665151119232e-04
6.803042488172650337e-04
5.450350581668317318e-04
4.388936795294284821e-04
4.082408559042960405e-04
3.705329145304858685e-04
3.192082804162055254e-04
2.844376722350716591e-04
1.943377137649804354e-04
1.243887090822681785e-04
1.048233316396363080e-04
1.069812860805541277e-04
1.639459660509601235e-04
1.913360320031642914e-04
1.286154147237539291e-04
7.769988587824627757e-05
3.708939038915559649e-05
1.764109947544056922e-05
8.821773008094169199e-06
6.008899617881979793e-06
4.878424988419283181e-06
3.316318725410383195e-06
1.605249622116389219e-06
5.095147912470565643e-07
1.447927786557556828e-07
1.459677463344632997e-07
9.218582164294275572e-08
4.610555492945422884e-08
0.000000000000000000e+00
0.000000000000000000e+00
0.000000000000000000e+00
0.000000000000000000e+00
0.000000000000000000e+00
0.000000000000000000e+00
2.555059108999557793e-05
1.960551526281051338e-05
2.596960985101759434e-05
2.830886296578682959e-05
2.308991497557144612e-05
3.501685932860709727e-05
4.339485894888639450e-05
3.914081753464415669e-05
3.767807720578275621e-05
6.991664122324436903e-05
1.105427800212055445e-04
1.005616359179839492e-04
6.803654832765460014e-05
8.178573625627905130e-05
1.040901406668126583e-04
1.343406765954568982e-04
3.443885361775755882e-04
4.102531820535659790e-04
4.355950513854622841e-04
4.028796101920306683e-04
3.598404582589864731e-04
3.463448956608772278e-04
4.117438220418989658e-04
6.568089593201875687e-04
5.614728434011340141e-04
4.871560668107122183e-04
4.077206249348819256e-04
3.709903394337743521e-04
3.469979856163263321e-04
3.422773443162441254e-04
2.995368267875164747e-04
2.482804993633180857e-04
2.032340998994186521e-04
2.084583102259784937e-04
2.776879118755459785e-04
2.172019303543493152e-04
1.698941050563007593e-04
1.384948845952749252e-04
1.172653428511694074e-04
9.125747601501643658e-05
7.334563269978389144e-05
5.282492566038854420e-05
4.156684008194133639e-05
2.152468659915030003e-04
2.320981293451040983e-04
2.006767026614397764e-04
1.459068444091826677e-04
1.070903526851907372e-04
9.013288217829540372e-05
1.976874773390591145e-04
3.242988314013928175e-04
2.758013724815100431e-04
2.413081529084593058e-04
5.603384925052523613e-04
5.913687637075781822e-04
4.160058742854744196e-04
3.605672100093215704e-04
5.366023397073149681e-04
5.672347615472972393e-04
4.430524713825434446e-04
5.065251607447862625e-04
4.863301292061805725e-04
8.050791802816092968e-04
5.988044431433081627e-04
4.848692915402352810e-04
4.188123566564172506e-04
3.434258105698972940e-04
3.121104091405868530e-04
2.774971362669020891e-04
2.356950280955061316e-04
3.192349104210734367e-04
3.621968789957463741e-04
2.804301329888403416e-04
2.191707026213407516e-04
1.886667596409097314e-04
1.725705515127629042e-04
2.628437359817326069e-04
2.664588391780853271e-04
2.971020876429975033e-04
2.613197430036962032e-04
2.587128838058561087e-04
3.484695625957101583e-04
2.962668077088892460e-04
2.940468839369714260e-04
2.784253738354891539e-04
2.531545469537377357e-04
2.381739759584888816e-04
2.433777990518137813e-04
4.231875645928084850e-04
4.367177607491612434e-04
3.779497928917407990e-04
3.197906771674752235e-04
2.663019113242626190e-04
2.308649127371609211e-04
1.934327010530978441e-04
1.622186682652682066e-04
1.404886425007134676e-04
1.202923740493133664e-04
1.287044433411210775e-04
